--- Warning: GDB cannot open serial ports accessed as COMx
--- Using \\.\COM5 instead...
--- esp-idf-monitor 1.9.0 on \\.\COM5 115200
--- Quit: Ctrl+] | Menu: Ctrl+T | Help: Ctrl+T followed by Ctrl+H
Executing action: monitor
Running idf_monitor in directory C:\ESP32-CSI-Tool\active_ap
Executing "C:\Espressif\python_env\idf5.5_py3.11_env\Scripts\python.exe C:\Espressif\frameworks\esp-idf-v5.5.4-3\tools/idf_monitor.py -p COM5 -b 115200 --toolchain-prefix xtensa-esp32s3-elf- --target esp32s3 --revision 0 C:\ESP32-CSI-Tool\active_ap\build\active-ap.elf C:\ESP32-CSI-Tool\active_ap\build\bootloader\bootloader.elf --force-color -m 'C:\Espressif\python_env\idf5.5_py3.11_env\Scripts\python.exe' 'C:\Espressif\frameworks\esp-idf-v5.5.4-3\tools\idf.py' '-p' 'COM5'"...
ESP-ROM:esp32s3-20210327
Build:Mar 27 2021
rst:0x1 (POWERON),boot:0x8 (SPI_FAST_FLASH_BOOT)
SPIWP:0xee
mode:DIO, clock div:1
load:0x3fce2820,len:0x14f0
load:0x403c8700,len:0xd24
--- 0x403c8700: _stext at ??:?
load:0x403cb700,len:0x2ef0
entry 0x403c8924
--- 0x403c8924: call_start_cpu0 at C:/Espressif/frameworks/esp-idf-v5.5.4-3/components/bootloader/subproject/main/bootloader_start.c:27
I (24) boot: ESP-IDF v5.5.4 2nd stage bootloader
I (25) boot: compile time Jun 25 2026 19:04:14
I (25) boot: Multicore bootloader
I (25) boot: chip revision: v0.2
I (28) boot: efuse block revision: v1.3
I (31) boot.esp32s3: Boot SPI Speed : 80MHz
I (35) boot.esp32s3: SPI Mode       : DIO
I (39) boot.esp32s3: SPI Flash Size : 2MB
I (43) boot: Enabling RNG early entropy source...
I (47) boot: Partition Table:
I (50) boot: ## Label            Usage          Type ST Offset   Length
I (56) boot:  0 nvs              WiFi data        01 02 00009000 00006000
I (63) boot:  1 phy_init         RF data          01 01 0000f000 00001000
I (69) boot:  2 factory          factory app      00 00 00010000 00100000
I (76) boot: End of partition table
I (79) esp_image: segment 0: paddr=00010020 vaddr=3c0c0020 size=1e414h (123924) map
I (108) esp_image: segment 1: paddr=0002e43c vaddr=3fc9a400 size=01bdch (  7132) load
I (110) esp_image: segment 2: paddr=00030020 vaddr=42000020 size=b082ch (722988) map
I (239) esp_image: segment 3: paddr=000e0854 vaddr=3fc9bfdc size=03320h ( 13088) load
I (242) esp_image: segment 4: paddr=000e3b7c vaddr=40374000 size=1631ch ( 90908) load
I (263) esp_image: segment 5: paddr=000f9ea0 vaddr=50000000 size=00020h (    32) load
I (272) boot: Loaded app from partition at offset 0x10000
I (272) boot: Disabling RNG early entropy source...
I (282) cpu_start: Multicore app
I (291) cpu_start: GPIO 44 and 43 are used as console UART I/O pins
I (292) cpu_start: Pro cpu start user code
I (292) cpu_start: cpu freq: 160000000 Hz
I (293) app_init: Application information:
I (297) app_init: Project name:     active-ap
I (301) app_init: App version:      cce5b1a-dirty
I (305) app_init: Compile time:     Jul  2 2026 19:28:44
I (311) app_init: ELF file SHA256:  509764614...
I (315) app_init: ESP-IDF:          v5.5.4
I (319) efuse_init: Min chip rev:     v0.0
I (322) efuse_init: Max chip rev:     v0.99 
I (326) efuse_init: Chip rev:         v0.2
I (330) heap_init: Initializing. RAM available for dynamic allocation:
I (337) heap_init: At 3FCA4190 len 00045580 (277 KiB): RAM
I (342) heap_init: At 3FCE9710 len 00005724 (21 KiB): RAM
I (347) heap_init: At 3FCF0000 len 00008000 (32 KiB): DRAM
I (352) heap_init: At 600FE000 len 00001FE8 (7 KiB): RTCRAM
I (359) spi_flash: detected chip: generic
I (361) spi_flash: flash io: dio
W (364) spi_flash: Detected size(16384k) larger than the size in the binary image header(2048k). Using the size in the binary image header.
I (377) sleep_gpio: Configure to isolate all GPIO pins in sleep state
I (383) sleep_gpio: Enable automatic switching of GPIO sleep configuration
I (390) main_task: Started on CPU0
I (410) main_task: Calling app_main()








-----------------------
ESP32 CSI Tool Settings
-----------------------
PROJECT_NAME: ACTIVE_AP
CONFIG_ESPTOOLPY_MONITOR_BAUD: 115200
CONFIG_ESP_CONSOLE_UART_BAUDRATE: 115200
IDF_VER: v5.5.4
-----------------------
WIFI_CHANNEL: 6
ESP_WIFI_SSID: testopen
ESP_WIFI_PASSWORD: 
SHOULD_COLLECT_CSI: 1
SHOULD_COLLECT_ONLY_LLTF: 1
SEND_CSI_TO_SERIAL: 1
SEND_CSI_TO_SD: 0
-----------------------








I (460) pp: pp rom version: e7ae62f
I (460) net80211: net80211 rom version: e7ae62f
I (470) wifi:wifi driver task: 3fca9000, prio:23, stack:6656, core=0
I (470) wifi:wifi firmware version: 0947e8b
I (470) wifi:wifi certification version: v7.0
I (470) wifi:config NVS flash: enabled
I (470) wifi:config nano formatting: disabled
I (480) wifi:Init data frame dynamic rx buffer num: 32
I (480) wifi:Init static rx mgmt buffer num: 5
I (490) wifi:Init management short buffer num: 32
I (490) wifi:Init dynamic tx buffer num: 32
I (500) wifi:Init static tx FG buffer num: 2
I (500) wifi:Init static rx buffer size: 2212
I (500) wifi:Init static rx buffer num: 10
I (510) wifi:Init dynamic rx buffer num: 32
I (510) wifi_init: rx ba win: 6
I (510) wifi_init: accept mbox: 6
I (520) wifi_init: tcpip mbox: 32
I (520) wifi_init: udp mbox: 6
I (520) wifi_init: tcp mbox: 6
I (530) wifi_init: tcp tx win: 5760
I (530) wifi_init: tcp rx win: 5760
I (530) wifi_init: tcp mss: 1440
I (540) wifi_init: WiFi IRAM OP enabled
I (540) wifi_init: WiFi RX IRAM OP enabled
W (550) wifi:Affected by the ESP-NOW encrypt num, set the max connection num to 10
I (550) phy_init: phy_version 711,97bcf0a2,Aug 25 2025,19:04:10
I (610) wifi:mode : softAP (10:b4:1d:cc:60:ad)
I (610) wifi:Total power save buffer number: 16
I (610) wifi:Init max length of beacon: 752/752
I (610) wifi:Init max length of beacon: 752/752
I (610) wifi:Set ps type: 0, coexist: 0
I (610) esp_netif_lwip: DHCP server started on interface WIFI_AP_DEF with IP: 192.168.4.1

I (620) Active CSI collection (AP): softap_init finished. SSID:testopen password:
type,role,mac,rssi,rate,sig_mode,mcs,bandwidth,smoothing,not_sounding,aggregation,stbc,fec_coding,sgi,noise_floor,ampdu_cnt,channel,secondary_channel,local_timestamp,ant,sig_len,rx_state,real_time_set,real_timestamp,len,CSI_DATA
I (650) main_task: Returned from app_main()
I (3100) wifi:new:<6,2>, old:<6,2>, ap:<6,2>, sta:<255,255>, prof:6, snd_ch_cfg:0x0
I (3100) wifi:station: 10:b4:1d:cc:60:e0 join, AID=1, bgn, 40D
I (3100) Active CSI collection (AP): station join, AID=1
CSI_DATA,AP,00:00:00:00:00:00,-17,11,0,0,0,0,0,0,0,0,0,-94,0,6,2,3101784,0,14,0,0,2.81255,128,[0 0 0 0 0 0 0 0 0 0 0 0 -14 -10 -13 -10 -14 -10 -13 -10 -13 -9 -13 -9 -13 -9 -12 -8 -13 -8 -13 -8 -13 -8 -13 -7 -13 -7 -12 -7 -12 -6 -13 -6 -12 -5 -13 -5 -12 -5 -13 -5 -13 -5 -13 -4 -13 -4 -13 -5 -13 -4 -13 -4 0 0 -13 -4 -14 -4 -13 -4 -14 -5 -13 -5 -13 -5 -13 -5 -12 -5 -12 -5 -12 -6 -12 -6 -11 -6 -11 -6 -10 -6 -10 -6 -10 -6 -9 -6 -9 -6 -8 -6 -8 -6 -8 -6 -7 -6 -7 -6 -7 -6 -6 -7 -5 -7 0 0 0 0 0 0 0 0 0 0 ]
CSI_DATA,AP,10:B4:1D:CC:60:E0,-17,11,0,0,0,0,0,0,0,0,0,-94,0,6,2,3125434,0,374,0,0,2.85919,128,[0 0 0 0 0 0 0 0 0 0 0 0 -16 6 -15 6 -15 6 -15 6 -15 6 -14 6 -14 6 -14 6 -13 6 -13 6 -13 6 -13 7 -12 6 -12 7 -12 7 -11 7 -11 7 -11 7 -11 7 -11 8 -11 8 -10 8 -11 8 -11 8 -11 8 -11 8 0 0 -11 8 -11 8 -11 8 -11 8 -11 8 -12 7 -12 7 -12 6 -12 6 -12 6 -11 6 -11 5 -11 4 -11 4 -11 4 -10 4 -11 3 -10 3 -10 2 -10 2 -10 1 -10 1 -9 1 -9 0 -9 0 -9 0 0 0 0 0 0 0 0 0 0 0 ]
CSI_DATA,AP,00:00:00:00:00:00,-18,11,0,0,0,0,0,0,0,0,0,-94,0,6,2,3196088,0,14,0,0,2.90549,128,[0 0 0 0 0 0 0 0 0 0 0 0 11 11 11 11 11 11 11 10 11 10 10 10 11 9 11 9 11 9 11 9 10 8 11 8 11 8 11 8 10 7 11 7 10 6 11 7 11 6 11 6 11 6 11 6 11 6 12 6 12 5 12 6 0 0 12 6 12 6 11 6 12 6 11 6 11 7 11 7 11 7 10 7 10 7 10 7 9 7 9 7 8 7 8 7 7 7 7 7 6 7 6 7 6 7 5 7 5 7 5 7 4 7 3 7 3 7 0 0 0 0 0 0 0 0 0 0 ]
CSI_DATA,AP,10:B4:1D:CC:60:E0,-17,11,0,0,0,0,0,0,0,0,0,-94,0,6,2,3197616,0,374,0,0,2.93316,128,[0 0 0 0 0 0 0 0 0 0 0 0 -17 2 -16 2 -16 2 -16 2 -15 3 -15 3 -15 3 -14 3 -14 3 -14 3 -14 3 -14 3 -14 4 -14 4 -13 4 -13 5 -13 5 -12 5 -12 5 -12 6 -13 5 -12 6 -12 6 -12 5 -12 6 -12 6 0 0 -13 6 -12 6 -12 6 -13 5 -13 5 -12 5 -13 5 -13 5 -12 4 -12 4 -13 3 -12 3 -12 3 -12 2 -11 2 -11 2 -11 1 -11 1 -10 1 -10 0 -10 0 -9 0 -9 -1 -9 -1 -9 -2 -8 -2 0 0 0 0 0 0 0 0 0 0 ]
I (3260) esp_netif_lwip: DHCP server assigned IP to a client, IP is: 192.168.4.2
CSI_DATA,AP,00:00:00:00:00:00,-18,11,0,0,0,0,0,0,0,0,0,-94,0,6,2,3268991,0,14,0,0,2.97841,128,[0 0 0 0 0 0 0 0 0 0 0 0 -9 15 -8 14 -8 14 -8 14 -8 14 -7 14 -7 13 -7 14 -6 14 -6 13 -6 13 -6 13 -5 13 -5 13 -5 13 -4 13 -4 13 -4 13 -3 13 -3 13 -3 13 -3 13 -3 13 -3 13 -3 13 -3 14 0 0 -3 14 -3 14 -3 13 -3 13 -3 13 -3 13 -4 13 -4 13 -4 12 -4 12 -4 12 -5 11 -5 11 -5 11 -5 10 -5 10 -5 9 -5 9 -5 8 -6 8 -6 8 -6 7 -6 7 -6 6 -6 6 -7 5 0 0 0 0 0 0 0 0 0 0 ]
CSI_DATA,AP,10:B4:1D:CC:60:E0,-18,11,0,0,0,0,0,0,0,0,0,-94,0,6,2,3269773,0,66,0,0,3.01888,128,[0 0 0 0 0 0 0 0 0 0 0 0 14 -9 14 -9 14 -9 14 -9 13 -9 13 -9 12 -9 12 -10 12 -9 11 -9 11 -9 11 -9 11 -10 10 -10 10 -10 10 -10 9 -10 9 -10 9 -10 8 -11 9 -11 9 -11 8 -11 9 -11 8 -11 9 -11 0 0 9 -11 9 -11 9 -11 9 -11 9 -11 9 -11 9 -10 9 -10 9 -10 9 -9 10 -9 9 -8 10 -8 9 -8 9 -7 9 -7 9 -6 9 -6 8 -6 8 -5 8 -5 8 -4 8 -4 8 -3 8 -3 8 -2 0 0 0 0 0 0 0 0 0 0 ]
CSI_DATA,AP,10:B4:1D:CC:60:E0,-18,11,0,0,0,0,0,0,0,0,0,-94,0,6,2,3763696,0,66,0,0,3.47317,128,[0 0 0 0 0 0 0 0 0 0 0 0 -15 8 -15 7 -15 8 -14 8 -14 8 -13 7 -13 8 -13 8 -13 8 -13 8 -12 8 -12 8 -12 8 -11 8 -11 8 -11 9 -10 8 -10 9 -10 9 -10 9 -10 9 -10 9 -10 10 -10 10 -10 10 -10 10 0 0 -10 10 -10 10 -10 9 -10 10 -10 9 -10 9 -10 9 -11 8 -11 8 -11 8 -11 8 -10 7 -10 6 -10 6 -10 6 -10 5 -10 5 -10 4 -10 4 -10 4 -9 4 -9 3 -9 3 -9 2 -9 1 -9 1 0 0 0 0 0 0 0 0 0 0 ]
CSI_DATA,AP,10:B4:1D:CC:60:E0,-18,11,0,0,0,0,0,0,0,0,0,-94,0,6,2,3963630,0,66,0,0,3.67309,128,[0 0 0 0 0 0 0 0 0 0 0 0 14 8 14 8 14 8 13 7 13 7 13 7 13 6 13 6 13 6 13 5 13 5 13 5 13 5 13 4 12 4 13 4 12 3 12 3 13 3 13 2 13 2 13 2 13 2 13 2 13 2 13 2 0 0 13 2 13 2 13 2 13 3 13 3 13 3 13 3 12 3 12 4 12 4 12 4 11 4 11 4 10 4 10 4 9 4 9 5 9 5 8 5 8 5 7 5 7 5 7 5 6 5 6 5 5 6 0 0 0 0 0 0 0 0 0 0 ]
CSI_DATA,AP,10:B4:1D:CC:60:E0,-18,11,0,0,0,0,0,0,0,0,0,-93,0,6,2,4642017,0,66,0,0,4.35149,128,[0 0 0 0 0 0 0 0 0 0 0 0 10 13 10 13 9 13 9 12 9 12 9 12 9 12 9 11 9 11 9 10 10 10 10 9 10 9 10 9 10 9 10 9 10 9 10 8 10 8 10 8 10 8 10 8 10 8 11 7 11 7 11 7 0 0 11 8 11 8 11 8 10 8 10 8 10 9 9 9 9 9 9 9 9 9 8 9 8 9 8 9 7 9 6 9 6 9 6 8 5 8 5 8 4 8 4 8 3 8 3 8 3 8 2 8 2 8 0 0 0 0 0 0 0 0 0 0 ]
CSI_DATA,AP,00:00:00:00:00:00,-19,9,0,0,0,0,0,0,0,0,0,-93,0,6,2,4668547,0,14,0,0,4.37794,128,[0 0 0 0 0 0 0 0 0 0 0 0 -4 17 -4 16 -3 17 -3 16 -3 16 -3 15 -3 15 -2 15 -2 15 -2 15 -2 14 -1 14 -1 14 -1 14 0 13 0 14 0 13 1 14 1 13 1 13 1 14 1 13 1 14 1 13 1 13 1 13 0 0 1 14 2 14 1 13 1 14 1 14 0 14 0 14 0 13 0 13 -1 13 -1 13 -1 12 -2 12 -2 11 -2 11 -2 11 -3 11 -3 10 -3 10 -3 9 -4 9 -4 9 -4 8 -4 8 -4 7 -5 7 0 0 0 0 0 0 0 0 0 0 ]
CSI_DATA,AP,00:00:00:00:00:00,-18,11,0,0,0,0,0,0,0,0,0,-93,0,6,2,4668730,0,14,0,0,4.41346,128,[0 0 0 0 0 0 0 0 0 0 0 0 -18 -2 -17 -2 -17 -2 -17 -1 -17 -1 -16 -1 -16 -1 -16 -1 -16 0 -15 0 -15 0 -15 1 -15 1 -15 1 -14 1 -14 2 -14 2 -14 2 -14 2 -14 2 -14 2 -14 3 -14 3 -14 3 -14 4 -14 3 0 0 -14 3 -14 3 -14 3 -14 3 -14 3 -14 2 -14 2 -14 1 -14 1 -14 1 -13 1 -13 1 -13 0 -12 0 -12 0 -12 -1 -11 -1 -11 -1 -11 -2 -10 -2 -10 -2 -10 -3 -10 -3 -9 -3 -9 -3 -8 -4 0 0 0 0 0 0 0 0 0 0 ]
CSI_DATA,AP,10:B4:1D:CC:60:E0,-18,11,0,0,0,0,0,0,0,0,0,-93,0,6,2,4669493,0,37,0,0,4.45441,128,[0 0 0 0 0 0 0 0 0 0 0 0 4 16 4 16 4 15 4 15 4 15 4 14 4 14 4 14 4 13 5 13 5 13 5 12 5 12 5 12 6 12 5 12 6 12 6 11 6 11 6 11 7 11 7 11 7 11 7 11 7 11 7 11 0 0 7 11 7 11 7 11 7 11 6 11 6 11 6 12 5 11 5 12 5 11 5 11 4 11 4 11 4 10 3 10 2 10 2 10 2 10 2 9 1 9 1 9 0 9 0 9 0 8 -1 8 -1 8 0 0 0 0 0 0 0 0 0 0 ]
CSI_DATA,AP,10:B4:1D:CC:60:E0,-24,11,1,7,1,1,1,0,0,0,1,-93,0,6,2,4669847,0,68,0,0,4.48916,384,[0 0 0 0 0 0 0 0 0 0 0 0 -10 5 -10 5 -10 5 -9 5 -9 5 -9 5 -9 5 -9 5 -9 5 -8 5 -8 5 -8 5 -7 6 -7 6 -7 6 -7 6 -7 6 -7 6 -6 6 -6 6 -6 6 -6 6 -6 6 -6 7 -6 7 -6 7 0 0 -6 7 -6 7 -6 6 -7 7 -6 6 -6 6 -7 6 -7 6 -7 6 -7 5 -7 5 -7 5 -7 5 -7 4 -7 4 -7 4 -6 4 -6 3 -6 3 -6 3 -6 2 -6 2 -6 2 -6 2 -6 1 -6 1 0 0 0 0 0 0 0 0 0 0 ]
CSI_DATA,AP,10:B4:1D:CC:60:E0,-18,11,0,0,0,0,0,0,0,0,0,-93,0,6,2,4670385,0,37,0,0,4.52462,128,[0 0 0 0 0 0 0 0 0 0 0 0 -10 14 -10 13 -10 14 -9 13 -9 13 -9 13 -8 13 -8 13 -8 13 -8 13 -7 12 -7 13 -7 13 -6 12 -6 12 -6 13 -5 12 -5 13 -5 12 -5 13 -4 13 -4 13 -4 13 -4 13 -4 13 -4 13 0 0 -4 13 -4 13 -4 13 -5 13 -5 13 -5 13 -5 13 -6 12 -6 12 -6 12 -6 11 -6 11 -6 10 -6 10 -6 10 -6 9 -7 9 -7 8 -6 8 -7 7 -7 7 -7 7 -7 6 -7 6 -7 5 -7 5 0 0 0 0 0 0 0 0 0 0 ]
CSI_DATA,AP,10:B4:1D:CC:60:E0,-24,11,1,7,1,1,1,0,0,0,1,-93,0,6,2,4739318,0,68,0,0,4.56372,384,[0 0 0 0 0 0 0 0 0 0 0 0 -10 -7 -9 -7 -9 -7 -9 -7 -9 -6 -9 -6 -9 -6 -9 -6 -9 -6 -9 -5 -9 -5 -9 -5 -9 -5 -9 -5 -9 -5 -9 -4 -9 -4 -9 -4 -9 -4 -9 -4 -9 -4 -9 -4 -9 -4 -9 -3 -9 -3 -9 -3 0 0 -9 -4 -9 -4 -9 -4 -9 -4 -9 -4 -9 -4 -9 -4 -9 -5 -8 -5 -8 -4 -8 -4 -8 -5 -7 -5 -7 -5 -7 -5 -7 -5 -6 -5 -6 -5 -6 -5 -5 -5 -5 -5 -5 -5 -5 -5 -4 -5 -4 -5 -4 -5 0 0 0 0 0 0 0 0 0 0 ]
CSI_DATA,AP,10:B4:1D:CC:60:E0,-23,11,1,7,1,1,1,0,0,0,1,-93,0,6,2,4829141,0,68,0,0,4.60356,384,[0 0 0 0 0 0 0 0 0 0 0 0 -9 -7 -9 -7 -9 -7 -9 -7 -9 -7 -9 -6 -9 -6 -9 -6 -9 -6 -9 -5 -9 -5 -9 -5 -9 -5 -9 -5 -9 -5 -9 -4 -9 -4 -9 -4 -9 -4 -9 -4 -9 -3 -9 -4 -9 -3 -9 -3 -9 -3 -9 -3 0 0 -9 -3 -9 -4 -9 -3 -9 -3 -9 -4 -9 -4 -9 -4 -9 -4 -9 -4 -8 -4 -8 -4 -8 -4 -8 -5 -7 -5 -7 -5 -7 -4 -6 -5 -6 -5 -6 -5 -6 -5 -5 -5 -5 -5 -5 -5 -4 -5 -4 -5 -4 -5 0 0 0 0 0 0 0 0 0 0 ]
CSI_DATA,AP,10:B4:1D:CC:60:E0,-24,11,1,7,1,1,1,0,0,0,1,-93,0,6,2,4919026,0,68,0,0,4.645,384,[0 0 0 0 0 0 0 0 0 0 0 0 -6 9 -6 9 -6 9 -5 9 -5 9 -5 9 -5 9 -5 8 -5 8 -4 9 -4 9 -4 8 -3 8 -3 8 -3 8 -3 8 -3 8 -3 8 -2 8 -3 8 -2 8 -2 8 -2 8 -2 9 -2 9 -2 9 0 0 -2 9 -2 9 -2 9 -2 9 -2 9 -3 9 -3 8 -3 8 -3 8 -3 8 -3 8 -3 7 -3 7 -4 7 -4 7 -4 6 -4 6 -4 6 -4 5 -4 5 -4 5 -5 4 -4 4 -4 4 -5 4 -5 3 0 0 0 0 0 0 0 0 0 0 ]
CSI_DATA,AP,10:B4:1D:CC:60:E0,-18,11,0,0,0,0,0,0,0,0,0,-93,0,6,2,4963613,0,66,0,0,4.6788,128,[0 0 0 0 0 0 0 0 0 0 0 0 -17 0 -17 0 -17 0 -17 1 -16 1 -16 1 -16 1 -16 2 -15 1 -15 2 -15 2 -14 2 -14 2 -14 2 -14 3 -14 3 -14 3 -13 3 -14 4 -13 4 -13 4 -13 4 -13 5 -13 4 -13 5 -14 5 0 0 -14 5 -13 4 -14 4 -13 4 -14 4 -14 4 -14 3 -14 3 -13 2 -13 3 -13 2 -13 2 -13 1 -12 1 -12 0 -12 0 -11 0 -11 0 -11 0 -10 -1 -10 -1 -10 -2 -9 -2 -9 -2 -9 -3 -8 -3 0 0 0 0 0 0 0 0 0 0 ]
CSI_DATA,AP,00:00:00:00:00:00,-18,11,0,0,0,0,0,0,0,0,0,-93,0,6,2,4969498,0,14,0,0,4.71943,128,[0 0 0 0 0 0 0 0 0 0 0 0 16 -4 16 -4 15 -4 15 -4 15 -4 15 -4 14 -4 14 -4 13 -5 13 -5 13 -5 13 -5 13 -5 13 -5 12 -6 12 -6 12 -6 12 -6 12 -6 11 -7 12 -7 11 -7 11 -7 11 -7 11 -7 12 -7 0 0 12 -7 12 -7 12 -7 12 -7 12 -6 12 -6 12 -6 12 -5 12 -5 12 -5 12 -5 11 -4 11 -4 11 -4 10 -3 10 -3 10 -2 10 -2 9 -2 9 -1 9 -1 9 -1 8 0 8 0 8 1 8 1 0 0 0 0 0 0 0 0 0 0 ]
CSI_DATA,AP,10:B4:1D:CC:60:E0,-24,11,1,7,1,1,1,1,0,0,1,-93,0,6,2,5009102,0,68,0,0,4.75706,384,[0 0 0 0 0 0 0 0 0 0 0 0 4 10 4 10 4 10 4 9 4 9 4 9 4 9 4 9 4 8 4 8 4 8 4 8 4 7 5 7 4 7 5 7 5 7 5 7 5 7 5 7 5 6 5 7 5 6 6 6 6 6 6 6 0 0 6 6 6 7 6 7 5 7 5 6 5 7 5 7 4 7 4 7 4 7 4 7 4 7 3 7 3 7 3 7 2 6 2 6 2 6 2 6 1 6 1 6 1 6 1 6 0 5 0 5 0 5 0 0 0 0 0 0 0 0 0 0 ]
I (5080) wifi:<ba-add>idx:2 (ifx:1, 10:b4:1d:cc:60:e0), tid:0, ssn:0, winSize:64
CSI_DATA,AP,10:B4:1D:CC:60:E0,-23,11,1,5,1,1,1,1,0,0,0,-93,0,6,2,5091776,0,68,0,0,4.80119,384,[0 0 0 0 0 0 0 0 0 0 0 0 5 -10 5 -10 5 -10 5 -10 5 -10 4 -9 4 -9 4 -9 4 -9 3 -9 3 -9 3 -9 3 -9 2 -9 2 -9 2 -9 2 -9 2 -9 1 -9 1 -9 2 -9 1 -9 1 -9 1 -10 1 -10 1 -9 0 0 1 -9 1 -10 1 -9 1 -9 1 -9 1 -9 2 -9 2 -9 2 -9 2 -9 2 -9 2 -8 2 -8 2 -8 3 -8 3 -7 3 -7 3 -7 3 -6 3 -6 3 -6 3 -6 3 -5 3 -5 3 -5 3 -4 0 0 0 0 0 0 0 0 0 0 ]
CSI_DATA,AP,10:B4:1D:CC:60:E0,-24,11,1,7,1,1,1,1,0,0,1,-93,0,6,2,5099263,0,68,0,0,4.83113,384,[0 0 0 0 0 0 0 0 0 0 0 0 -12 0 -12 1 -11 1 -11 1 -11 1 -11 1 -11 1 -11 1 -10 1 -10 1 -10 2 -10 2 -10 2 -9 2 -9 2 -9 2 -9 3 -9 3 -9 3 -9 3 -9 3 -9 3 -9 3 -9 3 -9 3 -9 4 0 0 -9 3 -9 3 -9 3 -9 3 -9 3 -9 3 -9 2 -9 2 -9 2 -9 2 -9 2 -9 2 -9 1 -8 1 -8 1 -8 0 -8 0 -8 0 -7 0 -7 -1 -7 -1 -7 -1 -7 -1 -6 -1 -6 -1 -6 -2 0 0 0 0 0 0 0 0 0 0 ]
CSI_DATA,AP,10:B4:1D:CC:60:E0,-24,11,1,7,1,1,1,1,0,0,1,-93,0,6,2,5189044,0,68,0,0,4.89844,384,[0 0 0 0 0 0 0 0 0 0 0 0 11 -2 10 -2 11 -2 10 -2 10 -2 9 -2 9 -2 9 -2 9 -2 9 -2 9 -3 9 -3 8 -3 8 -3 8 -3 8 -3 8 -3 8 -4 8 -4 8 -4 8 -4 8 -4 8 -4 8 -4 8 -4 8 -4 0 0 8 -4 8 -4 8 -4 8 -4 8 -4 8 -3 8 -3 8 -3 8 -3 8 -2 8 -2 8 -2 7 -2 7 -1 7 -1 7 -1 7 -1 6 -1 6 0 6 0 6 0 6 0 6 0 5 1 5 1 5 1 0 0 0 0 0 0 0 0 0 0 ]
CSI_DATA,AP,10:B4:1D:CC:60:E0,-23,11,1,7,1,1,1,1,0,0,1,-93,0,6,2,5279141,0,68,0,0,4.98853,384,[0 0 0 0 0 0 0 0 0 0 0 0 1 -12 1 -11 1 -11 1 -11 1 -11 1 -11 1 -11 1 -10 1 -10 0 -10 0 -10 0 -10 -1 -10 -1 -10 -1 -10 -1 -10 -1 -10 -1 -9 -2 -10 -2 -9 -2 -9 -2 -9 -2 -9 -3 -10 -2 -9 -2 -9 0 0 -2 -10 -2 -10 -2 -10 -2 -10 -2 -10 -2 -10 -1 -10 -1 -10 -1 -9 -1 -9 -1 -9 -1 -9 -1 -9 0 -8 0 -8 0 -8 0 -8 0 -7 1 -7 1 -7 1 -7 1 -7 1 -6 1 -6 2 -6 2 -6 0 0 0 0 0 0 0 0 0 0 ]
CSI_DATA,AP,10:B4:1D:CC:60:E0,-24,11,1,7,1,1,1,1,0,0,1,-93,0,6,2,5369241,0,68,0,0,5.07863,384,[0 0 0 0 0 0 0 0 0 0 0 0 -9 -8 -9 -8 -9 -8 -8 -7 -9 -7 -8 -7 -8 -7 -8 -7 -8 -6 -8 -6 -8 -6 -8 -6 -8 -6 -8 -5 -8 -5 -9 -5 -8 -5 -9 -5 -9 -4 -9 -4 -9 -4 -9 -4 -9 -4 -9 -4 -9 -4 -9 -4 0 0 -9 -4 -9 -4 -9 -4 -9 -4 -9 -4 -9 -4 -9 -5 -8 -5 -8 -5 -8 -5 -8 -5 -7 -5 -7 -5 -7 -5 -7 -5 -6 -5 -6 -5 -6 -5 -6 -5 -5 -5 -5 -5 -5 -5 -4 -5 -4 -5 -4 -6 -3 -5 0 0 0 0 0 0 0 0 0 0 ]
CSI_DATA,AP,10:B4:1D:CC:60:E0,-24,11,1,7,1,1,1,1,0,0,1,-93,0,6,2,5459411,0,68,0,0,5.16882,384,[0 0 0 0 0 0 0 0 0 0 0 0 8 7 8 7 8 7 8 6 7 6 7 6 7 6 7 6 7 5 7 5 7 5 7 5 7 4 8 4 8 4 8 4 8 4 8 3 8 3 8 3 8 3 8 3 8 3 8 3 8 3 8 3 0 0 8 3 8 3 8 3 8 3 8 3 8 3 8 4 7 4 7 4 7 4 7 4 7 4 6 4 6 4 6 4 5 4 5 4 5 4 5 4 4 4 4 4 4 4 3 4 3 4 3 4 3 4 0 0 0 0 0 0 0 0 0 0 ]
CSI_DATA,AP,10:B4:1D:CC:60:E0,-24,11,1,7,1,1,1,1,0,0,1,-93,0,6,2,5549257,0,68,0,0,5.25865,384,[0 0 0 0 0 0 0 0 0 0 0 0 8 7 8 7 8 7 7 7 7 6 7 6 7 6 7 6 7 6 7 5 7 5 7 5 7 5 7 4 7 4 7 4 7 4 7 4 7 3 8 4 8 3 8 3 8 3 8 3 8 3 8 3 0 0 8 3 8 3 8 3 8 3 8 4 8 4 7 4 7 4 7 4 7 4 7 4 6 5 6 4 6 4 5 4 5 4 5 5 5 4 4 4 4 4 4 4 3 4 3 4 3 4 3 5 2 4 0 0 0 0 0 0 0 0 0 0 ]
CSI_DATA,AP,10:B4:1D:CC:60:E0,-24,11,1,7,1,1,1,1,0,0,1,-93,0,6,2,5639168,0,68,0,0,5.34856,384,[0 0 0 0 0 0 0 0 0 0 0 0 9 -7 8 -7 8 -7 8 -7 8 -7 8 -7 8 -7 7 -7 7 -7 7 -7 7 -7 6 -7 6 -7 6 -7 6 -7 6 -8 5 -7 5 -7 5 -8 5 -8 5 -8 5 -8 5 -8 5 -8 4 -8 5 -8 0 0 5 -8 5 -8 5 -8 5 -8 5 -8 5 -8 5 -8 5 -7 5 -7 6 -7 5 -7 5 -7 5 -6 5 -6 5 -6 5 -5 5 -5 5 -5 5 -4 5 -4 5 -4 5 -4 5 -3 5 -3 5 -3 5 -2 0 0 0 0 0 0 0 0 0 0 ]
CSI_DATA,AP,10:B4:1D:CC:60:E0,-24,11,1,7,1,1,1,1,0,0,1,-93,0,6,2,5729043,0,68,0,0,5.43843,384,[0 0 0 0 0 0 0 0 0 0 0 0 10 -4 10 -4 10 -4 10 -4 10 -4 10 -4 9 -4 9 -4 9 -4 8 -4 8 -5 8 -5 8 -5 8 -5 8 -5 7 -5 7 -5 7 -6 7 -6 7 -6 7 -6 7 -6 7 -6 7 -6 7 -6 7 -6 0 0 7 -6 7 -6 7 -6 7 -6 7 -6 7 -6 7 -5 8 -5 8 -5 7 -5 7 -5 7 -5 7 -4 7 -4 7 -3 7 -3 6 -3 6 -3 6 -2 6 -2 6 -2 6 -1 6 -1 6 -1 6 -1 5 0 0 0 0 0 0 0 0 0 0 0 ]
CSI_DATA,AP,10:B4:1D:CC:60:E0,-24,11,1,7,1,1,1,1,0,0,1,-93,0,6,2,5819109,0,68,0,0,5.5285,384,[0 0 0 0 0 0 0 0 0 0 0 0 6 9 6 8 6 8 6 8 6 8 6 8 6 7 6 7 6 7 6 7 6 7 6 6 6 6 6 6 6 6 6 5 6 5 7 5 7 5 7 5 7 5 7 5 7 5 7 5 7 5 7 5 0 0 7 5 7 5 7 5 7 5 7 5 7 5 6 5 6 5 6 5 6 6 6 6 5 6 5 5 5 6 4 5 4 5 4 5 4 5 3 5 3 5 3 5 2 5 2 5 2 5 2 5 1 5 0 0 0 0 0 0 0 0 0 0 ]
CSI_DATA,AP,10:B4:1D:CC:60:E0,-24,11,1,7,1,1,1,1,0,0,1,-93,0,6,2,5909198,0,68,0,0,5.61859,384,[0 0 0 0 0 0 0 0 0 0 0 0 10 -5 10 -5 9 -5 9 -5 9 -5 9 -5 9 -5 8 -5 8 -5 8 -5 8 -5 7 -5 7 -6 7 -6 7 -6 7 -6 7 -6 6 -6 6 -6 7 -6 6 -6 6 -6 6 -6 6 -7 6 -7 6 -7 0 0 7 -7 6 -6 6 -7 7 -6 7 -6 7 -6 7 -6 6 -6 7 -5 7 -5 7 -5 7 -5 7 -5 6 -4 6 -4 6 -3 6 -3 6 -3 6 -3 6 -2 6 -2 6 -2 5 -2 5 -2 5 -1 5 -1 0 0 0 0 0 0 0 0 0 0 ]
CSI_DATA,AP,10:B4:1D:CC:60:E0,-18,11,0,0,0,0,0,0,0,0,0,-93,0,6,2,5963687,0,66,0,0,5.67314,128,[0 0 0 0 0 0 0 0 0 0 0 0 13 10 13 10 12 9 13 9 12 9 12 8 12 8 12 7 12 7 12 7 12 7 12 6 12 6 12 6 12 6 12 5 12 5 12 5 12 4 12 4 12 4 12 4 12 4 12 4 13 4 13 4 0 0 13 4 13 4 12 4 12 4 12 5 12 5 12 5 12 5 12 5 11 5 11 6 10 6 10 6 10 6 9 6 9 6 8 6 8 6 7 6 7 6 7 6 6 6 6 6 5 6 5 6 4 6 0 0 0 0 0 0 0 0 0 0 ]
CSI_DATA,AP,10:B4:1D:CC:60:E0,-24,11,1,7,1,1,1,1,0,0,1,-93,0,6,2,5999068,0,68,0,0,5.70843,384,[0 0 0 0 0 0 0 0 0 0 0 0 -11 -5 -11 -4 -11 -4 -10 -4 -10 -4 -10 -4 -10 -4 -10 -4 -10 -3 -10 -3 -10 -3 -10 -3 -10 -2 -9 -2 -9 -2 -10 -2 -9 -2 -10 -1 -9 -1 -10 -1 -9 -1 -9 -1 -10 -1 -10 -1 -10 -1 -10 0 0 0 -10 -1 -10 -1 -9 -1 -10 -1 -10 -1 -10 -1 -10 -2 -9 -2 -9 -2 -9 -2 -9 -2 -9 -2 -8 -2 -8 -2 -8 -2 -8 -2 -7 -3 -7 -3 -7 -3 -7 -3 -6 -3 -6 -3 -6 -4 -6 -4 -5 -4 -5 -4 0 0 0 0 0 0 0 0 0 0 ]
CSI_DATA,AP,10:B4:1D:CC:60:E0,-23,11,1,7,1,1,1,1,0,0,1,-93,0,6,2,6089243,0,68,0,0,5.79863,384,[0 0 0 0 0 0 0 0 0 0 0 0 11 0 11 -1 10 -1 10 -1 10 -1 10 -1 10 -1 9 -1 9 -1 9 -2 9 -2 9 -2 9 -2 9 -2 9 -2 9 -3 8 -3 8 -3 8 -3 8 -3 8 -3 8 -3 8 -4 8 -4 8 -4 8 -4 0 0 8 -4 8 -4 8 -4 8 -4 8 -3 8 -3 8 -3 8 -3 8 -3 8 -2 8 -2 8 -2 8 -2 7 -1 7 -1 7 -1 7 -1 7 -1 6 0 6 0 6 0 6 0 6 0 5 0 5 1 5 1 0 0 0 0 0 0 0 0 0 0 ]
CSI_DATA,AP,10:B4:1D:CC:60:E0,-23,11,1,7,1,1,1,1,0,0,1,-93,0,6,2,6179174,0,68,0,0,5.88856,384,[0 0 0 0 0 0 0 0 0 0 0 0 -12 -3 -11 -3 -11 -3 -11 -3 -11 -3 -11 -2 -11 -3 -10 -2 -10 -2 -10 -2 -10 -2 -10 -1 -10 -1 -10 -1 -10 -1 -10 0 -9 0 -9 0 -10 0 -10 0 -9 0 -10 0 -10 0 -10 1 -10 1 -10 1 0 0 -10 0 -10 0 -10 0 -10 0 -10 0 -10 0 -10 0 -9 -1 -10 -1 -9 -1 -9 -1 -9 -1 -9 -1 -8 -2 -8 -2 -8 -2 -8 -2 -7 -2 -7 -2 -7 -3 -7 -3 -6 -3 -6 -3 -6 -3 -6 -3 -5 -4 0 0 0 0 0 0 0 0 0 0 ]
CSI_DATA,AP,10:B4:1D:CC:60:E0,-23,11,1,7,1,1,1,1,0,0,1,-93,0,6,2,6269172,0,68,0,0,5.97856,384,[0 0 0 0 0 0 0 0 0 0 0 0 0 -12 0 -11 0 -12 0 -11 0 -11 0 -11 0 -11 -1 -10 0 -10 -1 -10 -1 -10 -1 -10 -2 -10 -2 -10 -2 -10 -2 -10 -2 -10 -2 -9 -3 -9 -3 -9 -3 -9 -3 -9 -3 -9 -3 -9 -3 -9 -3 -9 0 0 -3 -9 -3 -10 -3 -10 -3 -9 -3 -9 -2 -10 -2 -10 -2 -9 -2 -9 -2 -9 -2 -9 -1 -9 -1 -9 -1 -8 0 -8 0 -8 0 -8 0 -7 0 -7 1 -7 1 -7 1 -7 1 -7 1 -6 1 -6 2 -6 0 0 0 0 0 0 0 0 0 0 ]
CSI_DATA,AP,10:B4:1D:CC:60:E0,-23,11,1,7,1,1,1,1,0,0,1,-93,0,6,2,6359261,0,68,0,0,6.06865,384,[0 0 0 0 0 0 0 0 0 0 0 0 -11 -4 -11 -4 -11 -4 -11 -4 -11 -3 -11 -3 -10 -3 -10 -3 -10 -3 -10 -3 -10 -2 -10 -2 -10 -2 -10 -2 -10 -2 -10 -1 -10 -1 -10 -1 -10 -1 -10 -1 -10 -1 -9 -1 -10 0 -10 0 -10 0 -10 0 0 0 -10 0 -10 -1 -10 -1 -10 -1 -10 -1 -10 -1 -10 -1 -9 -1 -9 -2 -9 -2 -9 -2 -9 -2 -8 -2 -8 -2 -8 -3 -8 -3 -7 -3 -7 -3 -7 -3 -7 -3 -6 -3 -6 -4 -6 -3 -6 -4 -5 -4 -5 -4 0 0 0 0 0 0 0 0 0 0 ]
CSI_DATA,AP,10:B4:1D:CC:60:E0,-23,11,1,7,1,1,1,1,0,0,1,-93,0,6,2,6449218,0,68,0,0,6.1586,384,[0 0 0 0 0 0 0 0 0 0 0 0 10 1 10 1 10 1 10 1 9 1 10 0 9 0 9 0 9 0 9 0 9 -1 9 -1 9 -1 8 -1 9 -1 8 -2 8 -2 8 -2 8 -2 8 -2 8 -2 8 -2 8 -2 8 -3 8 -3 8 -3 0 0 8 -3 8 -3 8 -3 8 -3 8 -3 8 -2 8 -2 8 -2 8 -1 8 -1 8 -1 8 -1 7 -1 7 -1 7 0 7 0 6 0 6 0 6 0 6 0 6 1 6 1 5 1 5 1 5 1 5 2 0 0 0 0 0 0 0 0 0 0 ]
CSI_DATA,AP,10:B4:1D:CC:60:E0,-23,11,1,7,1,1,1,1,0,0,1,-93,0,6,2,6539096,0,68,0,0,6.24848,384,[0 0 0 0 0 0 0 0 0 0 0 0 -4 -11 -4 -11 -4 -11 -4 -10 -5 -10 -4 -10 -4 -10 -4 -10 -4 -10 -5 -9 -5 -9 -5 -9 -5 -9 -5 -9 -5 -9 -5 -8 -5 -8 -5 -8 -6 -8 -6 -8 -5 -8 -6 -8 -6 -8 -6 -8 -6 -8 -6 -8 0 0 -6 -8 -6 -8 -6 -8 -6 -8 -5 -8 -5 -9 -5 -9 -5 -8 -5 -8 -4 -8 -4 -8 -4 -8 -4 -8 -3 -8 -3 -8 -3 -7 -2 -8 -2 -7 -2 -7 -2 -7 -1 -7 -1 -7 -1 -7 -1 -6 0 -6 0 -6 0 0 0 0 0 0 0 0 0 0 ]
CSI_DATA,AP,10:B4:1D:CC:60:E0,-23,11,1,7,1,1,1,1,0,0,1,-93,0,6,2,6629278,0,68,0,0,6.33867,384,[0 0 0 0 0 0 0 0 0 0 0 0 9 4 9 4 9 4 9 4 9 3 9 3 9 3 9 3 8 3 8 2 8 2 8 2 8 2 8 1 8 1 8 1 8 1 8 1 8 1 8 0 8 1 8 0 8 0 8 0 8 0 8 0 0 0 9 0 8 0 8 0 9 0 9 1 8 1 8 1 8 1 8 1 8 1 8 1 7 1 7 2 7 2 6 2 6 2 6 2 6 2 6 2 5 2 5 2 5 2 4 3 4 3 4 3 4 3 0 0 0 0 0 0 0 0 0 0 ]
CSI_DATA,AP,10:B4:1D:CC:60:E0,-23,11,1,7,1,1,1,1,0,0,1,-93,0,6,2,6719165,0,68,0,0,6.42856,384,[0 0 0 0 0 0 0 0 0 0 0 0 -7 -10 -7 -9 -7 -10 -7 -9 -7 -9 -7 -9 -6 -9 -6 -9 -6 -8 -7 -8 -7 -8 -7 -8 -7 -7 -7 -7 -7 -7 -7 -7 -7 -6 -7 -7 -7 -6 -8 -6 -7 -6 -7 -6 -8 -6 -8 -6 -8 -6 -8 -6 0 0 -8 -6 -8 -6 -8 -6 -8 -6 -7 -7 -7 -7 -7 -7 -7 -7 -7 -7 -6 -7 -6 -7 -6 -7 -6 -7 -5 -7 -5 -7 -5 -6 -5 -7 -4 -6 -4 -6 -4 -6 -3 -6 -3 -6 -3 -6 -2 -6 -2 -6 -2 -6 0 0 0 0 0 0 0 0 0 0 ]
CSI_DATA,AP,10:B4:1D:CC:60:E0,-21,11,1,7,0,1,1,1,0,0,1,-93,0,6,2,6811802,0,68,0,0,6.52119,256,[0 0 0 0 0 0 0 0 0 0 0 0 -8 -16 -8 -16 -8 -16 -8 -15 -8 -15 -8 -14 -9 -14 -8 -14 -9 -13 -9 -13 -9 -13 -9 -12 -9 -12 -9 -12 -9 -11 -10 -11 -10 -11 -10 -11 -10 -10 -10 -10 -10 -10 -11 -10 -11 -10 -11 -10 -11 -10 -11 -10 0 0 -11 -10 -11 -10 -11 -10 -11 -10 -11 -10 -10 -10 -10 -10 -10 -11 -10 -11 -9 -11 -9 -11 -8 -10 -8 -10 -8 -10 -7 -10 -7 -10 -6 -10 -6 -10 -6 -10 -5 -10 -5 -9 -4 -9 -4 -9 -3 -9 -3 -9 -2 -9 0 0 0 0 0 0 0 0 0 0 ]
CSI_DATA,AP,10:B4:1D:CC:60:E0,-23,11,1,7,1,1,1,1,0,0,1,-93,0,6,2,6899152,0,68,0,0,6.60854,384,[0 0 0 0 0 0 0 0 0 0 0 0 10 3 10 3 10 3 10 3 9 3 10 2 9 2 9 2 9 2 9 1 9 1 9 1 9 1 9 0 9 0 9 0 9 0 8 0 9 0 9 0 8 0 9 0 9 -1 9 -1 9 -1 9 -1 0 0 9 -1 9 -1 9 -1 9 -1 9 -1 9 0 9 0 8 0 8 0 8 0 8 0 8 0 7 1 7 1 7 1 7 1 6 1 6 1 6 1 6 2 6 2 5 2 5 2 5 2 5 2 4 3 0 0 0 0 0 0 0 0 0 0 ]
CSI_DATA,AP,10:B4:1D:CC:60:E0,-18,11,0,0,0,0,0,0,0,0,0,-93,0,6,2,6964380,0,66,0,0,6.67384,128,[0 0 0 0 0 0 0 0 0 0 0 0 14 -10 13 -10 13 -10 13 -10 12 -10 12 -10 12 -10 11 -10 11 -10 11 -10 11 -10 10 -10 10 -10 10 -10 9 -10 9 -11 9 -11 8 -11 8 -11 8 -11 8 -11 8 -11 8 -11 8 -12 8 -12 8 -12 0 0 8 -12 8 -12 8 -12 8 -12 8 -11 9 -11 9 -11 9 -10 9 -10 9 -10 9 -10 9 -9 9 -8 9 -8 8 -8 9 -7 8 -7 8 -6 8 -6 8 -6 8 -5 8 -5 8 -4 8 -4 8 -3 7 -3 0 0 0 0 0 0 0 0 0 0 ]
CSI_DATA,AP,10:B4:1D:CC:60:E0,-23,11,1,7,1,1,1,1,0,0,1,-93,0,6,2,6989158,0,68,0,0,6.70439,384,[0 0 0 0 0 0 0 0 0 0 0 0 0 11 0 11 0 11 0 10 0 10 0 10 0 10 0 10 0 9 1 9 1 9 1 9 1 9 1 9 1 9 1 8 2 8 2 8 2 8 2 8 2 8 2 8 2 8 2 8 2 8 3 8 0 0 2 8 2 8 2 8 2 8 2 8 2 9 1 9 1 8 1 8 0 8 1 8 0 8 0 8 0 7 0 7 -1 7 -1 7 -1 6 -1 6 -2 6 -2 6 -2 6 -2 5 -2 5 -3 5 -3 4 0 0 0 0 0 0 0 0 0 0 ]
CSI_DATA,AP,10:B4:1D:CC:60:E0,-23,11,1,7,1,1,1,1,0,0,1,-93,0,6,2,7079180,0,68,0,0,6.78858,384,[0 0 0 0 0 0 0 0 0 0 0 0 0 11 1 10 0 10 1 10 1 10 1 10 0 10 1 9 1 9 1 9 2 9 2 9 2 8 2 8 2 9 2 8 2 8 2 8 3 8 3 8 3 8 3 8 3 8 3 8 3 8 4 8 0 0 3 8 3 8 3 8 3 8 3 8 3 8 2 8 2 8 2 8 2 8 2 8 2 8 1 8 1 7 1 7 0 7 0 7 0 6 0 6 -1 6 -1 6 -1 6 -1 6 -1 6 -1 5 -2 5 0 0 0 0 0 0 0 0 0 0 ]
CSI_DATA,AP,10:B4:1D:CC:60:E0,-24,11,1,7,1,1,1,1,0,0,1,-93,0,6,2,7169225,0,68,0,0,6.87861,384,[0 0 0 0 0 0 0 0 0 0 0 0 -6 9 -7 9 -6 9 -6 9 -6 8 -6 9 -6 8 -5 8 -6 8 -5 8 -5 8 -4 8 -4 8 -4 8 -4 8 -4 8 -4 8 -3 8 -3 8 -3 8 -3 8 -3 8 -3 8 -2 8 -2 9 -3 9 0 0 -3 9 -3 9 -3 9 -3 8 -3 8 -3 8 -4 8 -4 8 -4 8 -4 8 -4 7 -4 7 -4 7 -4 7 -5 6 -5 6 -4 6 -4 5 -5 5 -5 5 -5 4 -5 4 -5 4 -5 4 -5 3 -5 3 0 0 0 0 0 0 0 0 0 0 ]
CSI_DATA,AP,10:B4:1D:CC:60:E0,-24,11,1,7,1,1,1,1,0,0,1,-93,0,6,2,7259052,0,68,0,0,6.96844,384,[0 0 0 0 0 0 0 0 0 0 0 0 -1 11 -1 10 0 11 0 10 0 10 0 10 0 10 0 10 0 9 0 9 0 9 0 9 1 9 1 8 1 8 1 9 1 8 2 8 2 8 2 8 2 8 2 8 2 8 2 8 2 8 2 8 0 0 2 8 2 8 2 8 2 9 2 8 1 8 1 9 1 8 1 8 1 8 1 8 0 8 0 8 0 7 0 7 -1 7 -1 7 -1 6 -1 6 -1 6 -2 6 -2 6 -2 5 -2 5 -2 5 -3 4 0 0 0 0 0 0 0 0 0 0 ]
CSI_DATA,AP,10:B4:1D:CC:60:E0,-24,11,1,7,1,1,1,1,0,0,1,-93,0,6,2,7349121,0,68,0,0,7.05851,384,[0 0 0 0 0 0 0 0 0 0 0 0 2 10 2 10 2 10 2 10 2 9 2 9 2 9 2 9 2 9 3 8 3 8 3 8 3 8 4 8 4 8 4 7 4 8 4 7 4 7 4 7 4 7 4 7 5 7 5 7 5 7 5 7 0 0 5 7 5 7 5 7 5 7 4 7 4 7 4 7 4 7 4 7 3 7 3 7 3 7 3 7 2 7 2 7 2 7 2 6 2 6 1 6 1 6 1 6 0 6 0 6 0 6 0 5 -1 5 0 0 0 0 0 0 0 0 0 0 ]
CSI_DATA,AP,10:B4:1D:CC:60:E0,-23,11,1,7,1,1,1,1,0,0,1,-93,0,6,2,7439084,0,68,0,0,7.14847,384,[0 0 0 0 0 0 0 0 0 0 0 0 -7 -9 -7 -9 -7 -9 -7 -9 -7 -9 -7 -9 -7 -8 -7 -8 -7 -8 -7 -8 -7 -8 -7 -7 -7 -7 -7 -7 -7 -7 -7 -6 -7 -6 -7 -6 -8 -6 -8 -6 -8 -6 -8 -6 -8 -6 -8 -5 -8 -6 -8 -5 0 0 -8 -6 -8 -6 -8 -6 -8 -6 -8 -6 -8 -6 -8 -6 -7 -6 -7 -6 -7 -6 -7 -6 -6 -7 -6 -6 -6 -7 -5 -6 -5 -6 -5 -6 -5 -6 -4 -6 -4 -6 -4 -6 -3 -6 -3 -6 -3 -6 -3 -6 -2 -6 0 0 0 0 0 0 0 0 0 0 ]
CSI_DATA,AP,10:B4:1D:CC:60:E0,-24,11,1,7,1,1,1,1,0,0,1,-93,0,6,2,7529087,0,68,0,0,7.23847,384,[0 0 0 0 0 0 0 0 0 0 0 0 9 -6 9 -6 9 -6 9 -6 8 -6 8 -6 8 -6 8 -6 8 -6 7 -6 7 -6 7 -6 7 -6 6 -6 6 -6 6 -7 6 -7 6 -7 6 -7 6 -7 6 -7 5 -7 6 -7 5 -7 5 -7 6 -8 0 0 6 -7 6 -7 6 -7 6 -7 6 -7 6 -7 6 -7 6 -6 6 -6 6 -6 6 -6 6 -6 6 -5 6 -5 6 -5 6 -4 6 -4 6 -4 6 -3 5 -3 6 -3 6 -3 5 -2 5 -2 5 -2 5 -1 0 0 0 0 0 0 0 0 0 0 ]
CSI_DATA,AP,10:B4:1D:CC:60:E0,-24,11,1,7,1,1,1,1,0,0,1,-93,0,6,2,7619145,0,68,0,0,7.32854,384,[0 0 0 0 0 0 0 0 0 0 0 0 10 -4 10 -4 10 -4 9 -4 9 -4 9 -4 9 -4 9 -4 9 -4 8 -5 8 -5 8 -5 7 -5 7 -5 7 -5 7 -5 7 -5 7 -5 7 -6 7 -6 7 -5 7 -6 7 -6 6 -6 6 -6 7 -6 0 0 7 -6 7 -6 7 -6 7 -6 7 -6 7 -6 7 -5 7 -5 7 -5 7 -5 7 -5 7 -4 7 -4 7 -4 7 -3 7 -3 6 -3 6 -3 6 -2 6 -2 6 -1 6 -1 5 -1 5 -1 5 -1 5 0 0 0 0 0 0 0 0 0 0 0 ]
CSI_DATA,AP,10:B4:1D:CC:60:E0,-24,11,1,7,1,1,1,1,0,0,1,-93,0,6,2,7709303,0,68,0,0,7.41869,384,[0 0 0 0 0 0 0 0 0 0 0 0 -9 7 -8 7 -8 7 -8 7 -8 7 -8 7 -7 7 -7 7 -7 7 -7 7 -7 7 -7 7 -6 7 -6 7 -6 7 -5 7 -5 7 -5 7 -5 7 -5 7 -5 7 -5 7 -5 8 -5 8 -5 7 -5 8 0 0 -5 8 -5 8 -5 7 -5 8 -5 7 -5 7 -5 7 -5 7 -6 7 -6 7 -6 6 -6 6 -6 6 -6 5 -6 5 -5 5 -6 5 -6 4 -6 4 -6 4 -6 3 -6 3 -6 3 -6 2 -6 2 -6 1 0 0 0 0 0 0 0 0 0 0 ]
CSI_DATA,AP,10:B4:1D:CC:60:E0,-24,11,1,7,1,1,1,1,0,0,1,-93,0,6,2,7799234,0,68,0,0,7.50862,384,[0 0 0 0 0 0 0 0 0 0 0 0 -2 -12 -2 -11 -2 -11 -2 -11 -2 -11 -2 -11 -2 -10 -3 -10 -3 -10 -3 -10 -3 -10 -3 -9 -4 -9 -4 -9 -4 -9 -4 -9 -4 -9 -4 -8 -5 -9 -5 -9 -5 -8 -5 -9 -5 -8 -5 -8 -5 -8 -5 -8 0 0 -5 -9 -5 -8 -5 -9 -5 -8 -5 -9 -5 -9 -4 -9 -4 -9 -4 -9 -4 -9 -4 -8 -3 -8 -3 -8 -3 -8 -2 -8 -2 -8 -2 -7 -2 -8 -2 -7 -1 -7 -1 -7 -1 -7 -1 -7 0 -6 0 -6 0 -6 0 0 0 0 0 0 0 0 0 0 ]
CSI_DATA,AP,10:B4:1D:CC:60:E0,-24,11,1,7,1,1,1,1,0,0,1,-93,0,6,2,7889233,0,68,0,0,7.59862,384,[0 0 0 0 0 0 0 0 0 0 0 0 6 -9 6 -9 6 -9 6 -9 6 -9 6 -9 5 -9 5 -9 5 -9 4 -9 4 -9 4 -9 4 -9 4 -9 4 -9 3 -9 3 -9 3 -9 3 -9 3 -9 3 -9 2 -9 2 -9 2 -9 2 -9 2 -9 0 0 2 -9 2 -9 2 -9 3 -9 3 -9 3 -9 3 -9 3 -9 3 -8 3 -8 3 -8 3 -8 3 -8 3 -7 4 -7 4 -7 4 -6 4 -6 4 -6 4 -5 4 -5 4 -5 4 -5 4 -4 4 -4 4 -4 0 0 0 0 0 0 0 0 0 0 ]
CSI_DATA,AP,10:B4:1D:CC:60:E0,-24,11,1,7,1,1,1,1,0,0,1,-93,0,6,2,7979143,0,68,0,0,7.68853,384,[0 0 0 0 0 0 0 0 0 0 0 0 -7 8 -7 9 -7 8 -7 8 -6 8 -6 8 -6 8 -6 8 -6 8 -5 8 -5 8 -5 8 -5 8 -4 8 -4 8 -4 8 -4 8 -4 8 -3 8 -3 8 -3 8 -3 8 -3 8 -3 8 -3 8 -3 8 0 0 -3 8 -3 8 -3 8 -3 8 -3 8 -4 8 -4 8 -4 8 -4 8 -4 7 -4 7 -4 7 -4 7 -4 6 -5 6 -5 6 -5 5 -5 5 -5 5 -5 4 -5 4 -5 4 -5 4 -5 4 -5 3 -5 3 0 0 0 0 0 0 0 0 0 0 ]
CSI_DATA,AP,10:B4:1D:CC:60:E0,-24,11,1,7,1,1,1,1,0,0,1,-93,0,6,2,8069237,0,68,0,0,7.77863,384,[0 0 0 0 0 0 0 0 0 0 0 0 9 6 9 5 9 5 8 5 8 5 8 5 8 5 8 4 8 4 8 4 8 4 8 4 8 3 8 3 8 3 8 3 8 3 8 2 8 2 8 2 8 2 8 2 8 2 8 2 8 2 8 1 0 0 8 2 9 2 8 2 8 2 8 2 8 2 8 3 8 3 8 3 8 3 7 3 7 3 7 3 6 3 6 3 6 3 5 4 5 4 5 4 5 4 4 4 4 4 4 4 3 4 3 4 3 4 0 0 0 0 0 0 0 0 0 0 ]
CSI_DATA,AP,10:B4:1D:CC:60:E0,-24,11,1,7,1,1,1,1,0,0,1,-93,0,6,2,8159212,0,68,0,0,7.8686,384,[0 0 0 0 0 0 0 0 0 0 0 0 -11 3 -11 3 -11 3 -10 3 -10 3 -10 4 -10 4 -10 4 -9 4 -9 4 -9 4 -9 4 -9 4 -8 4 -8 4 -8 4 -8 5 -8 5 -8 5 -8 5 -7 5 -7 5 -7 6 -7 5 -7 5 -7 6 0 0 -8 6 -7 6 -7 5 -8 6 -8 5 -8 5 -8 5 -8 5 -8 5 -8 4 -8 4 -8 4 -7 4 -7 3 -7 3 -7 3 -7 3 -7 2 -7 2 -7 2 -7 2 -7 1 -6 1 -6 1 -6 0 -6 0 0 0 0 0 0 0 0 0 0 0 ]
CSI_DATA,AP,10:B4:1D:CC:60:E0,-24,11,1,7,1,1,1,1,0,0,1,-93,0,6,2,8249219,0,68,0,0,7.95861,384,[0 0 0 0 0 0 0 0 0 0 0 0 -2 -12 -1 -11 -2 -11 -2 -11 -2 -11 -2 -11 -2 -10 -2 -10 -2 -10 -2 -10 -3 -10 -3 -10 -3 -10 -3 -9 -3 -9 -3 -9 -4 -9 -4 -9 -4 -9 -4 -9 -4 -9 -4 -9 -4 -9 -5 -9 -5 -9 -5 -9 0 0 -4 -9 -5 -9 -5 -9 -4 -9 -4 -9 -4 -9 -4 -9 -4 -9 -3 -9 -3 -9 -3 -8 -3 -9 -3 -8 -2 -8 -2 -8 -2 -8 -2 -8 -1 -7 -1 -7 -1 -7 -1 -7 0 -7 0 -7 0 -6 0 -6 1 -6 0 0 0 0 0 0 0 0 0 0 ]
CSI_DATA,AP,10:B4:1D:CC:60:E0,-24,11,1,7,1,1,1,1,0,0,1,-93,0,6,2,8339159,0,68,0,0,8.04855,384,[0 0 0 0 0 0 0 0 0 0 0 0 -10 5 -10 5 -10 5 -9 5 -9 5 -9 5 -9 5 -9 5 -9 5 -8 5 -8 5 -8 6 -8 6 -7 6 -7 6 -7 6 -7 6 -7 6 -6 6 -7 6 -7 6 -6 6 -6 6 -6 7 -6 7 -6 7 0 0 -6 6 -6 7 -6 6 -7 7 -6 6 -7 6 -7 6 -7 6 -7 5 -7 5 -7 5 -7 5 -7 5 -7 4 -7 4 -7 3 -7 3 -6 3 -7 3 -6 2 -6 2 -6 2 -6 2 -6 1 -6 1 -6 1 0 0 0 0 0 0 0 0 0 0 ]
CSI_DATA,AP,10:B4:1D:CC:60:E0,-24,11,1,7,1,1,1,1,0,0,1,-93,0,6,2,8429122,0,68,0,0,8.13851,384,[0 0 0 0 0 0 0 0 0 0 0 0 10 3 10 3 10 2 10 3 9 2 10 2 9 2 9 2 9 2 9 1 9 1 9 1 9 1 9 1 9 0 9 0 9 0 8 0 8 0 8 0 8 -1 8 0 8 -1 9 -1 9 -1 9 -1 0 0 9 -1 9 -1 9 -1 9 0 9 0 9 0 8 0 8 0 8 0 8 1 8 1 8 1 7 1 7 1 7 1 7 2 6 2 6 2 6 2 6 2 5 2 5 2 5 2 5 3 4 3 4 3 0 0 0 0 0 0 0 0 0 0 ]
CSI_DATA,AP,10:B4:1D:CC:60:E0,-24,11,1,7,1,1,1,1,0,0,1,-93,0,6,2,8519165,0,68,0,0,8.22856,384,[0 0 0 0 0 0 0 0 0 0 0 0 -10 6 -10 6 -9 6 -9 5 -9 5 -9 6 -9 6 -9 5 -8 5 -8 5 -7 6 -7 6 -7 6 -7 6 -7 6 -7 6 -7 6 -6 6 -6 7 -6 7 -6 6 -6 7 -6 6 -6 7 -6 7 -6 7 0 0 -6 7 -6 7 -6 7 -6 7 -6 7 -6 7 -6 6 -6 6 -6 6 -6 6 -6 6 -6 5 -6 5 -6 5 -6 5 -6 4 -6 4 -6 4 -6 3 -6 3 -6 3 -6 2 -6 3 -6 2 -6 2 -6 1 0 0 0 0 0 0 0 0 0 0 ]
CSI_DATA,AP,10:B4:1D:CC:60:E0,-24,11,1,7,1,1,1,1,0,0,1,-93,0,6,2,8609190,0,68,0,0,8.31859,384,[0 0 0 0 0 0 0 0 0 0 0 0 9 -6 9 -6 9 -6 9 -6 8 -6 8 -6 8 -6 8 -6 8 -6 7 -6 7 -6 7 -6 7 -6 7 -6 6 -7 6 -7 6 -7 6 -7 6 -7 6 -7 6 -7 5 -7 6 -7 5 -7 5 -7 5 -8 0 0 6 -7 5 -7 5 -7 6 -7 6 -7 6 -7 6 -7 6 -7 6 -7 6 -6 6 -6 6 -6 6 -5 6 -5 6 -5 6 -4 6 -4 6 -4 6 -4 5 -3 5 -3 5 -3 5 -3 5 -2 5 -2 5 -1 0 0 0 0 0 0 0 0 0 0 ]
CSI_DATA,AP,10:B4:1D:CC:60:E0,-24,11,1,7,1,1,1,1,0,0,1,-93,0,6,2,8699043,0,68,0,0,8.40843,384,[0 0 0 0 0 0 0 0 0 0 0 0 -3 10 -3 10 -3 10 -3 10 -3 10 -3 10 -3 9 -3 9 -3 9 -2 9 -2 9 -2 9 -2 9 -2 9 -1 9 -1 8 -1 9 -1 9 0 9 0 8 0 9 0 8 0 8 0 9 0 9 0 9 0 0 0 9 0 9 0 9 -1 9 -1 9 -1 9 -1 9 -1 8 -1 8 -2 8 -2 8 -2 8 -2 7 -2 7 -2 7 -3 7 -3 6 -3 6 -3 6 -3 5 -3 5 -3 5 -4 5 -4 5 -4 4 -4 4 0 0 0 0 0 0 0 0 0 0 ]
CSI_DATA,AP,10:B4:1D:CC:60:E0,-24,11,1,7,1,1,1,1,0,0,1,-93,0,6,2,8789300,0,68,0,0,8.49869,384,[0 0 0 0 0 0 0 0 0 0 0 0 7 -8 7 -8 7 -8 7 -8 7 -8 6 -8 6 -8 6 -8 6 -8 5 -8 5 -8 5 -8 5 -8 5 -8 5 -8 5 -8 4 -8 4 -8 4 -9 4 -8 4 -8 4 -8 4 -8 3 -9 3 -9 3 -9 0 0 4 -9 4 -8 4 -9 4 -9 4 -9 4 -8 4 -8 5 -8 5 -8 5 -7 4 -7 5 -7 5 -7 5 -6 5 -6 5 -6 5 -5 5 -5 5 -5 5 -4 5 -4 5 -4 5 -4 5 -4 5 -3 5 -2 0 0 0 0 0 0 0 0 0 0 ]
CSI_DATA,AP,10:B4:1D:CC:60:E0,-24,11,1,7,1,1,1,1,0,0,1,-93,0,6,2,8879216,0,68,0,0,8.58861,384,[0 0 0 0 0 0 0 0 0 0 0 0 10 -3 10 -2 10 -2 10 -2 10 -2 10 -3 9 -3 9 -2 9 -3 9 -3 9 -3 8 -4 8 -4 8 -4 8 -4 8 -4 8 -4 8 -4 7 -5 8 -5 8 -4 7 -5 7 -5 7 -5 7 -5 8 -5 0 0 8 -5 8 -5 7 -5 8 -5 8 -5 8 -5 8 -4 7 -4 8 -4 8 -4 7 -4 7 -4 7 -3 7 -3 7 -2 7 -2 6 -2 7 -2 6 -1 6 -1 6 -1 6 -1 6 -1 5 0 5 0 5 0 0 0 0 0 0 0 0 0 0 0 ]
CSI_DATA,AP,10:B4:1D:CC:60:E0,-23,11,1,7,1,1,1,1,0,0,1,-93,0,6,2,8969092,0,68,0,0,8.67848,384,[0 0 0 0 0 0 0 0 0 0 0 0 -1 11 0 10 0 10 0 10 0 10 0 10 0 10 0 9 0 9 1 9 1 9 1 9 1 9 2 9 1 8 2 8 2 8 2 8 2 8 3 8 3 8 2 8 3 8 3 8 3 8 3 8 0 0 3 8 3 8 3 8 3 8 3 8 2 8 2 8 2 8 2 8 1 8 2 8 1 8 1 7 1 7 1 7 0 7 0 7 0 6 0 6 0 6 -1 6 -1 6 -1 6 -1 5 -1 5 -2 5 0 0 0 0 0 0 0 0 0 0 ]
CSI_DATA,AP,10:B4:1D:CC:60:E0,-24,11,1,7,1,1,1,1,0,0,1,-93,0,6,2,9059076,0,68,0,0,8.76847,384,[0 0 0 0 0 0 0 0 0 0 0 0 11 1 10 1 10 0 10 0 10 0 10 0 10 0 10 0 9 0 9 -1 9 -1 9 -1 9 -1 9 -1 9 -2 9 -2 9 -2 8 -2 8 -2 8 -2 8 -3 8 -3 8 -3 8 -3 8 -3 8 -3 0 0 8 -3 8 -3 8 -3 9 -3 8 -3 8 -2 8 -2 8 -2 8 -2 8 -1 8 -1 8 -1 8 -1 7 -1 7 0 7 0 7 0 7 0 6 0 6 0 6 1 6 1 5 1 5 1 5 1 5 2 0 0 0 0 0 0 0 0 0 0 ]
CSI_DATA,AP,10:B4:1D:CC:60:E0,-24,11,1,7,1,1,1,1,0,0,1,-93,0,6,2,9149213,0,68,0,0,8.8586,384,[0 0 0 0 0 0 0 0 0 0 0 0 9 6 8 6 9 6 8 5 8 5 8 5 8 5 8 5 8 4 8 4 8 4 8 4 8 3 8 3 8 3 8 3 8 3 8 3 8 2 8 2 8 2 8 2 8 2 8 2 8 2 8 2 0 0 8 2 8 2 8 2 9 2 8 2 8 3 8 3 8 3 8 3 7 3 7 3 7 3 7 3 6 3 6 3 6 3 6 4 5 3 5 4 5 4 4 4 4 4 4 4 3 4 3 4 3 4 0 0 0 0 0 0 0 0 0 0 ]
CSI_DATA,AP,10:B4:1D:CC:60:E0,-24,11,1,7,1,1,1,1,0,0,1,-93,0,6,2,9239139,0,68,0,0,8.94853,384,[0 0 0 0 0 0 0 0 0 0 0 0 8 7 8 7 8 7 8 6 7 6 7 6 7 6 7 6 7 6 7 5 7 5 7 5 7 4 7 4 7 4 7 4 7 4 8 4 8 4 8 4 8 3 8 3 8 3 8 3 8 3 8 3 0 0 8 3 8 3 8 3 8 3 8 4 7 4 7 4 7 4 7 4 7 4 6 4 6 4 6 4 6 4 5 4 5 4 5 4 4 4 4 4 4 4 4 4 3 5 3 4 3 4 2 5 2 5 0 0 0 0 0 0 0 0 0 0 ]
CSI_DATA,AP,10:B4:1D:CC:60:E0,-24,11,1,7,1,1,1,1,0,0,1,-93,0,6,2,9329113,0,68,0,0,9.0385,384,[0 0 0 0 0 0 0 0 0 0 0 0 10 3 10 3 10 3 9 3 10 3 9 3 9 2 9 2 9 2 9 2 9 1 9 1 9 1 9 1 8 1 9 0 8 0 9 0 8 0 8 0 8 0 8 0 9 0 9 -1 8 -1 9 -1 0 0 9 -1 9 -1 8 0 9 -1 9 0 9 0 9 0 8 0 8 1 8 1 8 1 8 1 7 1 7 1 7 1 7 1 6 2 6 2 6 2 6 2 5 2 5 2 5 2 5 3 4 3 4 3 0 0 0 0 0 0 0 0 0 0 ]
CSI_DATA,AP,10:B4:1D:CC:60:E0,-24,11,1,7,1,1,1,1,0,0,1,-93,0,6,2,9419077,0,68,0,0,9.12846,384,[0 0 0 0 0 0 0 0 0 0 0 0 7 7 7 7 7 7 7 7 7 7 7 7 7 6 7 6 7 6 7 6 7 5 7 5 7 5 7 5 7 5 7 4 7 4 7 4 7 4 7 4 7 4 7 4 7 4 8 3 8 3 8 3 0 0 8 4 8 4 8 4 8 4 8 4 7 4 7 5 7 5 7 4 7 4 6 4 6 4 6 5 6 5 5 5 5 5 4 5 4 5 4 5 4 5 3 5 3 5 3 4 2 4 2 5 2 5 0 0 0 0 0 0 0 0 0 0 ]
CSI_DATA,AP,10:B4:1D:CC:60:E0,-24,11,1,7,1,1,1,1,0,0,1,-93,0,6,2,9509053,0,68,0,0,9.21846,384,[0 0 0 0 0 0 0 0 0 0 0 0 9 6 8 6 8 6 8 6 8 5 8 5 8 5 8 5 8 4 8 4 8 4 8 4 8 3 8 3 8 3 8 3 8 3 8 3 8 2 8 2 8 2 8 2 8 2 8 2 8 2 9 1 0 0 8 2 8 2 8 2 8 2 8 2 8 2 8 2 8 2 8 3 7 3 7 3 7 3 7 3 7 3 6 3 6 3 6 3 5 3 5 3 5 3 5 3 4 4 4 4 4 3 3 4 3 4 0 0 0 0 0 0 0 0 0 0 ]
CSI_DATA,AP,10:B4:1D:CC:60:E0,-24,11,1,7,1,1,1,1,0,0,1,-93,0,6,2,9599126,0,68,0,0,9.30852,384,[0 0 0 0 0 0 0 0 0 0 0 0 -7 -10 -7 -10 -7 -9 -7 -9 -7 -9 -7 -9 -6 -8 -7 -8 -6 -8 -7 -8 -7 -7 -7 -7 -7 -7 -7 -7 -7 -7 -7 -7 -7 -6 -7 -6 -8 -6 -8 -6 -7 -6 -8 -6 -8 -6 -8 -6 -8 -6 -8 -6 0 0 -8 -6 -8 -6 -8 -6 -8 -6 -8 -6 -8 -6 -7 -7 -7 -6 -7 -7 -7 -6 -7 -6 -6 -6 -6 -7 -6 -7 -5 -6 -5 -6 -5 -6 -5 -6 -4 -6 -4 -6 -4 -6 -3 -6 -3 -6 -3 -6 -3 -6 -2 -6 0 0 0 0 0 0 0 0 0 0 ]
CSI_DATA,AP,10:B4:1D:CC:60:E0,-24,11,1,7,1,1,1,1,0,0,1,-93,0,6,2,9689083,0,68,0,0,9.39847,384,[0 0 0 0 0 0 0 0 0 0 0 0 0 -12 0 -11 0 -11 0 -11 0 -11 0 -11 0 -11 0 -10 -1 -10 -1 -10 -1 -10 -1 -10 -1 -10 -2 -10 -2 -9 -2 -10 -2 -9 -2 -9 -3 -9 -3 -9 -3 -9 -3 -9 -3 -9 -3 -9 -3 -9 -3 -9 0 0 -3 -9 -3 -9 -3 -9 -3 -9 -3 -9 -2 -10 -2 -10 -2 -9 -2 -9 -1 -9 -1 -9 -1 -9 -1 -9 -1 -8 0 -8 0 -8 0 -8 0 -7 0 -7 0 -7 1 -7 1 -7 1 -6 1 -6 1 -6 2 -5 0 0 0 0 0 0 0 0 0 0 ]
CSI_DATA,AP,10:B4:1D:CC:60:E0,-24,11,1,7,1,1,1,1,0,0,1,-93,0,6,2,9781437,0,68,0,0,9.49083,384,[0 0 0 0 0 0 0 0 0 0 0 0 -11 3 -11 3 -11 3 -10 2 -10 3 -10 3 -10 3 -10 3 -10 3 -9 3 -9 3 -9 3 -9 3 -9 4 -9 4 -8 4 -8 4 -8 4 -8 4 -8 4 -8 4 -8 4 -8 5 -8 5 -8 5 -8 5 0 0 -8 5 -8 5 -8 5 -8 5 -8 4 -8 4 -8 4 -8 4 -8 3 -8 3 -8 3 -8 3 -8 3 -8 2 -8 2 -8 2 -7 2 -7 1 -7 1 -7 1 -7 0 -7 0 -7 0 -6 0 -6 0 -6 -1 0 0 0 0 0 0 0 0 0 0 ]
CSI_DATA,AP,10:B4:1D:CC:60:E0,-24,11,1,7,1,1,1,1,0,0,1,-93,0,6,2,9869125,0,68,0,0,9.57851,384,[0 0 0 0 0 0 0 0 0 0 0 0 -11 4 -11 4 -10 4 -10 4 -10 4 -10 4 -10 4 -9 4 -9 4 -9 4 -9 4 -9 4 -8 4 -8 5 -8 5 -8 5 -8 5 -8 5 -8 5 -7 5 -7 5 -7 5 -7 5 -7 6 -7 6 -7 6 0 0 -7 6 -7 5 -7 6 -8 5 -7 5 -8 5 -8 5 -8 4 -8 4 -8 4 -8 4 -8 4 -7 3 -8 3 -8 3 -7 2 -7 2 -7 2 -7 2 -7 1 -7 1 -7 1 -6 1 -6 1 -6 0 -6 -1 0 0 0 0 0 0 0 0 0 0 ]
CSI_DATA,AP,10:B4:1D:CC:60:E0,-24,11,1,7,1,1,1,1,0,0,1,-93,0,6,2,9959371,0,68,0,0,9.66876,384,[0 0 0 0 0 0 0 0 0 0 0 0 -7 9 -7 9 -6 9 -6 8 -6 8 -6 8 -6 8 -6 8 -5 8 -5 8 -5 8 -5 8 -4 8 -4 8 -4 8 -4 8 -3 8 -3 8 -3 8 -3 8 -3 8 -3 8 -3 8 -2 8 -2 8 -2 8 0 0 -2 9 -2 9 -2 8 -3 9 -2 8 -3 8 -3 8 -3 8 -3 8 -3 8 -3 7 -3 7 -3 7 -4 7 -4 6 -4 6 -4 6 -4 6 -4 5 -4 5 -4 5 -4 5 -4 4 -4 4 -5 4 -5 3 0 0 0 0 0 0 0 0 0 0 ]
CSI_DATA,AP,10:B4:1D:CC:60:E0,-24,11,1,7,1,1,1,1,0,0,1,-93,0,6,2,10049165,0,68,0,0,9.75855,384,[0 0 0 0 0 0 0 0 0 0 0 0 -5 10 -5 9 -5 9 -5 9 -5 9 -5 9 -4 9 -4 9 -4 9 -4 9 -4 9 -3 9 -3 8 -3 8 -3 9 -2 8 -2 8 -2 8 -2 8 -2 8 -2 8 -1 9 -1 8 -1 9 -1 9 -1 9 0 0 -2 9 -1 9 -2 9 -2 9 -2 9 -2 9 -2 9 -2 8 -2 8 -2 8 -3 7 -3 7 -3 7 -3 7 -3 7 -3 6 -3 6 -3 6 -4 5 -3 5 -4 5 -4 5 -4 5 -4 4 -4 4 -4 4 0 0 0 0 0 0 0 0 0 0 ]
CSI_DATA,AP,10:B4:1D:CC:60:E0,-24,11,1,7,1,1,1,1,0,0,1,-93,0,6,2,10139242,0,68,0,0,9.84863,384,[0 0 0 0 0 0 0 0 0 0 0 0 3 10 3 10 3 9 3 9 3 9 3 9 4 8 4 8 3 8 4 8 4 8 4 7 4 8 4 7 5 7 5 7 5 7 5 6 5 6 5 6 5 6 5 6 5 6 6 6 6 6 6 6 0 0 6 6 6 6 6 6 6 6 5 6 5 7 5 7 5 6 5 6 4 6 4 6 4 6 4 7 4 6 3 6 3 6 3 6 3 6 2 6 2 6 2 5 1 5 1 5 1 5 1 5 0 5 0 0 0 0 0 0 0 0 0 0 ]
CSI_DATA,AP,10:B4:1D:CC:60:E0,-24,11,1,7,1,1,1,1,0,0,1,-93,0,6,2,10229077,0,68,0,0,9.93846,384,[0 0 0 0 0 0 0 0 0 0 0 0 11 -1 11 -1 10 -1 10 -1 10 -1 10 -2 9 -2 9 -2 9 -2 9 -2 9 -2 9 -3 9 -3 8 -3 8 -3 8 -3 8 -3 8 -3 8 -4 8 -4 8 -4 8 -4 8 -4 8 -4 8 -4 8 -4 0 0 8 -4 8 -4 8 -4 8 -4 8 -4 8 -4 8 -4 8 -3 8 -3 8 -2 8 -2 8 -2 8 -2 7 -2 7 -1 7 -1 7 -1 7 -1 6 -1 6 0 6 0 6 0 5 0 5 0 5 1 5 1 0 0 0 0 0 0 0 0 0 0 ]
CSI_DATA,AP,10:B4:1D:CC:60:E0,-24,11,1,7,1,1,1,1,0,0,1,-93,0,6,2,10319218,0,68,0,0,10.0286,384,[0 0 0 0 0 0 0 0 0 0 0 0 -11 2 -11 2 -11 2 -11 2 -10 2 -11 2 -10 2 -10 2 -10 2 -9 2 -10 3 -9 3 -9 3 -9 3 -9 3 -9 3 -9 3 -9 4 -9 4 -8 4 -8 4 -8 4 -8 4 -8 4 -8 4 -8 4 0 0 -9 4 -8 4 -8 4 -9 4 -9 4 -9 4 -9 3 -9 3 -9 3 -9 3 -9 2 -8 2 -8 2 -8 2 -8 2 -8 1 -8 1 -8 1 -7 1 -7 0 -7 0 -7 0 -7 0 -6 -1 -6 -1 -6 -1 0 0 0 0 0 0 0 0 0 0 ]
CSI_DATA,AP,10:B4:1D:CC:60:E0,-24,11,1,7,1,1,1,1,0,0,1,-93,0,6,2,10409032,0,68,0,0,10.1184,384,[0 0 0 0 0 0 0 0 0 0 0 0 -7 9 -7 9 -6 8 -6 8 -6 8 -6 9 -6 8 -6 8 -6 8 -5 8 -5 8 -5 8 -4 8 -4 8 -4 8 -4 8 -4 8 -3 8 -3 8 -3 8 -3 8 -3 8 -3 8 -3 8 -3 8 -3 8 0 0 -3 9 -3 8 -3 8 -3 8 -3 8 -4 8 -4 8 -4 8 -4 8 -4 7 -4 7 -4 7 -4 7 -4 7 -4 6 -4 6 -4 6 -4 5 -5 5 -5 4 -5 4 -5 4 -5 4 -5 4 -5 3 -5 3 0 0 0 0 0 0 0 0 0 0 ]
CSI_DATA,AP,10:B4:1D:CC:60:E0,-24,11,1,7,1,1,1,1,0,0,1,-93,0,6,2,10499116,0,68,0,0,10.2085,384,[0 0 0 0 0 0 0 0 0 0 0 0 5 9 5 9 5 9 5 8 5 8 5 8 5 8 5 8 5 8 5 7 5 7 5 7 5 7 5 7 6 6 6 6 6 6 6 6 6 6 6 6 6 6 6 6 6 5 6 6 6 6 7 5 0 0 6 6 6 6 6 6 6 6 6 6 6 6 6 6 5 6 5 6 5 6 5 6 4 6 4 6 4 6 4 6 3 6 3 6 3 6 3 5 2 5 2 5 2 5 1 5 1 5 1 5 0 5 0 0 0 0 0 0 0 0 0 0 ]
CSI_DATA,AP,10:B4:1D:CC:60:E0,-24,11,1,7,1,1,1,1,0,0,1,-93,0,6,2,10589129,0,68,0,0,10.2985,384,[0 0 0 0 0 0 0 0 0 0 0 0 -10 6 -10 6 -9 6 -9 6 -9 5 -9 6 -9 5 -9 5 -8 5 -8 6 -8 6 -7 6 -7 6 -7 6 -7 6 -6 6 -6 6 -6 6 -6 7 -6 6 -6 6 -6 7 -6 7 -5 7 -5 7 -6 7 0 0 -6 7 -6 7 -6 7 -6 7 -6 7 -6 6 -7 6 -7 6 -7 6 -6 6 -6 6 -6 5 -6 5 -6 5 -6 4 -6 4 -6 4 -6 4 -6 3 -6 3 -6 3 -6 2 -6 2 -6 2 -6 2 -6 1 0 0 0 0 0 0 0 0 0 0 ]
CSI_DATA,AP,10:B4:1D:CC:60:E0,-24,11,1,7,1,1,1,1,0,0,1,-93,0,6,2,10679180,0,68,0,0,10.3886,384,[0 0 0 0 0 0 0 0 0 0 0 0 -11 -5 -11 -4 -11 -4 -10 -4 -10 -4 -10 -4 -10 -4 -10 -4 -10 -3 -10 -3 -10 -3 -10 -3 -9 -3 -9 -3 -9 -2 -10 -2 -9 -2 -10 -2 -9 -2 -10 -1 -9 -1 -9 -1 -10 -1 -10 -1 -9 -1 -10 -1 0 0 -10 -1 -10 -1 -10 -1 -10 -1 -10 -1 -10 -2 -9 -2 -9 -2 -9 -2 -9 -3 -9 -3 -8 -3 -8 -3 -8 -3 -8 -3 -7 -3 -7 -3 -7 -3 -7 -3 -6 -3 -6 -4 -6 -4 -6 -4 -5 -4 -5 -4 -4 -4 0 0 0 0 0 0 0 0 0 0 ]
CSI_DATA,AP,10:B4:1D:CC:60:E0,-24,11,1,7,1,1,1,1,0,0,1,-93,0,6,2,10769256,0,68,0,0,10.4786,384,[0 0 0 0 0 0 0 0 0 0 0 0 -7 -9 -7 -9 -7 -9 -7 -9 -7 -9 -7 -8 -7 -8 -7 -8 -7 -8 -7 -7 -7 -7 -7 -7 -7 -7 -8 -6 -8 -6 -8 -6 -8 -6 -8 -6 -8 -6 -8 -6 -8 -5 -8 -6 -8 -5 -8 -5 -8 -5 -9 -5 0 0 -8 -5 -8 -5 -8 -6 -8 -5 -8 -6 -8 -6 -8 -6 -8 -6 -7 -6 -7 -6 -7 -6 -7 -6 -7 -6 -6 -6 -6 -6 -5 -6 -5 -6 -5 -6 -5 -6 -4 -6 -4 -6 -4 -6 -4 -6 -3 -6 -3 -6 -3 -6 0 0 0 0 0 0 0 0 0 0 ]
CSI_DATA,AP,10:B4:1D:CC:60:E0,-24,11,1,7,1,1,1,1,0,0,1,-93,0,6,2,10859181,0,68,0,0,10.5686,384,[0 0 0 0 0 0 0 0 0 0 0 0 -11 4 -11 4 -11 4 -10 3 -10 4 -10 4 -10 4 -10 4 -10 4 -9 4 -9 4 -9 4 -9 4 -9 4 -9 4 -8 5 -8 5 -8 5 -8 5 -8 5 -8 5 -8 5 -8 5 -7 6 -7 6 -8 6 0 0 -8 6 -8 6 -8 6 -8 5 -8 5 -8 5 -8 5 -8 4 -8 4 -8 4 -8 4 -8 4 -8 3 -8 3 -8 3 -8 2 -7 2 -7 2 -7 1 -7 1 -7 1 -7 1 -7 0 -6 0 -7 0 -6 -1 0 0 0 0 0 0 0 0 0 0 ]
CSI_DATA,AP,10:B4:1D:CC:60:E0,-23,11,1,7,1,1,1,1,0,0,1,-93,0,6,2,10949051,0,68,0,0,10.6584,384,[0 0 0 0 0 0 0 0 0 0 0 0 -11 2 -11 2 -11 2 -11 2 -11 2 -11 2 -10 2 -10 2 -10 2 -9 2 -10 2 -9 3 -9 3 -9 3 -9 3 -9 3 -9 3 -9 4 -8 4 -8 4 -8 4 -8 4 -8 4 -8 4 -8 4 -8 4 0 0 -9 4 -8 4 -9 4 -8 4 -9 4 -9 4 -9 3 -9 3 -9 3 -8 3 -8 3 -8 3 -8 2 -8 2 -8 2 -8 1 -7 1 -8 1 -7 0 -7 0 -7 0 -7 0 -6 0 -6 0 -6 -1 -6 -1 0 0 0 0 0 0 0 0 0 0 ]
CSI_DATA,AP,10:B4:1D:CC:60:E0,-24,11,1,7,1,1,1,1,0,0,1,-93,0,6,2,11039173,0,68,0,0,10.7486,384,[0 0 0 0 0 0 0 0 0 0 0 0 -12 1 -11 1 -11 1 -11 1 -11 1 -11 1 -11 1 -10 1 -10 1 -10 1 -10 2 -10 2 -9 2 -9 2 -9 2 -9 2 -9 3 -9 3 -9 3 -9 3 -9 3 -9 3 -9 3 -9 3 -9 4 -9 3 0 0 -9 3 -9 3 -9 3 -9 3 -9 3 -9 3 -9 2 -9 2 -9 2 -9 2 -9 2 -8 1 -8 1 -8 1 -8 1 -8 0 -8 0 -8 0 -7 0 -7 -1 -7 -1 -7 -1 -7 -1 -6 -1 -6 -2 -6 -2 0 0 0 0 0 0 0 0 0 0 ]
CSI_DATA,AP,10:B4:1D:CC:60:E0,-24,11,1,7,1,1,1,1,0,0,1,-93,0,6,2,11129299,0,68,0,0,10.8387,384,[0 0 0 0 0 0 0 0 0 0 0 0 -12 -2 -11 -2 -11 -2 -11 -2 -11 -1 -11 -1 -11 -1 -10 -1 -10 -1 -10 0 -10 0 -10 0 -10 0 -10 0 -10 0 -10 1 -9 1 -10 1 -9 1 -9 1 -9 1 -9 1 -9 2 -9 2 -9 2 -9 2 0 0 -10 2 -9 2 -9 2 -10 1 -9 1 -10 1 -9 1 -9 1 -9 0 -9 0 -9 0 -9 0 -9 0 -8 -1 -8 -1 -8 -1 -8 -1 -7 -1 -7 -1 -7 -1 -7 -2 -7 -2 -6 -2 -6 -2 -6 -2 -6 -3 0 0 0 0 0 0 0 0 0 0 ]
CSI_DATA,AP,10:B4:1D:CC:60:E0,-23,11,1,7,1,1,1,1,0,0,1,-93,0,6,2,11219114,0,68,0,0,10.9285,384,[0 0 0 0 0 0 0 0 0 0 0 0 6 -10 6 -10 5 -10 5 -9 5 -9 5 -10 5 -9 5 -9 4 -9 4 -9 4 -9 3 -9 3 -9 3 -9 3 -9 3 -9 2 -9 2 -9 2 -9 2 -9 2 -9 2 -9 2 -9 1 -10 1 -9 1 -10 0 0 1 -9 1 -10 1 -10 2 -9 2 -9 2 -9 2 -9 2 -9 2 -9 3 -9 2 -9 3 -8 3 -8 3 -8 3 -7 3 -7 3 -7 3 -7 3 -6 3 -6 3 -6 3 -5 3 -5 3 -5 4 -5 4 -4 0 0 0 0 0 0 0 0 0 0 ]
CSI_DATA,AP,10:B4:1D:CC:60:E0,-24,11,1,7,1,1,1,1,0,0,1,-93,0,6,2,11309019,0,68,0,0,11.0184,384,[0 0 0 0 0 0 0 0 0 0 0 0 1 -12 1 -12 0 -11 0 -11 0 -11 0 -11 0 -10 0 -10 0 -10 -1 -10 -1 -10 -1 -10 -1 -10 -1 -10 -1 -10 -1 -9 -1 -10 -2 -9 -2 -10 -2 -10 -2 -9 -2 -9 -2 -9 -3 -9 -3 -10 -3 -10 0 0 -2 -10 -2 -10 -2 -10 -2 -9 -2 -10 -2 -10 -1 -10 -1 -9 -1 -9 -1 -9 -1 -9 -1 -9 -1 -9 0 -9 0 -8 0 -8 0 -7 0 -7 1 -7 1 -7 1 -7 1 -6 1 -6 1 -6 2 -6 2 -6 0 0 0 0 0 0 0 0 0 0 ]
CSI_DATA,AP,10:B4:1D:CC:60:E0,-24,11,1,7,1,1,1,1,0,0,1,-93,0,6,2,11399219,0,68,0,0,11.1086,384,[0 0 0 0 0 0 0 0 0 0 0 0 -11 2 -11 2 -11 2 -10 2 -11 3 -10 3 -10 3 -10 3 -10 3 -10 3 -9 3 -9 3 -9 3 -9 3 -9 3 -9 4 -8 4 -8 4 -8 4 -8 4 -8 4 -8 4 -8 5 -8 5 -8 5 -8 5 0 0 -8 5 -8 5 -8 5 -8 5 -8 4 -8 4 -8 4 -8 4 -8 4 -8 3 -8 3 -8 3 -8 3 -8 3 -8 2 -7 2 -7 2 -7 1 -7 1 -7 1 -7 1 -7 0 -7 0 -6 0 -6 0 -6 -1 0 0 0 0 0 0 0 0 0 0 ]
CSI_DATA,AP,10:B4:1D:CC:60:E0,-24,11,1,7,1,1,1,1,0,0,1,-93,0,6,2,11489072,0,68,0,0,11.1985,384,[0 0 0 0 0 0 0 0 0 0 0 0 -1 -12 -2 -11 -2 -11 -2 -11 -2 -11 -2 -11 -2 -10 -2 -10 -2 -10 -2 -10 -2 -10 -2 -10 -3 -10 -3 -9 -3 -9 -3 -9 -3 -9 -4 -9 -4 -9 -4 -9 -4 -9 -4 -9 -4 -9 -4 -9 -4 -9 -4 -9 0 0 -4 -9 -4 -9 -4 -9 -4 -9 -4 -9 -3 -9 -3 -9 -3 -9 -3 -9 -2 -9 -3 -9 -2 -9 -2 -9 -2 -8 -1 -8 -1 -8 -1 -8 -1 -7 0 -7 0 -7 0 -7 0 -7 0 -7 1 -6 1 -6 1 -6 0 0 0 0 0 0 0 0 0 0 ]
CSI_DATA,AP,10:B4:1D:CC:60:E0,-24,11,1,7,1,1,1,1,0,0,1,-93,0,6,2,11579218,0,68,0,0,11.2886,384,[0 0 0 0 0 0 0 0 0 0 0 0 3 -11 3 -11 3 -11 3 -10 3 -10 3 -10 3 -10 3 -10 3 -10 2 -10 2 -10 1 -10 1 -10 1 -10 1 -10 1 -9 0 -9 0 -9 0 -9 0 -10 0 -9 0 -10 0 -9 -1 -10 -1 -10 -1 -10 0 0 0 -10 0 -10 0 -10 0 -10 0 -10 0 -10 0 -10 1 -9 1 -9 1 -9 1 -9 1 -9 1 -9 1 -8 1 -8 2 -8 2 -8 2 -7 2 -7 2 -7 2 -6 2 -6 2 -6 2 -6 3 -5 3 -5 0 0 0 0 0 0 0 0 0 0 ]
CSI_DATA,AP,10:B4:1D:CC:60:E0,-24,11,1,7,1,1,1,1,0,0,1,-93,0,6,2,11669025,0,68,0,0,11.3784,384,[0 0 0 0 0 0 0 0 0 0 0 0 -10 6 -10 6 -9 6 -9 5 -9 5 -9 5 -9 5 -8 6 -8 5 -8 6 -8 6 -8 6 -7 6 -7 6 -7 6 -7 6 -7 6 -6 6 -6 6 -6 7 -6 7 -6 7 -6 7 -6 7 -6 7 -6 7 0 0 -6 7 -6 7 -6 7 -6 7 -6 7 -6 7 -6 6 -6 6 -7 6 -7 6 -6 5 -6 5 -6 5 -6 5 -7 4 -6 4 -6 4 -6 3 -6 3 -6 3 -6 3 -6 2 -6 2 -6 2 -6 1 -6 1 0 0 0 0 0 0 0 0 0 0 ]
CSI_DATA,AP,10:B4:1D:CC:60:E0,-23,11,1,7,1,1,1,1,0,0,1,-93,0,6,2,11759424,0,68,0,0,11.4688,384,[0 0 0 0 0 0 0 0 0 0 0 0 -11 4 -11 4 -11 4 -10 4 -10 4 -10 4 -10 4 -10 4 -10 4 -9 4 -9 4 -9 4 -9 5 -8 5 -8 5 -8 5 -8 5 -8 5 -8 5 -8 5 -7 5 -8 5 -8 6 -7 6 -7 6 -8 6 0 0 -8 6 -7 6 -7 6 -8 6 -7 6 -8 5 -8 5 -8 5 -8 5 -8 4 -8 4 -7 4 -8 4 -7 3 -7 3 -7 3 -7 3 -7 2 -7 2 -7 2 -7 1 -7 1 -7 1 -6 1 -6 0 -6 0 0 0 0 0 0 0 0 0 0 0 ]
CSI_DATA,AP,10:B4:1D:CC:60:E0,-24,11,1,7,1,1,1,1,0,0,1,-93,0,6,2,11849179,0,68,0,0,11.5586,384,[0 0 0 0 0 0 0 0 0 0 0 0 -6 9 -5 9 -5 9 -5 9 -5 9 -5 9 -5 9 -5 8 -4 8 -4 8 -4 8 -4 9 -3 8 -3 8 -3 8 -3 8 -3 8 -3 8 -2 8 -3 8 -2 8 -2 8 -2 8 -2 9 -2 8 -2 8 0 0 -2 8 -2 8 -2 9 -2 8 -2 8 -3 8 -3 8 -3 8 -3 8 -4 8 -4 7 -4 7 -4 7 -4 7 -4 6 -4 6 -4 6 -4 5 -4 5 -4 5 -5 4 -5 4 -5 4 -5 4 -5 3 -5 3 0 0 0 0 0 0 0 0 0 0 ]
CSI_DATA,AP,10:B4:1D:CC:60:E0,-24,11,1,7,1,1,1,1,0,0,1,-93,0,6,2,11939168,0,68,0,0,11.6486,384,[0 0 0 0 0 0 0 0 0 0 0 0 -4 10 -4 10 -3 10 -4 10 -3 10 -3 9 -3 9 -3 9 -3 9 -2 9 -2 9 -2 9 -2 9 -1 9 -1 9 -2 9 -1 8 -1 9 -1 9 -1 9 -1 8 -1 9 0 9 0 9 0 9 0 9 0 0 0 9 -1 9 -1 9 -1 9 -1 9 -1 9 -1 9 -1 8 -2 8 -2 8 -2 8 -2 8 -2 8 -2 7 -3 7 -3 6 -3 6 -3 6 -3 6 -3 5 -3 5 -4 5 -4 5 -4 5 -4 4 -4 4 0 0 0 0 0 0 0 0 0 0 ]
CSI_DATA,AP,10:B4:1D:CC:60:E0,-24,11,1,7,1,1,1,1,0,0,1,-93,0,6,2,12029197,0,68,0,0,11.7386,384,[0 0 0 0 0 0 0 0 0 0 0 0 4 10 4 9 4 9 4 9 4 9 4 9 4 8 4 8 4 8 4 8 5 8 4 7 5 7 5 7 5 7 5 7 5 7 5 6 5 6 5 6 5 6 6 6 5 6 6 6 6 6 6 6 0 0 6 6 6 6 6 6 6 6 6 7 5 7 5 7 5 7 5 6 4 7 4 6 4 7 4 7 3 6 3 6 3 6 3 6 2 6 2 6 2 6 2 6 1 5 1 5 1 5 0 5 0 5 0 0 0 0 0 0 0 0 0 0 ]
CSI_DATA,AP,10:B4:1D:CC:60:E0,-24,11,1,7,1,1,1,1,0,0,1,-93,0,6,2,12119275,0,68,0,0,11.8287,384,[0 0 0 0 0 0 0 0 0 0 0 0 8 -7 8 -7 8 -7 8 -7 8 -7 7 -7 7 -7 7 -7 7 -7 7 -7 6 -7 6 -7 6 -7 6 -7 5 -7 5 -8 5 -7 5 -8 5 -8 5 -8 5 -8 4 -8 5 -8 4 -8 4 -8 5 -8 0 0 5 -8 4 -8 4 -8 5 -8 4 -8 5 -8 5 -8 5 -7 5 -7 5 -7 5 -7 5 -7 5 -6 5 -6 5 -6 5 -5 5 -5 5 -5 5 -4 5 -4 5 -4 5 -4 5 -3 5 -3 5 -3 5 -2 0 0 0 0 0 0 0 0 0 0 ]
CSI_DATA,AP,10:B4:1D:CC:60:E0,-24,11,1,7,1,1,1,1,0,0,1,-93,0,6,2,12209401,0,68,0,0,11.9188,384,[0 0 0 0 0 0 0 0 0 0 0 0 -10 5 -10 5 -10 5 -10 5 -9 5 -9 5 -9 5 -9 5 -9 5 -8 5 -8 5 -8 5 -8 5 -8 5 -8 5 -7 5 -7 5 -7 6 -7 6 -7 6 -7 6 -7 6 -7 6 -7 6 -7 6 -7 6 0 0 -7 6 -7 6 -7 6 -7 6 -7 6 -7 6 -7 6 -7 5 -7 5 -7 5 -7 5 -7 4 -7 4 -7 4 -7 3 -7 3 -7 3 -7 3 -7 2 -6 2 -7 2 -6 2 -6 1 -6 1 -6 1 -6 0 0 0 0 0 0 0 0 0 0 0 ]
CSI_DATA,AP,10:B4:1D:CC:60:E0,-24,11,1,7,1,1,1,1,0,0,1,-93,0,6,2,12299271,0,68,0,0,12.0087,384,[0 0 0 0 0 0 0 0 0 0 0 0 5 9 5 9 6 9 5 9 5 9 5 8 5 8 5 8 5 8 6 7 5 7 6 7 6 7 6 6 6 6 6 6 6 6 6 6 6 6 6 6 6 6 6 6 7 5 7 5 7 5 7 5 0 0 7 6 7 6 6 6 7 6 6 6 6 6 6 6 6 6 5 6 5 6 5 6 5 6 4 6 4 6 4 6 4 6 3 6 3 6 3 6 2 5 2 6 2 5 2 5 1 5 1 5 1 5 0 0 0 0 0 0 0 0 0 0 ]
CSI_DATA,AP,10:B4:1D:CC:60:E0,-24,11,1,6,1,1,1,1,0,0,0,-93,0,6,2,12393505,0,68,0,0,12.1029,384,[0 0 0 0 0 0 0 0 0 0 0 0 4 10 4 9 4 9 4 9 4 9 4 8 4 8 4 8 4 8 4 8 5 7 5 7 5 7 5 7 5 7 5 7 5 6 5 6 5 6 5 6 5 6 6 6 6 6 6 6 6 6 6 6 0 0 6 6 6 6 6 6 6 6 6 6 5 7 5 7 5 6 5 7 5 7 4 6 4 6 4 6 3 6 3 6 3 6 3 6 2 6 2 6 2 5 1 6 1 6 1 5 1 5 1 5 0 5 0 0 0 0 0 0 0 0 0 0 ]
CSI_DATA,AP,10:B4:1D:CC:60:E0,-24,11,1,7,1,1,1,1,0,0,1,-93,0,6,2,12479235,0,68,0,0,12.1886,384,[0 0 0 0 0 0 0 0 0 0 0 0 -2 -12 -2 -11 -2 -11 -2 -11 -3 -11 -3 -11 -2 -10 -2 -10 -3 -10 -3 -10 -3 -10 -3 -9 -3 -9 -4 -9 -4 -9 -4 -9 -4 -9 -4 -9 -4 -8 -4 -9 -4 -9 -4 -9 -4 -9 -5 -9 -5 -9 -5 -8 0 0 -4 -9 -4 -9 -4 -9 -4 -9 -4 -9 -4 -9 -3 -9 -3 -9 -3 -9 -3 -9 -3 -9 -3 -8 -2 -8 -2 -8 -2 -8 -1 -8 -1 -8 -1 -7 -1 -7 0 -7 0 -7 0 -7 0 -7 0 -6 1 -6 1 -6 0 0 0 0 0 0 0 0 0 0 ]
CSI_DATA,AP,10:B4:1D:CC:60:E0,-24,11,1,7,1,1,1,1,0,0,1,-93,0,6,2,12569132,0,68,0,0,12.2785,384,[0 0 0 0 0 0 0 0 0 0 0 0 -9 7 -9 7 -8 7 -8 6 -8 7 -8 7 -8 7 -8 6 -7 6 -7 7 -7 7 -7 7 -6 7 -6 7 -6 7 -6 7 -6 7 -5 7 -5 7 -5 7 -5 7 -5 7 -5 7 -5 8 -4 7 -5 8 0 0 -5 7 -5 8 -5 8 -5 8 -5 7 -5 7 -5 7 -5 7 -6 6 -6 6 -5 6 -5 6 -5 6 -5 5 -6 5 -6 5 -6 5 -6 4 -6 4 -6 4 -6 3 -6 3 -5 3 -5 3 -5 3 -6 2 0 0 0 0 0 0 0 0 0 0 ]
CSI_DATA,AP,10:B4:1D:CC:60:E0,-24,11,1,7,1,1,1,1,0,0,1,-93,0,6,2,12659123,0,68,0,0,12.3685,384,[0 0 0 0 0 0 0 0 0 0 0 0 -9 -9 -8 -8 -8 -8 -8 -8 -8 -8 -8 -8 -8 -8 -8 -7 -8 -7 -8 -7 -8 -7 -8 -6 -8 -6 -8 -6 -8 -6 -8 -6 -8 -5 -8 -5 -9 -5 -9 -5 -8 -5 -9 -5 -9 -5 -9 -5 -9 -5 -9 -5 0 0 -9 -5 -9 -5 -9 -5 -9 -5 -9 -5 -8 -6 -8 -6 -8 -6 -8 -6 -8 -6 -7 -6 -7 -6 -7 -6 -6 -6 -6 -6 -6 -6 -5 -6 -5 -6 -5 -6 -5 -6 -4 -6 -4 -6 -4 -6 -3 -6 -3 -6 -3 -6 0 0 0 0 0 0 0 0 0 0 ]
CSI_DATA,AP,10:B4:1D:CC:60:E0,-24,11,1,7,1,1,1,1,0,0,1,-93,0,6,2,12751056,0,68,0,0,12.4604,384,[0 0 0 0 0 0 0 0 0 0 0 0 -10 -7 -10 -7 -9 -7 -9 -7 -9 -7 -9 -6 -9 -6 -9 -6 -9 -6 -9 -5 -9 -5 -9 -5 -9 -5 -9 -4 -9 -4 -9 -4 -9 -4 -9 -4 -9 -3 -9 -4 -9 -3 -9 -3 -9 -3 -9 -3 -9 -3 -10 -3 0 0 -10 -3 -9 -3 -9 -3 -10 -3 -9 -3 -9 -4 -9 -4 -9 -4 -9 -4 -9 -4 -8 -4 -8 -4 -8 -4 -8 -4 -7 -4 -7 -5 -7 -5 -7 -5 -6 -5 -6 -5 -6 -5 -5 -5 -5 -5 -4 -5 -4 -5 -4 -5 0 0 0 0 0 0 0 0 0 0 ]
CSI_DATA,AP,10:B4:1D:CC:60:E0,-24,11,1,7,1,1,1,1,0,0,1,-93,0,6,2,12839207,0,68,0,0,12.5486,384,[0 0 0 0 0 0 0 0 0 0 0 0 6 -9 6 -9 6 -9 6 -9 5 -9 5 -9 5 -9 5 -9 5 -9 4 -9 4 -9 4 -9 4 -9 3 -9 3 -9 3 -9 3 -9 3 -9 2 -9 2 -9 2 -9 2 -9 2 -9 2 -9 2 -9 2 -9 0 0 2 -9 2 -9 2 -9 2 -9 2 -9 3 -9 3 -9 3 -9 3 -9 3 -8 3 -8 3 -8 3 -8 3 -7 3 -7 4 -7 3 -7 4 -6 4 -6 3 -5 4 -5 4 -5 4 -5 4 -4 4 -4 4 -4 0 0 0 0 0 0 0 0 0 0 ]
CSI_DATA,AP,10:B4:1D:CC:60:E0,-24,11,1,7,1,1,1,1,0,0,1,-93,0,6,2,12929203,0,68,0,0,12.6386,384,[0 0 0 0 0 0 0 0 0 0 0 0 6 8 6 8 6 8 6 8 6 8 6 7 6 7 6 7 6 7 6 7 6 6 6 6 6 6 6 6 6 6 6 5 6 5 7 5 6 5 7 5 7 5 7 5 7 5 7 5 7 5 7 5 0 0 7 5 7 5 7 5 7 5 7 5 6 6 6 6 6 6 6 6 6 6 5 5 5 6 5 6 4 6 4 6 4 5 3 6 3 5 3 5 3 5 2 5 2 5 2 5 2 5 1 5 1 5 0 0 0 0 0 0 0 0 0 0 ]
CSI_DATA,AP,10:B4:1D:CC:60:E0,-24,11,1,7,1,1,1,1,0,0,1,-93,0,6,2,13019187,0,68,0,0,12.7286,384,[0 0 0 0 0 0 0 0 0 0 0 0 -6 -11 -6 -10 -6 -10 -5 -10 -6 -10 -6 -9 -6 -9 -6 -9 -6 -9 -6 -9 -6 -9 -6 -8 -6 -8 -6 -8 -7 -8 -6 -8 -6 -7 -7 -7 -7 -7 -7 -7 -7 -7 -7 -7 -7 -7 -7 -7 -7 -7 -7 -7 0 0 -7 -7 -7 -7 -7 -7 -7 -7 -7 -7 -7 -8 -6 -8 -6 -7 -6 -8 -6 -8 -6 -7 -5 -7 -5 -8 -5 -7 -5 -7 -4 -7 -4 -7 -4 -7 -3 -7 -3 -6 -3 -7 -2 -7 -2 -6 -2 -6 -2 -6 -1 -6 0 0 0 0 0 0 0 0 0 0 ]
CSI_DATA,AP,10:B4:1D:CC:60:E0,-24,11,1,7,1,1,1,1,0,0,1,-93,0,6,2,13109312,0,68,0,0,12.8187,384,[0 0 0 0 0 0 0 0 0 0 0 0 -4 -11 -4 -11 -4 -11 -4 -10 -4 -10 -4 -10 -4 -10 -4 -10 -5 -10 -5 -9 -5 -9 -5 -9 -5 -9 -5 -9 -5 -8 -6 -8 -5 -8 -6 -8 -6 -8 -6 -8 -6 -8 -6 -8 -6 -8 -6 -8 -6 -8 -6 -7 0 0 -6 -8 -6 -8 -6 -8 -6 -8 -6 -8 -6 -8 -6 -8 -5 -8 -5 -8 -5 -8 -5 -8 -4 -8 -4 -8 -4 -8 -4 -7 -4 -7 -3 -8 -3 -7 -3 -7 -2 -7 -2 -7 -2 -7 -1 -7 -1 -6 -1 -6 -1 -6 0 0 0 0 0 0 0 0 0 0 ]
CSI_DATA,AP,10:B4:1D:CC:60:E0,-24,11,1,7,1,1,1,1,0,0,1,-93,0,6,2,13199070,0,68,0,0,12.9085,384,[0 0 0 0 0 0 0 0 0 0 0 0 6 8 6 8 6 8 6 8 6 7 6 7 6 7 6 7 6 7 6 6 6 6 6 6 7 6 7 5 7 6 7 5 7 5 7 5 7 5 7 5 7 5 7 5 7 4 7 4 7 4 7 4 0 0 7 5 7 5 7 5 7 5 7 5 7 5 7 5 6 5 6 5 6 5 6 5 6 5 5 5 5 5 5 5 4 5 4 5 4 5 4 5 3 5 3 5 3 5 2 5 2 5 2 5 1 5 0 0 0 0 0 0 0 0 0 0 ]
CSI_DATA,AP,10:B4:1D:CC:60:E0,-24,11,1,7,1,1,1,1,0,0,1,-93,0,6,2,13289171,0,68,0,0,12.9986,384,[0 0 0 0 0 0 0 0 0 0 0 0 0 11 0 10 0 10 0 10 0 10 0 10 0 9 0 9 0 9 1 9 1 9 1 9 1 9 2 8 2 8 2 8 2 8 2 8 3 8 2 8 2 8 3 8 3 8 3 8 3 8 3 8 0 0 3 8 3 8 3 8 3 8 3 8 2 8 2 8 2 8 2 8 1 8 1 8 1 8 1 7 1 7 0 7 0 7 0 7 0 7 0 6 -1 6 -1 6 -1 6 -1 5 -1 5 -2 5 -2 5 0 0 0 0 0 0 0 0 0 0 ]
CSI_DATA,AP,10:B4:1D:CC:60:E0,-24,11,1,7,1,1,1,1,0,0,1,-93,0,6,2,13379304,0,68,0,0,13.0887,384,[0 0 0 0 0 0 0 0 0 0 0 0 -7 8 -7 8 -7 8 -7 8 -6 8 -6 8 -6 8 -6 8 -6 8 -5 8 -5 8 -5 8 -5 8 -5 8 -4 8 -4 8 -4 8 -4 8 -3 8 -3 8 -3 8 -3 8 -3 8 -3 8 -3 8 -3 8 0 0 -3 9 -3 8 -3 8 -3 8 -3 8 -3 8 -4 8 -4 8 -4 8 -4 7 -4 7 -4 7 -4 7 -4 7 -4 6 -4 6 -4 5 -4 5 -4 5 -4 5 -5 4 -5 4 -4 4 -5 4 -5 3 -5 3 0 0 0 0 0 0 0 0 0 0 ]
CSI_DATA,AP,10:B4:1D:CC:60:E0,-24,11,1,7,1,1,1,1,0,0,1,-93,0,6,2,13469076,0,68,0,0,13.1785,384,[0 0 0 0 0 0 0 0 0 0 0 0 10 3 10 3 10 3 10 3 9 3 9 2 9 2 9 2 9 2 9 2 9 1 9 1 9 1 8 1 8 1 9 0 8 0 9 0 8 0 9 0 8 0 8 0 9 -1 9 -1 9 -1 9 -1 0 0 9 -1 9 -1 9 -1 9 -1 9 -1 9 0 9 0 8 0 8 0 8 0 8 0 8 1 7 1 7 1 7 1 7 1 6 1 6 1 6 2 6 2 5 2 5 2 5 2 5 2 4 2 4 3 0 0 0 0 0 0 0 0 0 0 ]
CSI_DATA,AP,10:B4:1D:CC:60:E0,-24,11,1,7,1,1,1,1,0,0,1,-93,0,6,2,13559158,0,68,0,0,13.2685,384,[0 0 0 0 0 0 0 0 0 0 0 0 -12 2 -12 2 -11 2 -11 2 -11 2 -11 2 -11 2 -10 2 -10 2 -10 2 -10 2 -10 2 -9 3 -9 3 -9 3 -9 3 -9 3 -9 3 -9 4 -9 3 -9 4 -9 4 -9 4 -9 4 -8 4 -9 4 0 0 -9 4 -9 4 -9 4 -9 4 -9 3 -9 3 -9 3 -9 3 -9 2 -9 2 -9 2 -9 2 -9 2 -8 1 -8 1 -8 1 -8 1 -8 0 -7 0 -7 0 -7 0 -7 -1 -7 -1 -6 -1 -6 -1 -6 -2 0 0 0 0 0 0 0 0 0 0 ]
CSI_DATA,AP,10:B4:1D:CC:60:E0,-24,11,1,7,1,1,1,1,0,0,1,-93,0,6,2,13649034,0,68,0,0,13.3584,384,[0 0 0 0 0 0 0 0 0 0 0 0 -4 -11 -4 -11 -5 -11 -4 -11 -4 -10 -4 -10 -4 -10 -4 -10 -4 -10 -5 -9 -5 -9 -5 -9 -5 -9 -5 -9 -5 -9 -5 -8 -5 -8 -6 -8 -6 -8 -6 -8 -6 -8 -6 -8 -6 -8 -6 -8 -6 -8 -6 -8 0 0 -6 -8 -6 -8 -6 -8 -6 -8 -6 -8 -5 -8 -5 -9 -5 -8 -5 -8 -5 -8 -4 -8 -4 -8 -4 -8 -4 -8 -3 -8 -3 -8 -3 -8 -3 -7 -2 -7 -2 -7 -2 -7 -1 -7 -1 -7 -1 -7 -1 -6 0 -6 0 0 0 0 0 0 0 0 0 0 ]
CSI_DATA,AP,10:B4:1D:CC:60:E0,-24,11,1,7,1,1,1,1,0,0,1,-93,0,6,2,13739207,0,68,0,0,13.4486,384,[0 0 0 0 0 0 0 0 0 0 0 0 6 8 6 8 6 8 6 8 6 8 6 8 6 8 6 7 6 7 6 7 6 7 6 6 6 6 6 6 6 6 6 5 6 5 6 5 7 5 7 5 6 5 7 5 7 5 7 5 7 5 7 5 0 0 7 5 7 5 7 5 7 5 7 5 7 5 6 5 6 5 6 5 6 5 6 5 5 5 5 5 5 5 4 5 4 5 4 5 4 5 3 5 3 5 3 5 2 5 2 5 2 5 2 5 1 5 0 0 0 0 0 0 0 0 0 0 ]
CSI_DATA,AP,10:B4:1D:CC:60:E0,-24,11,1,7,1,1,1,1,0,0,1,-93,0,6,2,13829152,0,68,0,0,13.5385,384,[0 0 0 0 0 0 0 0 0 0 0 0 10 4 10 4 9 4 9 4 9 3 9 3 9 3 9 3 9 3 9 2 9 2 8 2 9 2 8 1 8 1 8 1 8 1 8 1 8 1 8 1 8 1 8 1 8 0 9 0 9 0 9 0 0 0 9 0 9 0 9 0 9 0 9 1 8 1 8 1 8 1 8 1 8 1 8 1 7 1 7 2 7 2 7 2 7 2 6 2 6 2 6 2 5 2 5 3 5 3 5 3 4 3 4 3 4 3 0 0 0 0 0 0 0 0 0 0 ]
CSI_DATA,AP,10:B4:1D:CC:60:E0,-24,11,1,7,1,1,1,1,0,0,1,-93,0,6,2,13919089,0,68,0,0,13.6285,384,[0 0 0 0 0 0 0 0 0 0 0 0 9 5 9 6 8 5 9 5 8 5 9 5 8 5 8 4 8 4 8 4 8 3 8 3 8 3 8 3 8 3 8 2 8 2 8 2 8 2 8 2 8 2 8 2 8 1 8 1 8 1 8 1 0 0 9 1 8 2 8 2 9 2 9 2 8 2 8 2 8 2 8 2 8 2 7 2 7 3 7 3 7 3 6 3 6 3 6 3 6 3 5 3 5 3 5 3 4 3 4 3 4 3 4 4 3 4 0 0 0 0 0 0 0 0 0 0 ]
CSI_DATA,AP,10:B4:1D:CC:60:E0,-24,11,1,7,1,1,1,1,0,0,1,-93,0,6,2,14009055,0,68,0,0,13.7184,384,[0 0 0 0 0 0 0 0 0 0 0 0 10 -5 10 -5 9 -5 9 -4 9 -5 9 -5 9 -5 9 -5 8 -5 8 -5 8 -5 8 -5 7 -5 7 -6 7 -6 7 -6 7 -6 7 -6 6 -6 6 -6 6 -6 6 -6 6 -7 6 -7 6 -7 6 -7 0 0 6 -7 6 -7 6 -7 6 -7 6 -6 6 -7 6 -6 6 -6 7 -6 7 -6 7 -5 6 -5 6 -5 6 -4 6 -4 6 -4 6 -4 6 -3 6 -3 6 -3 6 -2 5 -2 5 -2 5 -2 5 -2 5 -1 0 0 0 0 0 0 0 0 0 0 ]
CSI_DATA,AP,10:B4:1D:CC:60:E0,-23,11,1,7,1,1,1,1,0,0,1,-93,0,6,2,14099231,0,68,0,0,13.8086,384,[0 0 0 0 0 0 0 0 0 0 0 0 7 -9 7 -9 7 -9 6 -9 6 -8 6 -9 6 -8 6 -8 5 -8 5 -8 5 -8 5 -8 5 -8 4 -8 4 -8 4 -8 4 -8 4 -8 3 -9 3 -9 3 -8 3 -9 3 -9 3 -9 3 -9 3 -9 0 0 3 -9 3 -9 3 -9 3 -9 4 -9 4 -9 4 -9 4 -8 4 -8 4 -8 4 -8 4 -7 4 -7 4 -7 4 -6 4 -6 4 -6 4 -5 4 -5 5 -5 5 -4 4 -4 4 -4 4 -4 5 -3 5 -3 0 0 0 0 0 0 0 0 0 0 ]
CSI_DATA,AP,10:B4:1D:CC:60:E0,-24,11,1,7,1,1,1,1,0,0,1,-93,0,6,2,14189138,0,68,0,0,13.8985,384,[0 0 0 0 0 0 0 0 0 0 0 0 3 -11 3 -11 3 -11 3 -10 2 -11 2 -10 2 -10 2 -10 2 -10 1 -10 1 -10 1 -10 1 -10 1 -10 1 -10 0 -10 0 -9 0 -10 0 -9 0 -10 0 -9 0 -9 0 -10 -1 -10 -1 -10 -1 -9 0 0 0 -10 -1 -10 -1 -10 0 -10 0 -10 0 -10 0 -10 1 -9 1 -9 1 -9 1 -9 1 -9 1 -8 1 -8 2 -8 2 -7 2 -7 2 -7 2 -7 2 -6 2 -6 3 -6 3 -6 3 -5 3 -5 3 -5 0 0 0 0 0 0 0 0 0 0 ]
CSI_DATA,AP,10:B4:1D:CC:60:E0,-24,11,1,7,1,1,1,1,0,0,1,-93,0,6,2,14279064,0,68,0,0,13.9885,384,[0 0 0 0 0 0 0 0 0 0 0 0 3 -11 3 -11 3 -11 2 -11 2 -11 2 -10 2 -10 2 -10 2 -10 1 -10 1 -10 1 -10 1 -10 0 -10 0 -10 0 -10 0 -9 0 -10 -1 -9 -1 -10 -1 -9 -1 -9 -1 -10 -1 -10 -1 -9 -1 -10 0 0 -1 -10 -1 -10 -1 -9 -1 -10 -1 -10 -1 -10 -1 -10 -1 -9 0 -9 0 -9 0 -9 0 -9 0 -8 0 -8 1 -8 1 -8 1 -8 1 -7 1 -7 1 -7 1 -6 2 -7 2 -6 2 -6 2 -6 2 -5 0 0 0 0 0 0 0 0 0 0 ]
CSI_DATA,AP,10:B4:1D:CC:60:E0,-24,11,1,7,1,1,1,1,0,0,1,-93,0,6,2,14369151,0,68,0,0,14.0785,384,[0 0 0 0 0 0 0 0 0 0 0 0 4 10 4 10 4 9 4 9 4 9 4 9 4 8 4 8 4 8 5 8 5 8 5 7 5 7 5 7 5 7 5 7 5 6 5 6 6 6 6 6 6 6 6 6 6 6 6 6 6 6 6 6 0 0 6 6 6 6 6 6 6 6 6 6 6 6 5 7 5 6 5 7 5 6 4 6 4 7 4 6 4 6 3 6 3 6 3 6 3 6 2 6 2 6 2 6 1 5 1 5 1 5 1 5 0 5 0 0 0 0 0 0 0 0 0 0 ]
CSI_DATA,AP,10:B4:1D:CC:60:E0,-23,11,1,7,1,1,1,1,0,0,1,-93,0,6,2,14459321,0,68,0,0,14.1687,384,[0 0 0 0 0 0 0 0 0 0 0 0 -8 8 -8 8 -8 8 -7 8 -7 7 -7 7 -7 7 -7 7 -7 7 -6 7 -6 7 -6 7 -5 7 -5 7 -5 7 -5 7 -5 8 -5 8 -4 8 -4 8 -4 8 -4 8 -4 8 -4 8 -4 8 -4 8 0 0 -4 8 -4 8 -4 8 -4 8 -4 8 -4 8 -5 8 -5 7 -5 7 -5 7 -5 7 -5 7 -5 6 -5 6 -5 6 -5 5 -5 5 -5 5 -5 4 -5 4 -5 4 -5 4 -5 4 -5 3 -5 3 -5 2 0 0 0 0 0 0 0 0 0 0 ]
CSI_DATA,AP,10:B4:1D:CC:60:E0,-23,11,1,7,1,1,1,1,0,0,1,-93,0,6,2,14549223,0,68,0,0,14.2586,384,[0 0 0 0 0 0 0 0 0 0 0 0 5 -10 5 -10 4 -10 4 -10 4 -10 4 -10 4 -10 4 -10 4 -9 3 -10 3 -9 2 -9 2 -10 2 -9 2 -10 2 -9 2 -10 1 -9 1 -10 1 -9 1 -9 1 -9 1 -10 0 -10 0 -10 0 -10 0 0 1 -10 1 -10 1 -10 1 -10 1 -10 1 -10 2 -10 2 -9 2 -9 2 -9 2 -9 2 -9 2 -8 2 -8 3 -8 3 -7 3 -7 3 -7 3 -6 3 -6 3 -6 3 -6 3 -6 3 -5 3 -5 3 -4 0 0 0 0 0 0 0 0 0 0 ]
CSI_DATA,AP,10:B4:1D:CC:60:E0,-23,11,1,7,1,1,1,1,0,0,1,-93,0,6,2,14639243,0,68,0,0,14.3486,384,[0 0 0 0 0 0 0 0 0 0 0 0 2 -11 2 -11 2 -11 2 -11 2 -11 2 -11 1 -10 2 -10 1 -10 1 -10 1 -10 1 -10 0 -10 0 -10 0 -10 -1 -10 -1 -9 -1 -10 -1 -10 -1 -10 -1 -9 -1 -10 -1 -10 -2 -10 -2 -10 -2 -10 0 0 -1 -10 -1 -10 -2 -10 -1 -10 -1 -10 -1 -10 -1 -10 -1 -10 0 -9 0 -9 0 -9 0 -9 0 -9 1 -8 1 -8 1 -8 1 -8 1 -7 1 -7 1 -7 2 -7 2 -6 2 -6 2 -6 2 -6 2 -5 0 0 0 0 0 0 0 0 0 0 ]
CSI_DATA,AP,10:B4:1D:CC:60:E0,-24,11,1,7,1,1,1,1,0,0,1,-93,0,6,2,14729156,0,68,0,0,14.4385,384,[0 0 0 0 0 0 0 0 0 0 0 0 3 10 3 10 3 10 3 9 3 10 3 9 3 9 3 9 3 9 3 9 3 8 4 8 4 8 4 8 4 8 4 8 4 7 4 7 5 7 5 7 5 7 5 7 5 7 5 7 5 7 5 7 0 0 5 7 5 7 5 7 5 7 5 7 4 7 4 7 4 7 4 7 4 7 3 7 3 7 3 7 3 7 2 7 2 6 2 7 2 6 1 6 1 6 1 6 0 6 0 6 0 5 0 5 -1 5 0 0 0 0 0 0 0 0 0 0 ]
CSI_DATA,AP,10:B4:1D:CC:60:E0,-24,11,1,7,1,1,1,1,0,0,1,-93,0,6,2,14819086,0,68,0,0,14.5285,384,[0 0 0 0 0 0 0 0 0 0 0 0 -8 -9 -8 -8 -8 -8 -8 -8 -8 -8 -8 -8 -8 -8 -8 -7 -8 -7 -8 -7 -8 -7 -8 -7 -8 -6 -8 -6 -8 -6 -8 -5 -8 -5 -8 -5 -8 -5 -8 -5 -8 -5 -8 -5 -8 -5 -9 -5 -9 -5 -9 -5 0 0 -9 -5 -9 -5 -9 -5 -9 -5 -9 -5 -8 -5 -8 -5 -8 -5 -8 -5 -8 -6 -7 -5 -7 -6 -7 -6 -6 -6 -6 -6 -6 -6 -6 -6 -6 -6 -5 -6 -5 -5 -5 -6 -4 -6 -4 -6 -4 -6 -3 -6 -3 -6 0 0 0 0 0 0 0 0 0 0 ]
CSI_DATA,AP,10:B4:1D:CC:60:E0,-23,11,1,7,1,1,1,1,0,0,1,-93,0,6,2,14909195,0,68,0,0,14.6186,384,[0 0 0 0 0 0 0 0 0 0 0 0 -4 10 -4 10 -4 10 -4 10 -4 10 -4 9 -4 9 -3 9 -3 9 -3 9 -3 9 -2 9 -2 9 -2 9 -2 9 -2 9 -1 9 -1 9 -1 9 -1 9 -1 8 -1 9 -1 9 0 9 0 9 0 9 0 0 -1 9 0 9 -1 9 0 9 -1 9 -1 9 -1 9 -1 8 -2 8 -2 8 -2 8 -2 8 -2 8 -2 7 -3 7 -2 7 -3 6 -3 6 -3 6 -3 5 -3 5 -3 5 -3 5 -4 5 -4 4 -4 4 0 0 0 0 0 0 0 0 0 0 ]
CSI_DATA,AP,10:B4:1D:CC:60:E0,-24,11,1,7,1,1,1,1,0,0,1,-93,0,6,2,14999177,0,68,0,0,14.7086,384,[0 0 0 0 0 0 0 0 0 0 0 0 -12 -3 -11 -3 -11 -3 -11 -3 -11 -3 -10 -3 -11 -3 -10 -3 -10 -2 -10 -2 -10 -2 -10 -2 -10 -1 -10 -1 -10 -1 -10 -1 -9 -1 -10 -1 -10 0 -10 0 -9 0 -9 0 -10 0 -10 0 -10 0 -9 0 0 0 -10 0 -10 0 -9 0 -10 0 -10 0 -10 0 -10 -1 -9 -1 -9 -1 -9 -1 -9 -1 -9 -1 -8 -1 -8 -2 -8 -2 -8 -2 -8 -2 -7 -2 -7 -2 -7 -3 -6 -3 -6 -3 -6 -3 -6 -3 -6 -3 -5 -4 0 0 0 0 0 0 0 0 0 0 ]
CSI_DATA,AP,10:B4:1D:CC:60:E0,-24,11,1,7,1,1,1,1,0,0,1,-93,0,6,2,15089285,0,68,0,0,14.7987,384,[0 0 0 0 0 0 0 0 0 0 0 0 -5 10 -5 10 -5 9 -5 9 -4 9 -5 9 -4 9 -4 9 -4 9 -3 9 -3 9 -3 9 -3 8 -2 9 -2 9 -2 8 -2 8 -2 8 -2 9 -1 8 -1 8 -1 9 -1 8 -1 9 -1 9 -1 9 0 0 -1 9 -1 9 -1 9 -1 9 -1 9 -1 9 -2 9 -2 8 -2 8 -2 8 -2 8 -2 8 -3 7 -3 7 -3 7 -3 6 -3 6 -3 6 -3 6 -3 5 -3 5 -4 5 -4 5 -4 5 -4 4 -4 4 0 0 0 0 0 0 0 0 0 0 ]
CSI_DATA,AP,10:B4:1D:CC:60:E0,-24,11,1,7,1,1,1,1,0,0,1,-93,0,6,2,15179218,0,68,0,0,14.8886,384,[0 0 0 0 0 0 0 0 0 0 0 0 10 -5 9 -5 9 -5 9 -5 9 -5 9 -5 8 -5 8 -5 8 -5 8 -5 8 -6 7 -5 7 -6 7 -6 7 -6 7 -6 6 -6 7 -6 6 -7 6 -7 6 -6 6 -7 6 -7 6 -7 6 -7 6 -7 0 0 6 -7 6 -7 6 -7 6 -7 6 -7 6 -7 6 -6 6 -6 6 -6 7 -6 6 -5 6 -5 6 -5 6 -4 6 -4 6 -4 6 -4 6 -4 6 -3 6 -3 6 -3 5 -3 5 -2 5 -2 5 -1 5 -1 0 0 0 0 0 0 0 0 0 0 ]
CSI_DATA,AP,10:B4:1D:CC:60:E0,-24,11,1,7,1,1,1,1,0,0,1,-93,0,6,2,15269174,0,68,0,0,14.9786,384,[0 0 0 0 0 0 0 0 0 0 0 0 -12 1 -11 2 -11 2 -11 1 -11 1 -11 1 -10 2 -10 2 -10 2 -9 2 -10 2 -10 2 -9 2 -9 2 -9 2 -9 3 -9 3 -9 3 -9 3 -9 3 -9 3 -9 3 -9 3 -9 4 -9 3 -9 4 0 0 -9 3 -9 3 -9 3 -9 3 -9 3 -9 3 -9 2 -9 2 -9 2 -9 2 -9 2 -8 1 -8 1 -8 1 -8 0 -8 0 -8 0 -7 0 -7 -1 -7 -1 -7 -1 -7 -1 -7 -1 -6 -1 -6 -2 -6 -2 0 0 0 0 0 0 0 0 0 0 ]
CSI_DATA,AP,10:B4:1D:CC:60:E0,-24,11,1,7,1,1,1,1,0,0,1,-93,0,6,2,15359219,0,68,0,0,15.0686,384,[0 0 0 0 0 0 0 0 0 0 0 0 -2 -12 -2 -11 -2 -11 -2 -11 -2 -11 -2 -11 -2 -10 -2 -10 -2 -10 -3 -10 -3 -10 -3 -9 -3 -9 -4 -9 -3 -9 -4 -9 -4 -9 -4 -9 -4 -9 -4 -9 -4 -9 -4 -9 -5 -8 -5 -9 -5 -9 -5 -9 0 0 -5 -9 -5 -9 -5 -9 -5 -9 -4 -9 -4 -9 -4 -9 -4 -9 -3 -9 -3 -9 -3 -9 -3 -9 -3 -8 -2 -8 -2 -8 -2 -8 -2 -8 -2 -7 -1 -7 -1 -7 -1 -7 0 -7 0 -7 0 -6 0 -6 1 -6 0 0 0 0 0 0 0 0 0 0 ]
CSI_DATA,AP,10:B4:1D:CC:60:E0,-24,11,1,7,1,1,1,1,0,0,1,-93,0,6,2,15449091,0,68,0,0,15.1585,384,[0 0 0 0 0 0 0 0 0 0 0 0 1 -12 1 -11 1 -11 0 -11 0 -11 0 -11 0 -11 0 -10 0 -10 -1 -10 -1 -10 -1 -10 -1 -10 -1 -10 -1 -10 -1 -10 -2 -9 -2 -9 -2 -9 -2 -9 -2 -9 -2 -9 -2 -9 -3 -9 -3 -9 -3 -9 0 0 -2 -9 -3 -10 -2 -9 -2 -10 -2 -10 -2 -10 -2 -10 -2 -9 -1 -9 -1 -9 -1 -9 -1 -9 0 -9 0 -8 0 -8 0 -8 0 -8 0 -8 0 -7 1 -7 1 -7 1 -7 1 -6 1 -6 2 -6 2 -5 0 0 0 0 0 0 0 0 0 0 ]
CSI_DATA,AP,10:B4:1D:CC:60:E0,-24,11,1,7,1,1,1,1,0,0,1,-93,0,6,2,15539184,0,68,0,0,15.2486,384,[0 0 0 0 0 0 0 0 0 0 0 0 7 -9 7 -9 7 -8 7 -8 6 -8 6 -8 6 -8 6 -8 6 -8 5 -8 6 -8 5 -8 5 -8 5 -8 4 -8 4 -8 4 -8 4 -8 4 -8 4 -8 4 -9 3 -9 4 -9 3 -9 3 -9 3 -9 0 0 4 -9 3 -9 3 -9 4 -9 4 -9 4 -9 4 -9 4 -8 4 -8 5 -8 4 -7 4 -7 4 -7 4 -7 5 -6 5 -6 5 -6 5 -5 4 -5 4 -5 5 -5 5 -4 4 -4 5 -4 5 -3 5 -3 0 0 0 0 0 0 0 0 0 0 ]
CSI_DATA,AP,10:B4:1D:CC:60:E0,-24,11,1,7,1,1,1,1,0,0,1,-93,0,6,2,15629300,0,68,0,0,15.3387,384,[0 0 0 0 0 0 0 0 0 0 0 0 8 -7 8 -7 8 -7 8 -7 7 -7 7 -7 7 -7 7 -7 7 -7 6 -7 6 -7 6 -7 6 -7 6 -7 5 -7 5 -7 5 -8 5 -8 5 -8 5 -8 4 -8 4 -8 5 -8 4 -8 4 -8 4 -8 0 0 5 -8 4 -8 4 -8 5 -8 5 -8 5 -8 5 -8 5 -8 5 -7 5 -7 5 -7 5 -6 5 -6 5 -6 5 -5 5 -5 5 -5 5 -5 5 -4 5 -4 5 -4 5 -4 5 -4 5 -3 5 -3 5 -2 0 0 0 0 0 0 0 0 0 0 ]
CSI_DATA,AP,10:B4:1D:CC:60:E0,-24,11,1,7,1,1,1,1,0,0,1,-93,0,6,2,15720664,0,68,0,0,15.4301,384,[0 0 0 0 0 0 0 0 0 0 0 0 -8 -8 -8 -8 -8 -8 -8 -8 -8 -8 -8 -8 -8 -7 -8 -7 -8 -7 -8 -7 -8 -7 -8 -6 -8 -6 -8 -6 -8 -6 -8 -6 -8 -5 -8 -5 -8 -5 -8 -5 -8 -5 -8 -5 -8 -5 -9 -5 -8 -5 -9 -5 0 0 -9 -5 -8 -5 -8 -5 -8 -5 -8 -5 -8 -6 -8 -6 -8 -6 -7 -6 -7 -6 -7 -6 -7 -6 -6 -6 -6 -6 -6 -6 -6 -6 -5 -6 -5 -6 -5 -6 -4 -6 -4 -6 -4 -6 -4 -6 -3 -6 -3 -6 -3 -6 0 0 0 0 0 0 0 0 0 0 ]
CSI_DATA,AP,10:B4:1D:CC:60:E0,-24,11,1,7,1,1,1,1,0,0,1,-93,0,6,2,15809156,0,68,0,0,15.5185,384,[0 0 0 0 0 0 0 0 0 0 0 0 0 -12 0 -12 0 -11 0 -11 -1 -11 0 -11 0 -11 -1 -10 -1 -10 -1 -10 -1 -10 -1 -10 -2 -10 -2 -10 -2 -10 -2 -9 -2 -9 -2 -9 -3 -9 -3 -9 -2 -9 -3 -9 -3 -9 -3 -9 -3 -9 -3 -9 0 0 -3 -9 -3 -9 -3 -9 -3 -9 -3 -10 -2 -10 -2 -9 -2 -9 -2 -9 -2 -9 -2 -9 -1 -9 -1 -9 -1 -9 0 -8 0 -8 0 -8 0 -7 0 -7 1 -7 1 -7 1 -7 1 -6 1 -6 1 -6 2 -6 0 0 0 0 0 0 0 0 0 0 ]
CSI_DATA,AP,10:B4:1D:CC:60:E0,-24,11,1,7,1,1,1,1,0,0,1,-93,0,6,2,15899033,0,68,0,0,15.6084,384,[0 0 0 0 0 0 0 0 0 0 0 0 11 0 11 0 10 0 10 0 10 0 10 0 10 0 9 -1 9 -1 9 -1 9 -1 9 -2 9 -2 9 -2 9 -2 8 -2 8 -2 8 -2 8 -3 8 -3 8 -3 8 -3 8 -3 8 -3 8 -3 8 -4 0 0 9 -3 8 -3 8 -3 8 -3 8 -3 8 -3 8 -3 8 -2 8 -2 8 -2 8 -2 8 -2 8 -1 7 -1 7 -1 7 -1 7 -1 6 0 6 0 6 0 6 0 6 0 5 0 5 1 5 1 5 1 0 0 0 0 0 0 0 0 0 0 ]
CSI_DATA,AP,10:B4:1D:CC:60:E0,-24,11,1,7,1,1,1,1,0,0,1,-93,0,6,2,15989197,0,68,0,0,15.6986,384,[0 0 0 0 0 0 0 0 0 0 0 0 10 3 10 3 10 3 9 3 9 3 9 3 9 2 9 2 9 2 9 2 9 2 9 2 9 1 9 1 9 1 9 0 8 0 9 0 8 0 8 0 8 0 8 0 9 -1 8 -1 8 -1 9 -1 0 0 9 -1 9 -1 9 -1 9 -1 9 0 9 0 8 0 8 0 8 0 8 0 8 0 8 1 7 1 7 1 7 1 7 1 6 2 6 2 6 2 6 2 5 2 5 2 5 2 5 2 5 2 4 3 0 0 0 0 0 0 0 0 0 0 ]
CSI_DATA,AP,10:B4:1D:CC:60:E0,-24,11,1,7,1,1,1,1,0,0,1,-93,0,6,2,16079129,0,68,0,0,15.7885,384,[0 0 0 0 0 0 0 0 0 0 0 0 0 11 0 11 1 10 0 10 1 10 1 10 1 10 1 10 1 9 1 9 2 9 2 9 2 9 2 9 2 9 2 8 2 8 2 8 3 8 3 8 3 8 3 8 3 8 4 8 4 8 4 8 0 0 3 8 3 8 3 8 3 8 3 8 3 8 3 8 2 8 2 8 2 8 2 8 2 8 1 8 1 8 1 7 1 7 0 7 0 7 0 6 0 6 -1 6 -1 6 -1 6 -1 6 -1 5 -2 5 0 0 0 0 0 0 0 0 0 0 ]
CSI_DATA,AP,10:B4:1D:CC:60:E0,-24,11,1,7,1,1,1,1,0,0,1,-93,0,6,2,16169177,0,68,0,0,15.8786,384,[0 0 0 0 0 0 0 0 0 0 0 0 10 -5 9 -5 9 -5 9 -5 9 -5 9 -5 9 -5 8 -5 8 -5 8 -5 8 -6 7 -6 7 -6 7 -6 7 -6 7 -6 7 -6 6 -6 6 -6 6 -6 6 -6 6 -6 6 -7 6 -7 6 -7 6 -7 0 0 6 -7 6 -7 6 -7 6 -7 6 -7 7 -6 7 -6 7 -6 7 -6 7 -5 6 -5 6 -5 6 -5 6 -4 6 -4 6 -4 6 -4 6 -3 6 -3 6 -3 6 -3 6 -2 5 -2 5 -2 5 -1 5 -1 0 0 0 0 0 0 0 0 0 0 ]
CSI_DATA,AP,10:B4:1D:CC:60:E0,-24,11,1,7,1,1,1,1,0,0,1,-93,0,6,2,16259166,0,68,0,0,15.9686,384,[0 0 0 0 0 0 0 0 0 0 0 0 4 -11 4 -11 4 -10 4 -10 4 -10 4 -10 3 -10 3 -10 3 -10 3 -9 2 -10 2 -9 2 -9 2 -9 2 -9 1 -9 1 -9 1 -9 1 -10 1 -9 1 -9 1 -9 1 -9 0 -10 0 -10 1 -10 0 0 1 -10 1 -10 1 -10 1 -10 1 -10 1 -10 1 -9 1 -9 2 -9 2 -9 2 -9 2 -8 2 -8 2 -8 2 -7 3 -7 3 -7 2 -7 3 -6 3 -6 3 -6 3 -6 3 -5 3 -5 3 -5 3 -4 0 0 0 0 0 0 0 0 0 0 ]
CSI_DATA,AP,10:B4:1D:CC:60:E0,-24,11,1,7,1,1,1,1,0,0,1,-93,0,6,2,16349101,0,68,0,0,16.0585,384,[0 0 0 0 0 0 0 0 0 0 0 0 10 -3 10 -3 10 -3 10 -3 10 -3 10 -3 9 -3 9 -3 9 -3 9 -3 9 -3 8 -3 8 -4 8 -4 8 -4 8 -4 7 -4 8 -4 7 -5 7 -5 7 -5 7 -5 7 -5 7 -5 7 -5 7 -5 0 0 8 -5 8 -5 7 -5 8 -5 8 -5 8 -4 8 -4 7 -4 8 -4 8 -3 7 -3 7 -3 7 -3 7 -3 7 -2 7 -2 7 -2 6 -1 6 -1 6 -1 6 -1 6 -1 5 0 5 0 5 0 5 1 0 0 0 0 0 0 0 0 0 0 ]
CSI_DATA,AP,10:B4:1D:CC:60:E0,-24,11,1,7,1,1,1,1,0,0,1,-93,0,6,2,16439062,0,68,0,0,16.1485,384,[0 0 0 0 0 0 0 0 0 0 0 0 10 3 10 2 10 2 10 2 10 2 10 2 9 2 9 2 9 1 9 1 9 1 9 1 9 0 9 0 9 0 9 0 9 0 9 0 8 -1 8 -1 8 -1 8 -1 9 -1 9 -1 9 -1 9 -1 0 0 9 -1 9 -1 8 -1 9 -1 9 -1 9 -1 9 0 8 0 9 0 8 0 8 0 8 0 7 1 7 1 7 1 7 1 7 1 6 1 6 1 6 2 5 2 5 2 5 2 5 2 5 2 4 3 0 0 0 0 0 0 0 0 0 0 ]
CSI_DATA,AP,10:B4:1D:CC:60:E0,-24,11,1,7,1,1,1,1,0,0,1,-93,0,6,2,16529171,0,68,0,0,16.2386,384,[0 0 0 0 0 0 0 0 0 0 0 0 -11 -4 -11 -4 -11 -4 -10 -4 -11 -4 -10 -3 -10 -4 -10 -3 -10 -3 -10 -3 -10 -2 -10 -2 -10 -2 -10 -2 -10 -2 -10 -1 -9 -1 -10 -1 -9 -1 -10 -1 -9 -1 -10 -1 -10 0 -10 0 -10 0 -10 0 0 0 -10 0 -10 0 -9 0 -10 0 -9 -1 -10 -1 -9 -1 -9 -1 -10 -1 -9 -2 -9 -1 -9 -2 -8 -2 -8 -2 -8 -2 -8 -2 -7 -3 -7 -3 -7 -3 -7 -3 -7 -3 -6 -3 -6 -3 -6 -3 -6 -4 -5 -4 0 0 0 0 0 0 0 0 0 0 ]
CSI_DATA,AP,10:B4:1D:CC:60:E0,-24,11,1,7,1,1,1,1,0,0,1,-93,0,6,2,16619083,0,68,0,0,16.3285,384,[0 0 0 0 0 0 0 0 0 0 0 0 9 -6 9 -6 9 -6 9 -6 8 -6 9 -6 8 -6 8 -6 8 -6 7 -6 7 -6 7 -6 7 -6 7 -6 7 -6 6 -6 6 -7 6 -7 6 -7 6 -7 6 -7 6 -7 6 -7 5 -7 5 -7 6 -8 0 0 6 -7 5 -7 6 -7 6 -7 6 -7 6 -7 6 -7 6 -7 6 -6 6 -6 6 -6 6 -6 6 -5 6 -5 6 -5 6 -4 6 -4 6 -4 6 -3 5 -3 6 -3 5 -3 5 -3 5 -2 5 -2 5 -1 0 0 0 0 0 0 0 0 0 0 ]
CSI_DATA,AP,10:B4:1D:CC:60:E0,-24,11,1,7,1,1,1,1,0,0,1,-93,0,6,2,16709351,0,68,0,0,16.4187,384,[0 0 0 0 0 0 0 0 0 0 0 0 4 -11 4 -11 3 -11 3 -11 3 -11 3 -10 3 -10 3 -10 3 -10 2 -10 2 -10 2 -10 1 -10 1 -10 1 -10 1 -10 1 -10 1 -10 0 -10 0 -10 0 -10 0 -10 0 -10 0 -10 -1 -10 0 -10 0 0 0 -10 0 -10 0 -10 0 -10 0 -10 0 -10 0 -10 1 -10 1 -9 1 -9 1 -9 1 -9 1 -9 2 -8 2 -8 2 -8 2 -8 2 -7 2 -7 2 -6 3 -6 2 -6 3 -6 3 -6 3 -5 3 -5 0 0 0 0 0 0 0 0 0 0 ]
CSI_DATA,AP,10:B4:1D:CC:60:E0,-24,11,1,7,1,1,1,1,0,0,1,-93,0,6,2,16799148,0,68,0,0,16.5085,384,[0 0 0 0 0 0 0 0 0 0 0 0 4 -11 4 -11 3 -11 3 -10 3 -11 3 -10 3 -10 3 -10 3 -10 2 -10 2 -10 2 -10 2 -10 1 -10 1 -10 1 -10 1 -9 1 -9 1 -9 0 -10 0 -9 0 -10 0 -10 0 -10 0 -10 0 -10 0 0 0 -10 0 -10 0 -10 0 -10 1 -10 1 -10 1 -10 1 -9 1 -9 2 -9 2 -9 2 -9 2 -8 2 -8 2 -8 2 -7 2 -7 2 -7 3 -6 3 -6 3 -6 3 -6 3 -6 3 -5 3 -5 3 -4 0 0 0 0 0 0 0 0 0 0 ]
CSI_DATA,AP,10:B4:1D:CC:60:E0,-25,11,1,7,1,1,1,1,0,0,1,-93,0,6,2,16889126,0,68,0,0,16.5985,384,[0 0 0 0 0 0 0 0 0 0 0 0 10 -3 10 -3 10 -3 9 -3 9 -3 9 -3 9 -3 9 -3 9 -3 8 -3 8 -4 8 -4 8 -4 8 -4 8 -4 8 -4 7 -4 7 -5 7 -5 7 -5 7 -5 7 -5 7 -5 7 -5 7 -6 7 -6 0 0 7 -5 7 -5 7 -5 7 -5 7 -5 7 -5 7 -5 7 -5 7 -4 7 -4 7 -4 7 -4 7 -3 7 -3 7 -3 7 -3 6 -3 6 -2 6 -2 6 -2 6 -1 6 -1 5 -1 5 -1 5 0 5 0 0 0 0 0 0 0 0 0 0 0 ]
CSI_DATA,AP,10:B4:1D:CC:60:E0,-25,11,1,7,1,1,1,1,0,0,1,-93,0,6,2,16979107,0,68,0,0,16.6885,384,[0 0 0 0 0 0 0 0 0 0 0 0 4 10 4 10 4 9 4 9 4 9 4 9 4 9 4 8 4 8 4 8 4 8 4 8 5 7 5 7 5 7 5 7 5 7 5 6 5 7 5 7 5 6 5 6 6 6 6 6 6 6 6 6 0 0 6 7 6 6 6 6 6 6 6 7 6 7 5 7 5 7 5 7 5 7 5 7 4 7 4 7 3 7 3 6 3 6 3 6 3 6 2 6 2 6 2 6 1 6 1 6 1 6 1 5 0 5 0 0 0 0 0 0 0 0 0 0 ]
CSI_DATA,AP,10:B4:1D:CC:60:E0,-25,11,1,7,1,1,1,1,0,0,1,-93,0,6,2,17069098,0,68,0,0,16.7785,384,[0 0 0 0 0 0 0 0 0 0 0 0 -8 8 -8 8 -8 8 -8 7 -7 7 -7 7 -7 7 -7 7 -7 7 -6 7 -6 8 -6 7 -6 8 -5 8 -5 8 -5 8 -5 8 -4 8 -4 8 -4 8 -4 8 -4 8 -4 8 -3 9 -3 8 -4 8 0 0 -4 9 -4 8 -4 9 -4 9 -4 9 -4 8 -4 8 -5 8 -5 8 -5 8 -5 7 -5 7 -5 7 -5 7 -5 6 -5 6 -5 6 -5 5 -5 5 -5 5 -5 4 -5 4 -5 4 -5 4 -5 3 -5 3 0 0 0 0 0 0 0 0 0 0 ]
CSI_DATA,AP,10:B4:1D:CC:60:E0,-25,11,1,7,1,1,1,1,0,0,1,-93,0,6,2,17159233,0,68,0,0,16.8686,384,[0 0 0 0 0 0 0 0 0 0 0 0 10 3 10 3 10 3 10 2 10 2 9 2 9 2 9 2 9 1 9 1 9 1 9 1 9 1 8 0 9 0 9 0 9 0 9 0 8 -1 9 -1 8 -1 9 -1 8 -1 9 -1 8 -1 9 -1 0 0 9 -1 9 -1 9 -1 9 -1 9 -1 9 -1 9 -1 9 -1 8 -1 8 0 8 0 8 0 8 0 7 0 7 0 7 1 7 1 7 1 6 1 6 1 6 1 6 2 5 2 5 2 5 2 4 2 0 0 0 0 0 0 0 0 0 0 ]
CSI_DATA,AP,10:B4:1D:CC:60:E0,-24,11,1,7,1,1,1,1,0,0,1,-93,0,6,2,17250414,0,68,0,0,16.9598,384,[0 0 0 0 0 0 0 0 0 0 0 0 -12 2 -11 2 -11 2 -11 2 -11 2 -11 2 -11 2 -10 2 -10 2 -10 3 -10 3 -10 3 -9 3 -9 3 -9 3 -9 4 -9 3 -9 4 -9 4 -9 4 -9 4 -9 4 -9 4 -8 4 -8 4 -9 4 0 0 -9 4 -9 4 -9 4 -9 4 -9 4 -9 4 -9 4 -9 3 -9 3 -9 3 -9 3 -9 2 -9 2 -8 2 -9 1 -8 1 -8 1 -8 1 -8 0 -7 0 -7 0 -7 0 -7 0 -7 -1 -7 -1 -6 -2 0 0 0 0 0 0 0 0 0 0 ]
CSI_DATA,AP,10:B4:1D:CC:60:E0,-24,11,1,7,1,1,1,1,0,0,1,-93,0,6,2,17339108,0,68,0,0,17.0485,384,[0 0 0 0 0 0 0 0 0 0 0 0 -11 -3 -11 -3 -11 -3 -11 -3 -11 -3 -11 -3 -10 -2 -10 -2 -10 -2 -10 -2 -10 -1 -10 -1 -10 -1 -10 -1 -10 -1 -10 0 -10 0 -10 0 -10 0 -10 0 -10 0 -10 1 -10 1 -10 1 -10 1 -10 1 0 0 -10 1 -10 1 -10 1 -10 1 -10 1 -10 0 -10 0 -10 0 -10 0 -10 0 -9 0 -9 0 -9 -1 -9 -1 -9 -1 -9 -1 -8 -1 -8 -2 -7 -2 -7 -2 -7 -2 -7 -3 -7 -2 -6 -3 -6 -3 -6 -3 0 0 0 0 0 0 0 0 0 0 ]
CSI_DATA,AP,10:B4:1D:CC:60:E0,-24,11,1,7,1,1,1,1,0,0,1,-93,0,6,2,17429105,0,68,0,0,17.1385,384,[0 0 0 0 0 0 0 0 0 0 0 0 10 2 10 2 10 2 10 2 10 2 9 2 9 1 9 1 9 1 9 1 9 0 9 0 9 0 9 0 9 0 9 -1 8 -1 9 -1 9 -1 9 -1 8 -1 9 -1 9 -2 9 -2 9 -2 9 -2 0 0 9 -2 9 -2 9 -2 9 -2 9 -1 9 -1 9 -1 9 -1 9 -1 9 -1 9 -1 8 0 8 0 8 0 8 1 7 1 7 1 7 1 7 1 6 1 6 2 6 2 6 2 5 2 5 2 5 2 0 0 0 0 0 0 0 0 0 0 ]
CSI_DATA,AP,10:B4:1D:CC:60:E0,-25,11,1,7,1,1,1,1,0,0,1,-93,0,6,2,17519153,0,68,0,0,17.2286,384,[0 0 0 0 0 0 0 0 0 0 0 0 -9 7 -8 7 -8 7 -8 7 -8 7 -8 7 -7 7 -7 7 -7 7 -6 7 -6 7 -6 7 -6 7 -6 7 -6 7 -6 7 -5 7 -5 8 -5 8 -5 8 -5 8 -5 8 -4 8 -4 8 -4 8 -4 8 0 0 -5 8 -4 8 -5 8 -5 8 -5 8 -5 8 -5 8 -5 8 -5 7 -6 7 -6 7 -5 7 -6 6 -6 6 -6 6 -6 5 -6 5 -6 5 -6 4 -6 4 -6 4 -6 4 -6 3 -6 3 -6 2 -6 2 0 0 0 0 0 0 0 0 0 0 ]
CSI_DATA,AP,10:B4:1D:CC:60:E0,-25,11,1,7,1,1,1,1,0,0,1,-93,0,6,2,17609162,0,68,0,0,17.3186,384,[0 0 0 0 0 0 0 0 0 0 0 0 9 -6 9 -6 9 -6 8 -6 9 -6 8 -6 8 -6 8 -6 8 -6 8 -6 8 -6 7 -7 7 -7 7 -7 7 -7 6 -7 6 -7 6 -7 6 -7 6 -7 6 -7 6 -7 6 -8 6 -8 5 -8 5 -8 0 0 6 -8 6 -8 6 -8 6 -8 6 -8 6 -8 6 -7 6 -7 7 -7 7 -7 7 -6 6 -6 6 -6 6 -5 7 -5 6 -5 6 -5 6 -4 6 -4 6 -4 6 -3 6 -3 6 -3 6 -2 6 -2 5 -1 0 0 0 0 0 0 0 0 0 0 ]

