--- Warning: GDB cannot open serial ports accessed as COMx
--- Using \\.\COM5 instead...
--- esp-idf-monitor 1.9.0 on \\.\COM5 115200
--- Quit: Ctrl+] | Menu: Ctrl+T | Help: Ctrl+T followed by Ctrl+H
Executing action: monitor
Running idf_monitor in directory C:\ESP32-CSI-Tool\active_ap
Executing "C:\Espressif\python_env\idf5.5_py3.11_env\Scripts\python.exe C:\Espressif\frameworks\esp-idf-v5.5.4-3\tools/idf_monitor.py -p COM5 -b 115200 --toolchain-prefix xtensa-esp32s3-elf- --target esp32s3 --revision 0 C:\ESP32-CSI-Tool\active_ap\build\active-ap.elf C:\ESP32-CSI-Tool\active_ap\build\bootloader\bootloader.elf --force-color -m 'C:\Espressif\python_env\idf5.5_py3.11_env\Scripts\python.exe' 'C:\Espressif\frameworks\esp-idf-v5.5.4-3\tools\idf.py' '-p' 'COM5'"...
ESP-ROM:esp32s3-20210327
Build:Mar 27 2021
rst:0x1 (POWERON),boot:0x8 (SPI_FAST_FLASH_BOOT)
SPIWP:0xee
mode:DIO, clock div:1
load:0x3fce2820,len:0x14f0
load:0x403c8700,len:0xd24
--- 0x403c8700: _stext at ??:?
load:0x403cb700,len:0x2ef0
entry 0x403c8924
--- 0x403c8924: call_start_cpu0 at C:/Espressif/frameworks/esp-idf-v5.5.4-3/components/bootloader/subproject/main/bootloader_start.c:27
I (24) boot: ESP-IDF v5.5.4 2nd stage bootloader
I (25) boot: compile time Jun 25 2026 19:04:14
I (25) boot: Multicore bootloader
I (25) boot: chip revision: v0.2
I (28) boot: efuse block revision: v1.3
I (31) boot.esp32s3: Boot SPI Speed : 80MHz
I (35) boot.esp32s3: SPI Mode       : DIO
I (39) boot.esp32s3: SPI Flash Size : 2MB
I (43) boot: Enabling RNG early entropy source...
I (47) boot: Partition Table:
I (50) boot: ## Label            Usage          Type ST Offset   Length
I (56) boot:  0 nvs              WiFi data        01 02 00009000 00006000
I (63) boot:  1 phy_init         RF data          01 01 0000f000 00001000
I (69) boot:  2 factory          factory app      00 00 00010000 00100000
I (76) boot: End of partition table
I (79) esp_image: segment 0: paddr=00010020 vaddr=3c0c0020 size=1e414h (123924) map
I (108) esp_image: segment 1: paddr=0002e43c vaddr=3fc9a400 size=01bdch (  7132) load
I (110) esp_image: segment 2: paddr=00030020 vaddr=42000020 size=b082ch (722988) map
I (239) esp_image: segment 3: paddr=000e0854 vaddr=3fc9bfdc size=03320h ( 13088) load
I (242) esp_image: segment 4: paddr=000e3b7c vaddr=40374000 size=1631ch ( 90908) load
I (263) esp_image: segment 5: paddr=000f9ea0 vaddr=50000000 size=00020h (    32) load
I (272) boot: Loaded app from partition at offset 0x10000
I (272) boot: Disabling RNG early entropy source...
I (282) cpu_start: Multicore app
I (291) cpu_start: GPIO 44 and 43 are used as console UART I/O pins
I (292) cpu_start: Pro cpu start user code
I (292) cpu_start: cpu freq: 160000000 Hz
I (293) app_init: Application information:
I (297) app_init: Project name:     active-ap
I (301) app_init: App version:      cce5b1a-dirty
I (305) app_init: Compile time:     Jul  2 2026 19:28:44
I (311) app_init: ELF file SHA256:  509764614...
I (315) app_init: ESP-IDF:          v5.5.4
I (319) efuse_init: Min chip rev:     v0.0
I (322) efuse_init: Max chip rev:     v0.99 
I (326) efuse_init: Chip rev:         v0.2
I (330) heap_init: Initializing. RAM available for dynamic allocation:
I (337) heap_init: At 3FCA4190 len 00045580 (277 KiB): RAM
I (342) heap_init: At 3FCE9710 len 00005724 (21 KiB): RAM
I (347) heap_init: At 3FCF0000 len 00008000 (32 KiB): DRAM
I (352) heap_init: At 600FE000 len 00001FE8 (7 KiB): RTCRAM
I (359) spi_flash: detected chip: generic
I (361) spi_flash: flash io: dio
W (364) spi_flash: Detected size(16384k) larger than the size in the binary image header(2048k). Using the size in the binary image header.
I (377) sleep_gpio: Configure to isolate all GPIO pins in sleep state
I (383) sleep_gpio: Enable automatic switching of GPIO sleep configuration
I (390) main_task: Started on CPU0
I (410) main_task: Calling app_main()








-----------------------
ESP32 CSI Tool Settings
-----------------------
PROJECT_NAME: ACTIVE_AP
CONFIG_ESPTOOLPY_MONITOR_BAUD: 115200
CONFIG_ESP_CONSOLE_UART_BAUDRATE: 115200
IDF_VER: v5.5.4
-----------------------
WIFI_CHANNEL: 6
ESP_WIFI_SSID: testopen
ESP_WIFI_PASSWORD: 
SHOULD_COLLECT_CSI: 1
SHOULD_COLLECT_ONLY_LLTF: 1
SEND_CSI_TO_SERIAL: 1
SEND_CSI_TO_SD: 0
-----------------------








I (460) pp: pp rom version: e7ae62f
I (460) net80211: net80211 rom version: e7ae62f
I (470) wifi:wifi driver task: 3fced484, prio:23, stack:6656, core=0
I (470) wifi:wifi firmware version: 0947e8b
I (470) wifi:wifi certification version: v7.0
I (470) wifi:config NVS flash: enabled
I (470) wifi:config nano formatting: disabled
I (480) wifi:Init data frame dynamic rx buffer num: 32
I (480) wifi:Init static rx mgmt buffer num: 5
I (490) wifi:Init management short buffer num: 32
I (490) wifi:Init dynamic tx buffer num: 32
I (500) wifi:Init static tx FG buffer num: 2
I (500) wifi:Init static rx buffer size: 2212
I (500) wifi:Init static rx buffer num: 10
I (510) wifi:Init dynamic rx buffer num: 32
I (510) wifi_init: rx ba win: 6
I (510) wifi_init: accept mbox: 6
I (520) wifi_init: tcpip mbox: 32
I (520) wifi_init: udp mbox: 6
I (520) wifi_init: tcp mbox: 6
I (530) wifi_init: tcp tx win: 5760
I (530) wifi_init: tcp rx win: 5760
I (530) wifi_init: tcp mss: 1440
I (540) wifi_init: WiFi IRAM OP enabled
I (540) wifi_init: WiFi RX IRAM OP enabled
W (550) wifi:Affected by the ESP-NOW encrypt num, set the max connection num to 10
I (550) phy_init: phy_version 711,97bcf0a2,Aug 25 2025,19:04:10
I (600) wifi:mode : softAP (10:b4:1d:cc:60:ad)
I (600) wifi:Total power save buffer number: 16
I (600) wifi:Init max length of beacon: 752/752
I (600) wifi:Init max length of beacon: 752/752
I (610) wifi:Set ps type: 0, coexist: 0
I (610) esp_netif_lwip: DHCP server started on interface WIFI_AP_DEF with IP: 192.168.4.1

I (620) Active CSI collection (AP): softap_init finished. SSID:testopen password:
type,role,mac,rssi,rate,sig_mode,mcs,bandwidth,smoothing,not_sounding,aggregation,stbc,fec_coding,sgi,noise_floor,ampdu_cnt,channel,secondary_channel,local_timestamp,ant,sig_len,rx_state,real_time_set,real_timestamp,len,CSI_DATA
I (640) main_task: Returned from app_main()
I (3090) wifi:new:<6,2>, old:<6,2>, ap:<6,2>, sta:<255,255>, prof:6, snd_ch_cfg:0x0
I (3090) wifi:station: 10:b4:1d:cc:60:e0 join, AID=1, bgn, 40D
I (3090) Active CSI collection (AP): station join, AID=1
CSI_DATA,AP,00:00:00:00:00:00,-27,11,0,0,0,0,0,0,0,0,0,-93,0,6,2,3094165,0,14,0,0,2.80494,128,[0 0 0 0 0 0 0 0 0 0 0 0 -15 3 -15 4 -15 4 -15 4 -14 4 -14 4 -14 5 -14 5 -13 5 -13 5 -13 5 -13 6 -13 6 -12 6 -12 6 -12 7 -12 7 -11 7 -11 7 -11 8 -11 8 -11 8 -11 8 -11 9 -11 9 -11 9 0 0 -11 9 -11 9 -12 9 -12 9 -12 9 -12 9 -12 8 -12 8 -12 8 -12 7 -12 7 -12 7 -12 6 -12 6 -12 5 -11 5 -11 5 -11 5 -11 4 -11 4 -11 4 -11 3 -11 3 -10 2 -10 1 -10 1 0 0 0 0 0 0 0 0 0 0 ]
CSI_DATA,AP,10:B4:1D:CC:60:E0,-27,11,0,0,0,0,0,0,0,0,0,-93,0,6,2,3119470,0,374,0,0,2.84756,128,[0 0 0 0 0 0 0 0 0 0 0 0 13 -5 13 -5 13 -5 13 -5 12 -5 12 -5 12 -5 12 -5 12 -6 11 -6 11 -6 11 -7 11 -7 11 -7 10 -7 10 -7 10 -8 10 -8 10 -8 10 -8 10 -8 10 -9 10 -9 9 -9 10 -10 10 -10 0 0 10 -10 10 -10 10 -9 10 -9 10 -9 11 -9 11 -9 11 -8 11 -8 11 -8 11 -8 10 -7 10 -7 10 -7 10 -6 10 -6 10 -6 10 -5 10 -5 10 -4 10 -4 9 -4 9 -3 9 -3 9 -2 9 -2 0 0 0 0 0 0 0 0 0 0 ]
CSI_DATA,AP,00:00:00:00:00:00,-27,11,0,0,0,0,0,0,0,0,0,-93,0,6,2,3184635,0,14,0,0,2.89405,128,[0 0 0 0 0 0 0 0 0 0 0 0 -14 7 -13 7 -13 7 -13 7 -13 7 -13 7 -12 7 -12 8 -12 8 -11 8 -11 8 -11 8 -11 8 -11 8 -10 8 -10 9 -10 9 -10 9 -10 9 -9 10 -9 10 -9 10 -9 10 -9 10 -9 11 -9 11 0 0 -10 11 -10 11 -10 11 -10 11 -10 11 -10 10 -10 10 -11 10 -11 9 -11 9 -11 9 -11 9 -11 8 -11 7 -11 7 -10 7 -10 6 -10 6 -10 6 -11 5 -10 5 -10 4 -10 4 -10 3 -10 3 -10 2 0 0 0 0 0 0 0 0 0 0 ]
CSI_DATA,AP,10:B4:1D:CC:60:E0,-27,11,0,0,0,0,0,0,0,0,0,-93,0,6,2,3186199,0,374,0,0,2.92769,128,[0 0 0 0 0 0 0 0 0 0 0 0 -9 -12 -9 -12 -9 -12 -9 -12 -9 -12 -9 -11 -9 -11 -9 -11 -9 -11 -9 -10 -10 -10 -10 -9 -10 -9 -10 -9 -10 -9 -10 -9 -10 -9 -10 -8 -11 -8 -11 -8 -11 -8 -11 -8 -11 -8 -12 -8 -12 -8 -12 -8 0 0 -12 -8 -12 -8 -12 -8 -12 -9 -12 -9 -12 -9 -11 -9 -11 -9 -11 -10 -11 -9 -11 -10 -10 -9 -10 -10 -9 -9 -9 -9 -8 -9 -8 -9 -7 -9 -7 -9 -7 -9 -6 -9 -6 -9 -5 -9 -5 -9 -5 -9 -4 -9 0 0 0 0 0 0 0 0 0 0 ]
I (3260) esp_netif_lwip: DHCP server assigned IP to a client, IP is: 192.168.4.2
CSI_DATA,AP,00:00:00:00:00:00,-27,11,0,0,0,0,0,0,0,0,0,-93,0,6,2,3267082,0,14,0,0,2.97651,128,[0 0 0 0 0 0 0 0 0 0 0 0 14 -4 13 -4 13 -4 13 -5 13 -5 12 -5 12 -5 12 -5 12 -6 12 -6 12 -6 12 -6 11 -6 11 -6 11 -6 11 -7 10 -7 11 -7 10 -8 10 -8 10 -8 10 -9 10 -9 11 -9 10 -9 10 -9 0 0 10 -9 11 -10 10 -9 11 -9 11 -9 11 -9 11 -9 11 -8 11 -8 11 -8 11 -7 11 -7 11 -6 11 -6 11 -6 10 -6 11 -5 10 -5 10 -5 10 -4 10 -4 10 -4 10 -3 10 -2 9 -2 9 -1 0 0 0 0 0 0 0 0 0 0 ]
CSI_DATA,AP,10:B4:1D:CC:60:E0,-27,11,0,0,0,0,0,0,0,0,0,-93,0,6,2,3267962,0,66,0,0,3.01802,128,[0 0 0 0 0 0 0 0 0 0 0 0 8 11 7 11 8 11 8 10 8 11 8 10 8 10 8 9 8 9 8 9 8 9 9 8 9 8 9 8 9 8 9 8 9 7 10 7 10 7 10 7 10 7 10 6 11 6 11 6 11 6 11 7 0 0 11 7 12 7 11 7 11 7 11 7 11 7 11 7 11 8 11 8 10 8 10 8 9 8 9 8 9 8 8 8 8 8 7 8 7 8 7 8 6 8 6 8 6 8 5 8 5 8 4 8 3 8 0 0 0 0 0 0 0 0 0 0 ]
CSI_DATA,AP,10:B4:1D:CC:60:E0,-27,11,0,0,0,0,0,0,0,0,0,-93,0,6,2,3765964,0,66,0,0,3.47544,128,[0 0 0 0 0 0 0 0 0 0 0 0 -11 10 -11 10 -11 10 -10 10 -10 10 -10 10 -10 10 -9 10 -9 10 -9 10 -9 10 -8 10 -8 10 -8 11 -8 10 -7 11 -7 11 -7 11 -7 11 -6 12 -6 11 -6 12 -6 12 -6 12 -6 12 -6 12 0 0 -6 12 -6 13 -6 13 -6 13 -7 13 -7 12 -7 13 -7 12 -7 12 -8 12 -8 11 -8 11 -8 10 -8 10 -8 10 -8 9 -8 9 -8 9 -8 8 -8 8 -9 7 -8 7 -9 6 -9 6 -9 6 -9 5 0 0 0 0 0 0 0 0 0 0 ]
CSI_DATA,AP,10:B4:1D:CC:60:E0,-27,11,0,0,0,0,0,0,0,0,0,-93,0,6,2,3857088,0,66,0,0,3.56654,128,[0 0 0 0 0 0 0 0 0 0 0 0 -6 13 -6 13 -6 13 -6 13 -6 13 -5 13 -5 13 -5 13 -5 13 -4 13 -3 13 -3 13 -3 13 -3 13 -2 13 -2 13 -2 13 -2 13 -1 13 -1 13 -1 13 -1 13 0 13 0 13 0 14 0 14 0 0 0 14 0 14 0 14 0 14 -1 14 -1 14 -1 14 -1 14 -2 14 -2 14 -2 14 -2 13 -2 13 -2 13 -3 12 -3 12 -3 12 -3 11 -4 11 -4 11 -4 10 -4 10 -5 10 -5 9 -5 9 -6 8 0 0 0 0 0 0 0 0 0 0 ]
CSI_DATA,AP,10:B4:1D:CC:60:E0,-28,11,0,0,0,0,0,0,0,0,0,-93,0,6,2,4652136,0,66,0,0,4.3616,128,[0 0 0 0 0 0 0 0 0 0 0 0 -12 -10 -12 -10 -12 -9 -12 -9 -12 -9 -12 -9 -12 -8 -12 -8 -12 -8 -12 -8 -12 -8 -12 -7 -12 -7 -12 -7 -12 -6 -12 -6 -12 -5 -13 -5 -12 -5 -13 -5 -13 -5 -13 -4 -13 -5 -13 -5 -14 -5 -14 -5 0 0 -14 -5 -14 -5 -14 -5 -14 -5 -14 -5 -14 -6 -14 -6 -14 -6 -13 -6 -13 -7 -13 -7 -12 -7 -12 -7 -11 -7 -12 -7 -11 -7 -11 -7 -10 -7 -10 -7 -9 -7 -9 -8 -9 -8 -8 -8 -8 -8 -7 -8 -6 -8 0 0 0 0 0 0 0 0 0 0 ]
CSI_DATA,AP,00:00:00:00:00:00,-29,9,0,0,0,0,0,0,0,0,0,-93,0,6,2,4688654,0,14,0,0,4.39804,128,[0 0 0 0 0 0 0 0 0 0 0 0 2 -15 2 -14 2 -15 2 -14 2 -14 1 -14 1 -14 1 -14 1 -14 1 -14 0 -13 0 -14 0 -13 -1 -13 -1 -13 -1 -13 -2 -13 -2 -13 -2 -13 -3 -13 -3 -13 -3 -13 -3 -14 -3 -13 -3 -14 -3 -14 0 0 -3 -14 -3 -14 -3 -14 -3 -14 -3 -14 -3 -14 -3 -14 -2 -14 -2 -14 -1 -14 -1 -14 -1 -14 -1 -13 -1 -13 0 -13 0 -12 0 -12 1 -12 1 -12 1 -11 1 -11 2 -11 2 -11 2 -10 3 -10 3 -9 0 0 0 0 0 0 0 0 0 0 ]
CSI_DATA,AP,00:00:00:00:00:00,-28,11,0,0,0,0,0,0,0,0,0,-93,0,6,2,4688828,0,14,0,0,4.43826,128,[0 0 0 0 0 0 0 0 0 0 0 0 13 4 12 3 13 4 12 3 13 3 12 3 12 2 12 2 12 2 12 2 12 1 12 1 12 1 12 1 12 0 12 0 12 0 12 -1 12 -1 12 -1 12 -2 12 -2 13 -2 12 -2 13 -2 13 -2 0 0 13 -2 14 -2 13 -2 14 -2 13 -2 13 -2 13 -1 13 -1 13 -1 13 0 13 0 12 0 12 0 11 0 12 1 11 1 11 1 10 1 10 1 10 2 10 2 9 2 9 3 9 3 8 3 8 4 0 0 0 0 0 0 0 0 0 0 ]
CSI_DATA,AP,10:B4:1D:CC:60:E0,-28,11,0,0,0,0,0,0,0,0,0,-93,0,6,2,4689582,0,37,0,0,4.4744,128,[0 0 0 0 0 0 0 0 0 0 0 0 2 -15 2 -15 2 -15 2 -14 1 -15 1 -14 1 -14 1 -14 1 -14 0 -14 0 -14 0 -14 -1 -14 -1 -13 -1 -13 -2 -14 -2 -13 -2 -14 -2 -13 -3 -13 -3 -14 -3 -14 -3 -14 -4 -14 -4 -14 -4 -14 0 0 -4 -14 -4 -14 -4 -14 -4 -15 -3 -14 -3 -15 -3 -15 -2 -14 -2 -14 -2 -15 -2 -14 -1 -14 -1 -13 -1 -13 -1 -13 0 -12 0 -13 0 -12 1 -12 1 -12 1 -11 2 -11 2 -11 2 -11 3 -10 3 -9 0 0 0 0 0 0 0 0 0 0 ]
CSI_DATA,AP,10:B4:1D:CC:60:E0,-33,11,1,7,1,1,1,0,0,0,1,-93,0,6,2,4689791,0,68,0,0,4.51654,384,[0 0 0 0 0 0 0 0 0 0 0 0 -9 -8 -9 -8 -9 -8 -9 -8 -9 -7 -9 -7 -9 -7 -9 -7 -9 -6 -9 -6 -9 -6 -9 -6 -9 -6 -9 -5 -9 -5 -9 -5 -9 -4 -10 -4 -10 -4 -10 -4 -10 -4 -10 -4 -10 -4 -10 -4 -10 -4 -11 -3 0 0 -11 -4 -11 -3 -11 -4 -11 -4 -11 -4 -11 -4 -11 -5 -11 -5 -10 -5 -10 -5 -10 -5 -10 -5 -9 -5 -9 -5 -9 -5 -8 -5 -8 -6 -8 -5 -8 -5 -7 -5 -7 -6 -7 -6 -7 -6 -6 -6 -6 -6 -5 -6 0 0 0 0 0 0 0 0 0 0 ]
CSI_DATA,AP,10:B4:1D:CC:60:E0,-28,11,0,0,0,0,0,0,0,0,0,-93,0,6,2,4690491,0,37,0,0,4.55809,128,[0 0 0 0 0 0 0 0 0 0 0 0 10 -11 10 -11 10 -11 9 -11 9 -12 8 -11 8 -12 8 -12 8 -12 8 -12 7 -12 7 -12 7 -12 7 -12 6 -12 6 -12 5 -12 5 -13 5 -12 5 -13 5 -13 5 -13 5 -14 4 -13 4 -14 5 -14 0 0 4 -14 5 -14 4 -14 5 -14 5 -14 5 -14 5 -14 6 -14 6 -13 6 -14 6 -13 6 -13 7 -12 6 -11 6 -11 7 -11 7 -11 6 -10 7 -10 7 -9 7 -9 7 -9 7 -8 7 -8 8 -7 8 -6 0 0 0 0 0 0 0 0 0 0 ]
CSI_DATA,AP,10:B4:1D:CC:60:E0,-33,11,1,7,1,1,1,0,0,0,1,-93,0,6,2,4751533,0,68,0,0,4.59752,384,[0 0 0 0 0 0 0 0 0 0 0 0 -6 9 -6 9 -5 9 -5 9 -5 9 -5 9 -5 8 -5 8 -5 9 -4 8 -4 9 -4 8 -4 9 -3 9 -3 9 -3 9 -3 9 -2 9 -2 9 -2 9 -2 9 -1 9 -2 9 -1 10 -1 10 -1 9 0 0 -2 10 -1 10 -1 10 -2 10 -2 10 -2 10 -2 10 -2 10 -2 10 -3 9 -3 9 -3 9 -3 9 -3 9 -3 8 -3 8 -3 8 -4 7 -4 7 -4 7 -4 6 -4 7 -4 6 -5 6 -5 6 -5 5 0 0 0 0 0 0 0 0 0 0 ]
CSI_DATA,AP,10:B4:1D:CC:60:E0,-33,11,1,7,1,1,1,0,0,0,1,-93,0,6,2,4841292,0,68,0,0,4.63371,384,[0 0 0 0 0 0 0 0 0 0 0 0 -5 -10 -5 -10 -5 -10 -5 -9 -6 -10 -5 -9 -5 -9 -6 -9 -6 -9 -6 -9 -6 -8 -6 -8 -6 -8 -7 -8 -7 -8 -7 -8 -7 -7 -7 -7 -7 -7 -8 -7 -8 -7 -8 -7 -8 -7 -8 -7 -8 -7 -8 -7 0 0 -8 -7 -9 -7 -8 -7 -8 -7 -8 -7 -9 -8 -8 -8 -8 -8 -8 -8 -7 -8 -7 -8 -7 -8 -7 -8 -6 -8 -6 -8 -6 -8 -6 -8 -5 -8 -5 -8 -4 -8 -4 -8 -4 -8 -4 -8 -3 -8 -3 -7 -2 -7 0 0 0 0 0 0 0 0 0 0 ]
CSI_DATA,AP,10:B4:1D:CC:60:E0,-28,11,0,0,0,0,0,0,0,0,0,-93,0,6,2,4855787,0,66,0,0,4.67381,128,[0 0 0 0 0 0 0 0 0 0 0 0 -7 -13 -7 -13 -7 -13 -7 -12 -7 -12 -7 -12 -7 -12 -8 -11 -8 -11 -8 -11 -8 -11 -8 -10 -9 -10 -9 -10 -9 -10 -9 -10 -9 -10 -9 -10 -9 -9 -10 -9 -10 -9 -10 -9 -10 -9 -10 -9 -11 -9 -11 -9 0 0 -11 -9 -11 -10 -11 -10 -11 -10 -10 -10 -10 -10 -10 -10 -10 -10 -10 -11 -9 -11 -9 -11 -9 -11 -8 -11 -8 -11 -7 -11 -7 -10 -7 -10 -6 -10 -6 -10 -5 -10 -5 -10 -5 -10 -4 -10 -4 -10 -3 -10 -3 -10 0 0 0 0 0 0 0 0 0 0 ]
CSI_DATA,AP,10:B4:1D:CC:60:E0,-30,11,1,7,0,1,1,0,0,0,1,-93,0,6,2,4933014,0,68,0,0,4.71868,256,[0 0 0 0 0 0 0 0 0 0 0 0 4 -14 5 -14 4 -14 4 -13 4 -14 3 -13 4 -13 4 -13 3 -13 3 -13 2 -13 2 -13 1 -13 1 -13 1 -13 1 -13 0 -13 0 -13 0 -13 0 -13 0 -13 0 -14 -1 -14 -1 -14 -1 -14 -1 -14 0 0 -1 -14 -1 -14 -1 -14 -1 -15 -1 -14 0 -14 0 -14 0 -14 1 -14 1 -14 1 -14 1 -14 1 -13 2 -13 2 -13 2 -12 2 -12 2 -11 3 -11 3 -11 3 -11 4 -10 4 -10 4 -10 4 -9 5 -9 0 0 0 0 0 0 0 0 0 0 ]
CSI_DATA,AP,10:B4:1D:CC:60:E0,-33,11,1,7,1,1,1,0,0,0,1,-93,0,6,2,5021264,0,68,0,0,4.76112,384,[0 0 0 0 0 0 0 0 0 0 0 0 -2 10 -2 10 -2 10 -2 10 -2 10 -2 10 -1 9 -1 9 -1 9 -1 9 0 9 0 9 0 9 0 9 0 9 1 9 1 9 1 9 1 9 1 9 1 9 2 9 2 9 2 9 3 9 2 9 0 0 2 9 2 10 2 10 2 9 2 10 2 10 1 10 1 10 1 10 1 10 1 9 1 9 1 9 0 9 0 9 -1 8 -1 9 -1 8 -1 8 -1 7 -2 7 -2 7 -2 7 -2 7 -2 6 -3 6 0 0 0 0 0 0 0 0 0 0 ]
CSI_DATA,AP,00:00:00:00:00:00,-28,11,0,0,0,0,0,0,0,0,0,-93,0,6,2,5084366,0,14,0,0,4.7941,128,[0 0 0 0 0 0 0 0 0 0 0 0 -5 14 -5 13 -5 14 -4 13 -4 14 -4 13 -4 13 -4 13 -3 13 -3 13 -2 13 -2 13 -2 13 -2 13 -1 13 -1 13 -1 13 -1 13 -1 13 -1 13 0 13 0 13 0 13 1 14 1 14 1 14 0 0 0 14 0 14 0 14 0 15 0 14 -1 14 -1 14 -1 14 -2 14 -2 14 -2 14 -2 13 -2 13 -2 12 -3 12 -3 12 -3 12 -4 11 -4 11 -4 10 -4 10 -5 10 -5 10 -5 9 -6 9 -6 8 0 0 0 0 0 0 0 0 0 0 ]
I (5120) wifi:<ba-add>idx:2 (ifx:1, 10:b4:1d:cc:60:e0), tid:0, ssn:0, winSize:64
CSI_DATA,AP,10:B4:1D:CC:60:E0,-33,11,1,7,1,1,1,1,0,0,1,-93,0,6,2,5111375,0,68,0,0,4.83876,384,[0 0 0 0 0 0 0 0 0 0 0 0 10 -5 9 -5 9 -5 9 -5 9 -5 9 -6 9 -6 9 -5 8 -5 8 -6 8 -6 8 -6 7 -6 7 -6 7 -7 7 -7 7 -7 7 -7 7 -7 6 -8 6 -7 6 -8 6 -8 6 -8 6 -8 6 -8 0 0 7 -8 7 -9 7 -9 7 -9 7 -8 7 -8 7 -8 7 -8 7 -8 8 -7 7 -7 7 -7 7 -7 7 -6 7 -6 7 -6 7 -5 7 -5 7 -5 7 -5 7 -4 7 -4 7 -4 6 -3 7 -3 7 -2 0 0 0 0 0 0 0 0 0 0 ]
CSI_DATA,AP,10:B4:1D:CC:60:E0,-33,11,1,7,1,1,1,1,0,0,0,-93,0,6,2,5168304,0,68,0,0,4.87772,384,[0 0 0 0 0 0 0 0 0 0 0 0 7 6 8 6 7 6 8 6 7 6 8 6 8 6 8 5 8 5 8 5 8 5 8 4 8 4 8 4 8 4 8 4 9 3 8 3 9 3 9 3 9 3 9 3 9 2 9 2 9 2 9 2 0 0 10 2 9 2 10 3 9 2 10 3 10 3 10 3 9 3 9 3 9 3 9 3 8 4 8 4 8 4 7 4 7 4 7 4 7 4 7 4 6 4 6 4 6 5 5 4 5 5 5 5 4 5 0 0 0 0 0 0 0 0 0 0 ]
CSI_DATA,AP,10:B4:1D:CC:60:E0,-33,11,1,7,1,1,1,1,0,0,1,-93,0,6,2,5197237,0,68,0,0,4.90659,384,[0 0 0 0 0 0 0 0 0 0 0 0 5 -9 5 -9 4 -9 4 -9 4 -9 4 -9 4 -9 4 -9 4 -9 3 -9 3 -9 3 -9 3 -9 3 -9 2 -9 2 -9 2 -10 1 -9 1 -10 1 -10 1 -10 1 -10 1 -10 1 -10 1 -10 1 -10 0 0 1 -10 1 -10 1 -11 1 -10 1 -11 1 -11 2 -11 2 -10 2 -10 2 -10 2 -10 2 -10 2 -9 3 -9 3 -9 3 -8 3 -8 3 -8 3 -7 3 -7 3 -7 4 -7 4 -7 4 -6 4 -6 4 -6 0 0 0 0 0 0 0 0 0 0 ]
CSI_DATA,AP,10:B4:1D:CC:60:E0,-33,11,1,7,1,1,1,1,0,0,1,-93,0,6,2,5291229,0,68,0,0,5.00062,384,[0 0 0 0 0 0 0 0 0 0 0 0 -2 -11 -2 -11 -3 -11 -2 -11 -3 -10 -3 -10 -3 -10 -3 -10 -3 -10 -3 -10 -3 -10 -4 -9 -4 -9 -4 -9 -4 -9 -5 -9 -5 -9 -5 -9 -5 -9 -6 -9 -5 -9 -6 -9 -6 -9 -6 -9 -6 -8 -6 -9 0 0 -6 -9 -7 -9 -7 -9 -6 -9 -6 -9 -6 -9 -6 -9 -6 -9 -6 -9 -5 -9 -5 -9 -5 -9 -5 -9 -4 -9 -4 -9 -4 -8 -4 -9 -4 -8 -3 -8 -3 -8 -3 -8 -3 -8 -2 -8 -2 -8 -1 -8 -1 -7 0 0 0 0 0 0 0 0 0 0 ]
CSI_DATA,AP,10:B4:1D:CC:60:E0,-33,11,1,7,1,1,1,1,0,0,1,-93,0,6,2,5381387,0,68,0,0,5.09077,384,[0 0 0 0 0 0 0 0 0 0 0 0 10 0 10 0 10 0 10 -1 10 -1 10 -1 10 -1 10 -1 10 -2 9 -2 9 -2 9 -2 9 -2 9 -3 9 -3 9 -3 9 -3 9 -3 9 -3 9 -4 9 -4 9 -4 9 -4 9 -4 9 -4 9 -4 0 0 9 -5 9 -5 9 -5 10 -5 9 -4 10 -4 10 -4 10 -4 10 -4 9 -3 10 -3 9 -3 9 -2 9 -2 9 -2 9 -2 9 -2 8 -1 8 -1 8 -1 8 -1 8 0 7 0 7 0 7 1 7 1 0 0 0 0 0 0 0 0 0 0 ]
CSI_DATA,AP,10:B4:1D:CC:60:E0,-33,11,1,7,1,1,1,1,0,0,1,-93,0,6,2,5472771,0,68,0,0,5.18218,384,[0 0 0 0 0 0 0 0 0 0 0 0 10 3 9 2 10 3 10 2 9 2 9 2 9 2 9 2 9 2 9 1 9 1 9 1 9 1 9 0 9 0 9 0 9 0 9 -1 9 0 9 -1 9 -1 9 -1 9 -1 9 -1 10 -1 10 -2 0 0 10 -1 10 -1 10 -1 10 -1 10 -1 10 -1 10 0 10 0 10 0 10 0 9 0 9 0 9 1 9 1 9 1 8 1 8 2 8 1 8 2 7 2 7 2 7 2 7 2 6 3 6 3 5 3 0 0 0 0 0 0 0 0 0 0 ]
CSI_DATA,AP,10:B4:1D:CC:60:E0,-33,11,1,7,1,1,1,1,0,0,1,-93,0,6,2,5561427,0,68,0,0,5.27081,384,[0 0 0 0 0 0 0 0 0 0 0 0 9 -5 9 -5 9 -5 9 -5 8 -5 9 -5 8 -5 8 -5 8 -6 8 -6 7 -6 7 -6 7 -6 7 -6 7 -7 7 -7 7 -7 6 -7 7 -7 6 -7 6 -7 6 -7 6 -8 6 -8 6 -8 6 -8 0 0 6 -8 6 -8 7 -8 7 -8 7 -8 7 -8 7 -8 7 -8 7 -7 7 -7 7 -7 7 -7 7 -7 7 -6 7 -6 7 -5 7 -5 7 -5 7 -5 7 -4 7 -4 7 -4 6 -4 7 -3 7 -3 7 -2 0 0 0 0 0 0 0 0 0 0 ]
CSI_DATA,AP,10:B4:1D:CC:60:E0,-33,11,1,7,1,1,1,1,0,0,1,-93,0,6,2,5651408,0,68,0,0,5.3608,384,[0 0 0 0 0 0 0 0 0 0 0 0 7 7 7 7 7 7 7 6 7 6 7 6 7 6 7 6 7 5 8 5 8 5 7 5 8 5 8 4 8 4 8 4 8 4 8 4 8 3 8 3 8 3 9 3 9 3 9 3 9 3 9 3 0 0 9 3 9 3 9 3 10 3 9 3 9 3 9 4 9 4 9 4 9 4 8 4 8 4 8 4 8 4 7 4 7 4 7 5 6 4 6 5 6 5 5 5 5 5 5 5 4 5 4 5 4 5 0 0 0 0 0 0 0 0 0 0 ]
CSI_DATA,AP,10:B4:1D:CC:60:E0,-33,11,1,7,1,1,1,1,0,0,1,-93,0,6,2,5741323,0,68,0,0,5.45071,384,[0 0 0 0 0 0 0 0 0 0 0 0 -10 -7 -9 -7 -10 -7 -9 -6 -9 -6 -9 -6 -9 -6 -10 -6 -9 -6 -9 -5 -9 -5 -10 -5 -9 -5 -10 -4 -10 -4 -10 -4 -10 -3 -10 -3 -10 -3 -10 -3 -10 -3 -10 -3 -10 -2 -11 -2 -11 -2 -11 -2 0 0 -11 -3 -11 -3 -11 -2 -11 -3 -11 -3 -11 -3 -11 -3 -11 -4 -11 -4 -10 -4 -10 -4 -10 -4 -10 -4 -9 -4 -9 -4 -9 -4 -9 -5 -8 -4 -8 -5 -8 -5 -7 -5 -7 -5 -7 -5 -7 -5 -6 -6 -6 -6 0 0 0 0 0 0 0 0 0 0 ]
CSI_DATA,AP,10:B4:1D:CC:60:E0,-33,11,1,7,1,1,1,1,0,0,1,-93,0,6,2,5831663,0,68,0,0,5.54105,384,[0 0 0 0 0 0 0 0 0 0 0 0 -4 9 -4 9 -4 10 -3 9 -3 9 -3 9 -3 9 -3 9 -3 9 -2 9 -2 9 -2 9 -2 9 -1 9 -1 9 -1 9 -1 9 -1 9 0 9 0 9 0 9 0 9 0 9 1 9 1 9 1 10 0 0 1 10 1 10 1 10 0 10 1 10 0 10 0 10 0 10 0 10 -1 10 -1 9 -1 9 -1 9 -1 9 -1 8 -2 8 -2 8 -2 8 -2 7 -2 8 -3 7 -3 7 -3 7 -3 7 -3 6 -4 6 0 0 0 0 0 0 0 0 0 0 ]
CSI_DATA,AP,10:B4:1D:CC:60:E0,-28,11,0,0,0,0,0,0,0,0,0,-93,0,6,2,5856329,0,66,0,0,5.5667,128,[0 0 0 0 0 0 0 0 0 0 0 0 -15 1 -15 1 -15 1 -14 2 -15 2 -14 2 -14 2 -14 3 -14 3 -13 3 -14 3 -13 3 -13 4 -13 4 -13 4 -13 4 -12 5 -12 5 -12 5 -12 6 -12 6 -12 6 -12 7 -12 6 -12 7 -12 7 0 0 -12 7 -13 7 -13 7 -13 7 -13 7 -13 7 -13 6 -13 6 -13 6 -13 6 -13 5 -13 5 -13 4 -12 4 -12 4 -12 3 -12 3 -12 3 -12 2 -11 2 -11 2 -11 1 -11 1 -11 0 -11 0 -10 -1 0 0 0 0 0 0 0 0 0 0 ]
CSI_DATA,AP,10:B4:1D:CC:60:E0,-33,11,1,7,1,1,1,1,0,0,1,-93,0,6,2,5921391,0,68,0,0,5.63078,384,[0 0 0 0 0 0 0 0 0 0 0 0 -11 -4 -11 -4 -10 -4 -10 -3 -10 -3 -11 -3 -10 -3 -10 -3 -10 -3 -10 -2 -10 -2 -10 -2 -10 -1 -10 -1 -10 -1 -10 -1 -10 -1 -10 0 -10 0 -10 0 -10 0 -10 0 -10 1 -10 1 -10 1 -11 1 0 0 -11 1 -11 1 -11 0 -11 1 -11 0 -11 0 -11 0 -11 0 -11 0 -10 -1 -11 -1 -10 -1 -10 -1 -10 -1 -9 -2 -10 -2 -9 -2 -9 -2 -9 -2 -8 -2 -8 -3 -8 -3 -8 -3 -8 -3 -7 -3 -7 -4 0 0 0 0 0 0 0 0 0 0 ]
CSI_DATA,AP,10:B4:1D:CC:60:E0,-33,11,1,7,1,1,1,1,0,0,1,-93,0,6,2,6011372,0,68,0,0,5.72076,384,[0 0 0 0 0 0 0 0 0 0 0 0 4 -10 4 -10 4 -10 4 -10 4 -10 3 -10 3 -10 3 -10 3 -10 2 -10 2 -10 2 -10 2 -10 1 -10 1 -10 1 -10 0 -10 0 -10 0 -10 0 -10 0 -10 -1 -10 0 -10 -1 -11 -1 -10 -1 -10 0 0 -1 -11 -1 -11 -1 -11 -1 -11 -1 -11 -1 -11 -1 -11 0 -11 0 -11 0 -10 0 -10 0 -10 0 -10 1 -10 1 -10 1 -9 1 -9 1 -9 1 -8 1 -8 2 -8 2 -8 2 -8 2 -8 2 -7 3 -7 0 0 0 0 0 0 0 0 0 0 ]
CSI_DATA,AP,10:B4:1D:CC:60:E0,-33,11,1,7,1,1,1,1,0,0,1,-93,0,6,2,6101533,0,68,0,0,5.81092,384,[0 0 0 0 0 0 0 0 0 0 0 0 -11 4 -11 4 -10 4 -10 4 -10 4 -10 4 -10 4 -10 4 -9 4 -9 4 -9 5 -9 5 -9 5 -8 5 -8 6 -8 5 -8 6 -8 6 -8 6 -8 6 -7 6 -8 7 -7 7 -7 7 -7 7 -7 7 0 0 -8 7 -8 7 -7 7 -8 7 -8 7 -8 7 -8 7 -8 7 -8 6 -8 6 -8 6 -8 6 -8 5 -8 5 -8 5 -8 5 -8 4 -8 4 -8 4 -8 3 -8 3 -8 3 -8 3 -8 2 -8 2 -8 1 0 0 0 0 0 0 0 0 0 0 ]
CSI_DATA,AP,10:B4:1D:CC:60:E0,-33,11,1,7,1,1,1,1,0,0,1,-93,0,6,2,6191317,0,68,0,0,5.9007,384,[0 0 0 0 0 0 0 0 0 0 0 0 -1 -11 -1 -11 -1 -11 -1 -11 -1 -11 -2 -10 -2 -11 -2 -10 -2 -10 -2 -11 -2 -10 -3 -10 -3 -10 -3 -10 -4 -10 -4 -10 -4 -9 -4 -9 -4 -9 -5 -10 -5 -10 -5 -10 -5 -9 -5 -10 -5 -10 -5 -9 0 0 -5 -10 -6 -10 -5 -10 -5 -10 -5 -10 -5 -10 -5 -11 -4 -10 -4 -10 -4 -10 -4 -10 -3 -10 -3 -10 -3 -10 -3 -10 -2 -9 -2 -10 -2 -9 -2 -9 -2 -8 -1 -9 -1 -9 -1 -9 0 -8 0 -8 0 -8 0 0 0 0 0 0 0 0 0 0 ]
CSI_DATA,AP,10:B4:1D:CC:60:E0,-33,11,1,7,1,1,1,1,0,0,1,-93,0,6,2,6281415,0,68,0,0,5.9908,384,[0 0 0 0 0 0 0 0 0 0 0 0 4 -10 4 -10 4 -10 4 -10 3 -10 3 -10 3 -10 3 -10 3 -10 2 -10 2 -10 2 -10 2 -10 1 -10 1 -10 1 -10 1 -10 1 -10 0 -10 0 -10 0 -10 0 -10 0 -10 0 -11 -1 -11 -1 -11 0 0 0 -11 0 -11 0 -12 0 -11 0 -11 0 -11 0 -11 0 -11 1 -11 1 -11 1 -11 1 -11 1 -10 2 -10 2 -10 2 -9 2 -9 2 -9 2 -9 3 -8 3 -8 3 -8 3 -8 3 -8 4 -7 4 -7 0 0 0 0 0 0 0 0 0 0 ]
CSI_DATA,AP,10:B4:1D:CC:60:E0,-33,11,1,7,1,1,1,1,0,0,1,-93,0,6,2,6371329,0,68,0,0,6.08072,384,[0 0 0 0 0 0 0 0 0 0 0 0 -2 -11 -2 -11 -2 -11 -2 -10 -2 -11 -3 -10 -2 -10 -2 -10 -3 -10 -3 -10 -3 -9 -3 -10 -4 -9 -4 -9 -4 -9 -4 -9 -4 -9 -5 -9 -5 -9 -5 -9 -5 -9 -5 -9 -5 -9 -6 -9 -6 -9 -6 -9 0 0 -6 -9 -6 -10 -6 -9 -6 -10 -6 -10 -6 -10 -5 -10 -5 -10 -5 -10 -5 -10 -5 -10 -4 -10 -4 -10 -3 -10 -4 -9 -3 -9 -3 -9 -3 -9 -2 -9 -2 -8 -2 -9 -1 -9 -1 -8 -1 -8 0 -8 0 -8 0 0 0 0 0 0 0 0 0 0 ]
CSI_DATA,AP,10:B4:1D:CC:60:E0,-33,11,1,7,1,1,1,1,0,0,1,-93,0,6,2,6461775,0,68,0,0,6.17117,384,[0 0 0 0 0 0 0 0 0 0 0 0 -9 5 -9 6 -9 6 -9 6 -9 6 -9 6 -8 6 -8 6 -8 6 -8 6 -8 6 -7 6 -7 6 -7 7 -7 7 -6 7 -6 7 -6 7 -6 8 -6 8 -6 8 -6 8 -6 8 -6 8 -5 8 -6 9 0 0 -6 9 -6 9 -6 9 -6 9 -6 9 -6 9 -6 8 -7 8 -7 8 -7 8 -7 8 -7 8 -7 7 -7 7 -7 6 -7 6 -7 6 -7 6 -7 5 -7 5 -7 5 -7 4 -7 4 -7 4 -7 3 -7 3 0 0 0 0 0 0 0 0 0 0 ]
CSI_DATA,AP,10:B4:1D:CC:60:E0,-33,11,1,7,1,1,1,1,0,0,1,-93,0,6,2,6551550,0,68,0,0,6.26094,384,[0 0 0 0 0 0 0 0 0 0 0 0 10 -1 10 -1 10 -1 10 -1 10 -1 10 -1 10 -1 10 -1 9 -2 9 -2 9 -2 9 -2 9 -3 9 -3 9 -3 9 -3 9 -4 9 -4 9 -4 9 -4 9 -4 9 -4 9 -5 9 -5 9 -5 9 -5 0 0 9 -5 9 -5 10 -5 10 -5 10 -5 10 -5 10 -4 10 -4 10 -4 10 -4 10 -4 10 -3 10 -3 9 -3 10 -2 9 -2 9 -2 9 -2 9 -2 8 -1 8 -1 8 -1 8 0 8 0 7 1 7 1 0 0 0 0 0 0 0 0 0 0 ]
CSI_DATA,AP,10:B4:1D:CC:60:E0,-33,11,1,7,1,1,1,1,0,0,1,-93,0,6,2,6641230,0,68,0,0,6.35062,384,[0 0 0 0 0 0 0 0 0 0 0 0 9 5 9 5 8 5 9 5 8 5 9 5 8 4 8 4 8 4 8 4 8 3 9 3 9 3 9 3 9 2 9 2 9 2 9 2 10 2 9 1 9 1 9 1 9 1 10 1 10 0 10 1 0 0 10 1 10 1 11 1 10 1 11 1 10 1 10 2 10 2 10 2 10 2 10 2 10 2 9 3 9 3 9 3 9 3 8 3 8 3 8 3 7 3 7 4 7 4 6 4 6 4 6 4 5 5 0 0 0 0 0 0 0 0 0 0 ]
CSI_DATA,AP,10:B4:1D:CC:60:E0,-33,11,1,7,1,1,1,1,0,0,1,-93,0,6,2,6731365,0,68,0,0,6.44076,384,[0 0 0 0 0 0 0 0 0 0 0 0 -5 9 -5 9 -5 9 -5 9 -5 9 -5 9 -4 9 -4 9 -4 9 -3 9 -3 9 -3 9 -3 9 -2 9 -2 9 -2 9 -2 9 -2 9 -1 9 -1 10 -1 9 -1 10 -1 10 0 10 0 10 -1 10 0 0 -1 10 -1 10 0 10 -1 10 -1 11 -1 11 -2 11 -2 11 -2 10 -2 10 -2 10 -2 10 -2 10 -3 9 -3 9 -3 9 -3 9 -3 8 -4 8 -4 8 -4 7 -4 7 -4 7 -5 7 -5 6 -5 6 0 0 0 0 0 0 0 0 0 0 ]
CSI_DATA,AP,10:B4:1D:CC:60:E0,-33,11,1,7,1,1,1,1,0,0,1,-93,0,6,2,6821332,0,68,0,0,6.53072,384,[0 0 0 0 0 0 0 0 0 0 0 0 -3 10 -3 10 -3 10 -3 10 -3 10 -3 10 -2 10 -2 10 -2 9 -2 10 -2 10 -1 9 -1 10 -1 9 0 9 0 9 0 9 1 9 1 9 1 9 1 10 1 10 1 10 2 10 2 10 2 10 0 0 2 10 2 11 2 10 2 10 2 10 2 11 2 11 1 11 1 10 1 10 1 10 1 10 0 10 0 10 0 9 0 9 -1 9 -1 9 -1 8 -1 8 -1 8 -2 8 -2 8 -2 7 -3 7 -3 7 0 0 0 0 0 0 0 0 0 0 ]
CSI_DATA,AP,10:B4:1D:CC:60:E0,-27,11,0,0,0,0,0,0,0,0,0,-93,0,6,2,6855862,0,66,0,0,6.56532,128,[0 0 0 0 0 0 0 0 0 0 0 0 -15 2 -15 2 -15 2 -15 2 -14 3 -14 3 -14 3 -14 4 -14 3 -13 4 -13 4 -13 5 -13 5 -13 5 -12 5 -12 5 -12 5 -12 6 -12 6 -12 6 -12 7 -12 7 -12 7 -12 7 -12 8 -12 8 0 0 -13 8 -12 8 -13 8 -13 7 -13 7 -13 7 -13 7 -13 7 -14 6 -13 6 -13 6 -13 6 -13 5 -13 5 -13 4 -13 4 -12 3 -12 3 -12 3 -12 2 -12 2 -12 2 -11 1 -11 1 -11 0 -11 0 0 0 0 0 0 0 0 0 0 0 ]
CSI_DATA,AP,10:B4:1D:CC:60:E0,-33,11,1,7,1,1,1,1,0,0,1,-93,0,6,2,6911331,0,68,0,0,6.6207,384,[0 0 0 0 0 0 0 0 0 0 0 0 9 5 8 5 9 5 8 5 9 5 8 4 8 4 9 4 8 4 9 4 9 3 9 3 9 3 9 2 9 2 9 2 9 2 9 2 9 1 9 1 9 1 9 1 10 1 10 0 10 0 10 0 0 0 10 0 11 0 10 1 11 0 10 1 10 1 10 1 10 1 10 1 10 2 10 1 10 2 9 2 9 2 9 2 8 2 9 3 8 2 8 3 8 3 7 3 7 3 7 3 7 3 6 4 6 4 0 0 0 0 0 0 0 0 0 0 ]
CSI_DATA,AP,10:B4:1D:CC:60:E0,-33,11,1,7,1,1,1,1,0,0,1,-93,0,6,2,7001330,0,68,0,0,6.71072,384,[0 0 0 0 0 0 0 0 0 0 0 0 10 -3 10 -2 10 -3 10 -3 9 -3 10 -3 9 -3 9 -3 9 -3 9 -4 9 -4 9 -4 8 -4 8 -5 8 -5 8 -5 8 -5 7 -5 8 -6 8 -6 8 -6 8 -6 8 -6 8 -7 7 -7 7 -7 0 0 8 -7 8 -7 8 -7 8 -7 8 -7 8 -7 8 -6 8 -6 8 -6 8 -6 8 -6 8 -6 8 -5 8 -5 8 -5 8 -4 8 -4 8 -4 8 -3 8 -3 7 -3 7 -3 7 -2 7 -2 7 -2 7 -1 0 0 0 0 0 0 0 0 0 0 ]
CSI_DATA,AP,10:B4:1D:CC:60:E0,-33,11,1,7,1,1,1,1,0,0,1,-93,0,6,2,7091452,0,68,0,0,6.80084,384,[0 0 0 0 0 0 0 0 0 0 0 0 -10 5 -10 5 -10 5 -10 5 -9 5 -10 5 -9 5 -9 5 -9 5 -9 6 -9 6 -8 6 -8 6 -8 6 -8 6 -8 6 -8 7 -7 7 -7 7 -7 7 -7 7 -7 7 -7 8 -6 8 -6 8 -7 8 0 0 -7 8 -6 8 -7 9 -7 9 -7 9 -8 8 -8 8 -8 8 -8 7 -8 8 -8 8 -7 7 -7 7 -8 7 -8 6 -8 6 -8 5 -8 6 -8 5 -8 5 -8 4 -8 4 -8 4 -8 3 -8 3 -8 2 0 0 0 0 0 0 0 0 0 0 ]
CSI_DATA,AP,10:B4:1D:CC:60:E0,-33,11,1,7,1,1,1,1,0,0,1,-93,0,6,2,7181438,0,68,0,0,6.89083,384,[0 0 0 0 0 0 0 0 0 0 0 0 -11 -3 -11 -2 -11 -2 -11 -2 -11 -2 -11 -2 -11 -2 -11 -2 -10 -1 -10 -1 -10 -1 -10 0 -10 -1 -10 0 -10 0 -10 0 -10 1 -10 1 -10 1 -10 1 -10 2 -10 2 -10 2 -10 2 -10 2 -11 2 0 0 -11 2 -11 2 -11 2 -11 2 -11 2 -11 2 -11 1 -11 1 -11 1 -11 1 -11 1 -11 1 -11 0 -10 0 -10 0 -10 0 -10 -1 -10 -1 -9 -1 -9 -1 -9 -1 -9 -2 -8 -2 -8 -2 -8 -2 -8 -3 0 0 0 0 0 0 0 0 0 0 ]
CSI_DATA,AP,10:B4:1D:CC:60:E0,-33,11,1,7,1,1,1,1,0,0,1,-93,0,6,2,7271836,0,68,0,0,6.98123,384,[0 0 0 0 0 0 0 0 0 0 0 0 2 -11 2 -11 2 -11 2 -11 1 -11 1 -11 1 -11 1 -11 1 -10 1 -11 0 -10 0 -10 0 -10 -1 -10 -1 -11 -1 -10 -1 -10 -1 -10 -2 -10 -2 -11 -2 -10 -2 -11 -2 -10 -2 -11 -3 -11 -2 -10 0 0 -2 -11 -2 -11 -2 -11 -2 -11 -2 -11 -2 -11 -1 -11 -1 -11 -1 -11 -1 -11 -1 -11 -1 -11 0 -11 0 -10 0 -10 0 -10 1 -10 1 -9 1 -9 1 -9 1 -9 2 -8 2 -8 2 -8 2 -8 3 -7 0 0 0 0 0 0 0 0 0 0 ]
CSI_DATA,AP,10:B4:1D:CC:60:E0,-32,11,1,7,1,1,1,1,0,0,1,-93,0,6,2,7361288,0,68,0,0,7.07067,384,[0 0 0 0 0 0 0 0 0 0 0 0 10 -3 10 -4 10 -4 10 -4 10 -4 9 -4 9 -4 9 -4 9 -4 9 -5 9 -5 8 -5 8 -5 8 -5 8 -6 8 -6 8 -6 8 -6 8 -6 7 -6 8 -6 8 -7 7 -7 8 -7 7 -7 7 -7 0 0 8 -7 8 -7 8 -7 8 -7 8 -7 8 -7 8 -7 8 -6 8 -6 9 -6 8 -6 8 -6 8 -5 8 -5 8 -5 8 -4 8 -4 8 -4 8 -3 7 -3 7 -3 7 -3 7 -2 7 -2 7 -2 7 -1 0 0 0 0 0 0 0 0 0 0 ]
CSI_DATA,AP,10:B4:1D:CC:60:E0,-32,11,1,7,1,1,1,1,0,0,1,-93,0,6,2,7452452,0,68,0,0,7.16184,384,[0 0 0 0 0 0 0 0 0 0 0 0 7 -8 7 -8 7 -8 7 -8 7 -8 7 -8 7 -8 7 -8 6 -8 6 -8 6 -8 5 -8 5 -9 5 -9 5 -9 5 -9 4 -9 4 -9 4 -9 4 -9 4 -9 4 -10 3 -10 3 -10 3 -10 3 -10 0 0 4 -10 4 -11 4 -10 4 -10 4 -10 4 -10 4 -10 4 -10 4 -10 5 -9 5 -9 5 -9 5 -9 5 -8 5 -8 5 -8 5 -7 5 -7 5 -7 5 -6 5 -6 5 -6 5 -6 5 -5 6 -5 6 -5 0 0 0 0 0 0 0 0 0 0 ]
CSI_DATA,AP,10:B4:1D:CC:60:E0,-32,11,1,7,1,1,1,1,0,0,1,-93,0,6,2,7543476,0,68,0,0,7.25286,384,[0 0 0 0 0 0 0 0 0 0 0 0 -12 0 -11 0 -11 1 -11 1 -11 1 -11 1 -11 1 -11 1 -11 1 -10 1 -11 2 -10 2 -10 2 -10 2 -10 3 -10 3 -10 3 -10 3 -10 4 -10 3 -10 4 -9 4 -9 4 -10 4 -10 4 -10 5 0 0 -10 5 -10 5 -10 4 -10 5 -10 4 -11 4 -10 4 -10 4 -10 3 -10 3 -10 3 -10 3 -10 2 -10 2 -10 2 -10 2 -9 1 -9 1 -9 1 -9 0 -9 0 -9 0 -9 0 -8 -1 -8 -1 -8 -2 0 0 0 0 0 0 0 0 0 0 ]
CSI_DATA,AP,10:B4:1D:CC:60:E0,-32,11,1,7,1,1,1,1,0,0,1,-93,0,6,2,7631227,0,68,0,0,7.34062,384,[0 0 0 0 0 0 0 0 0 0 0 0 8 6 8 6 8 6 8 6 8 6 8 5 8 5 8 5 8 5 8 5 8 4 8 4 8 4 8 4 8 4 8 3 8 3 8 3 8 3 9 3 8 3 9 3 9 2 9 2 9 2 9 2 0 0 9 2 9 2 9 2 9 2 9 3 9 3 9 3 9 3 9 3 9 3 9 3 8 3 8 3 8 4 8 4 7 4 7 4 7 4 6 4 6 4 6 4 5 5 5 5 5 5 5 5 4 5 0 0 0 0 0 0 0 0 0 0 ]
CSI_DATA,AP,10:B4:1D:CC:60:E0,-32,11,1,7,1,1,1,1,0,0,1,-93,0,6,2,7721529,0,68,0,0,7.43092,384,[0 0 0 0 0 0 0 0 0 0 0 0 7 -8 7 -8 7 -8 6 -8 6 -8 6 -8 6 -8 6 -8 6 -8 6 -8 5 -8 5 -8 5 -9 4 -9 4 -8 4 -9 4 -9 4 -9 3 -9 3 -9 3 -9 3 -9 3 -10 3 -10 3 -10 3 -10 0 0 3 -10 3 -10 3 -10 3 -10 3 -10 3 -10 3 -10 4 -10 4 -9 4 -9 4 -9 4 -9 4 -9 4 -8 4 -8 4 -8 5 -8 4 -7 5 -7 4 -6 5 -6 5 -6 5 -6 5 -5 5 -5 5 -4 0 0 0 0 0 0 0 0 0 0 ]
CSI_DATA,AP,10:B4:1D:CC:60:E0,-32,11,1,7,1,1,1,1,0,0,1,-93,0,6,2,7811409,0,68,0,0,7.5208,384,[0 0 0 0 0 0 0 0 0 0 0 0 -10 -6 -10 -6 -10 -5 -10 -5 -9 -5 -10 -5 -9 -5 -9 -5 -9 -4 -10 -4 -9 -4 -9 -3 -9 -3 -9 -3 -10 -3 -10 -3 -10 -3 -10 -2 -10 -2 -10 -2 -10 -2 -10 -2 -10 -2 -10 -2 -10 -1 -10 -1 0 0 -11 -1 -11 -2 -11 -2 -10 -2 -10 -2 -10 -2 -10 -2 -10 -2 -10 -3 -10 -3 -10 -3 -10 -3 -9 -3 -9 -3 -9 -3 -8 -3 -8 -4 -8 -4 -8 -4 -7 -4 -7 -4 -7 -5 -7 -4 -6 -4 -6 -5 -6 -5 0 0 0 0 0 0 0 0 0 0 ]
CSI_DATA,AP,10:B4:1D:CC:60:E0,-32,11,1,7,1,1,1,1,0,0,1,-93,0,6,2,7908227,0,68,0,0,7.61761,384,[0 0 0 0 0 0 0 0 0 0 0 0 -11 -1 -11 -1 -11 -1 -11 -1 -11 -1 -11 0 -11 0 -10 0 -10 0 -10 0 -10 0 -10 1 -10 1 -10 1 -10 1 -10 1 -10 1 -10 2 -9 2 -10 2 -10 2 -10 2 -10 2 -10 3 -10 3 -10 3 0 0 -10 3 -10 3 -10 3 -10 3 -10 2 -10 2 -10 2 -10 1 -10 1 -10 1 -10 1 -10 1 -10 1 -10 0 -9 0 -9 0 -9 0 -9 -1 -8 -1 -8 -1 -8 -1 -8 -2 -8 -2 -8 -2 -7 -2 -7 -3 0 0 0 0 0 0 0 0 0 0 ]
CSI_DATA,AP,10:B4:1D:CC:60:E0,-32,11,1,7,1,1,1,1,0,0,1,-93,0,6,2,7991304,0,68,0,0,7.70069,384,[0 0 0 0 0 0 0 0 0 0 0 0 -10 4 -10 4 -10 4 -9 5 -10 4 -9 5 -9 5 -9 5 -9 5 -9 5 -8 5 -8 5 -8 6 -8 6 -8 6 -8 6 -7 6 -7 6 -7 6 -7 7 -7 7 -7 7 -7 7 -7 7 -7 7 -7 7 0 0 -7 7 -7 8 -7 8 -7 7 -7 7 -7 7 -8 7 -7 7 -8 7 -8 6 -7 6 -7 6 -8 6 -8 6 -7 5 -7 5 -7 5 -7 4 -7 4 -7 3 -7 3 -7 3 -7 3 -7 3 -7 2 -7 2 0 0 0 0 0 0 0 0 0 0 ]
CSI_DATA,AP,10:B4:1D:CC:60:E0,-32,11,1,7,1,1,1,1,0,0,1,-93,0,6,2,8083040,0,68,0,0,7.79243,384,[0 0 0 0 0 0 0 0 0 0 0 0 -10 4 -10 4 -10 4 -10 4 -10 4 -10 5 -9 4 -9 5 -9 4 -9 5 -8 5 -8 5 -8 5 -8 6 -8 6 -8 6 -8 6 -8 6 -7 6 -7 6 -7 7 -7 7 -7 7 -7 7 -7 7 -7 7 0 0 -8 7 -7 7 -7 7 -8 7 -8 7 -8 7 -8 7 -8 7 -8 6 -8 6 -8 6 -8 6 -8 5 -8 5 -8 5 -8 4 -8 4 -8 4 -8 3 -7 3 -8 3 -8 2 -7 2 -7 2 -8 2 -7 1 0 0 0 0 0 0 0 0 0 0 ]
CSI_DATA,AP,10:B4:1D:CC:60:E0,-32,11,1,7,1,1,1,1,0,0,1,-93,0,6,2,8171198,0,68,0,0,7.88058,384,[0 0 0 0 0 0 0 0 0 0 0 0 -5 -10 -5 -10 -5 -10 -5 -10 -5 -10 -5 -10 -5 -9 -5 -9 -5 -9 -6 -9 -6 -9 -6 -9 -6 -9 -6 -8 -6 -8 -6 -8 -7 -8 -7 -8 -7 -8 -7 -7 -7 -8 -7 -7 -7 -7 -8 -7 -8 -7 -8 -7 0 0 -8 -7 -8 -8 -8 -8 -8 -7 -8 -8 -8 -8 -8 -8 -7 -8 -7 -8 -7 -8 -7 -8 -6 -8 -6 -8 -6 -8 -6 -8 -5 -8 -5 -8 -5 -7 -4 -7 -4 -7 -4 -7 -4 -7 -3 -7 -3 -7 -3 -7 -2 -7 0 0 0 0 0 0 0 0 0 0 ]
CSI_DATA,AP,10:B4:1D:CC:60:E0,-32,11,1,7,1,1,1,1,0,0,1,-93,0,6,2,8261261,0,68,0,0,7.97065,384,[0 0 0 0 0 0 0 0 0 0 0 0 6 -9 6 -9 6 -9 6 -9 5 -9 5 -9 5 -9 5 -9 5 -9 4 -9 4 -9 4 -9 4 -9 3 -9 3 -9 3 -10 3 -9 3 -9 2 -10 2 -10 2 -10 2 -10 2 -10 2 -11 2 -10 2 -10 0 0 2 -10 2 -11 2 -11 2 -10 2 -11 2 -11 3 -10 3 -10 3 -10 3 -10 3 -10 3 -10 3 -9 4 -9 4 -8 4 -8 4 -8 4 -8 4 -7 4 -7 4 -7 4 -7 4 -6 4 -6 4 -6 5 -5 0 0 0 0 0 0 0 0 0 0 ]
CSI_DATA,AP,10:B4:1D:CC:60:E0,-32,11,1,7,1,1,1,1,0,0,1,-93,0,6,2,8351259,0,68,0,0,8.06065,384,[0 0 0 0 0 0 0 0 0 0 0 0 -5 9 -5 9 -4 9 -4 9 -5 9 -4 9 -4 9 -4 9 -4 9 -4 9 -3 9 -3 9 -3 9 -2 9 -2 9 -2 9 -2 9 -2 9 -1 9 -1 9 -1 9 -1 9 -1 9 -1 9 0 9 -1 9 0 0 -1 10 -1 10 -1 9 -1 10 -1 10 -1 10 -2 10 -2 9 -2 9 -2 9 -2 9 -2 9 -2 9 -3 8 -3 8 -3 8 -3 8 -3 7 -3 7 -4 7 -4 6 -4 6 -4 6 -4 6 -4 5 -5 5 0 0 0 0 0 0 0 0 0 0 ]
CSI_DATA,AP,10:B4:1D:CC:60:E0,-32,11,1,7,1,1,1,1,0,0,1,-93,0,6,2,8441384,0,68,0,0,8.15077,384,[0 0 0 0 0 0 0 0 0 0 0 0 2 10 2 10 2 10 2 10 2 10 2 9 2 9 2 9 2 9 3 9 3 9 3 8 3 8 3 8 3 8 4 8 4 8 4 8 4 8 4 8 5 8 4 8 5 8 5 8 5 8 5 8 0 0 5 8 5 8 5 8 5 8 5 8 5 9 4 9 4 9 4 8 4 8 4 8 3 8 3 8 3 8 3 8 2 8 2 8 2 7 1 7 1 7 1 7 0 7 0 7 0 7 0 7 -1 6 0 0 0 0 0 0 0 0 0 0 ]
CSI_DATA,AP,10:B4:1D:CC:60:E0,-32,11,1,7,1,1,1,1,0,0,1,-93,0,6,2,8531325,0,68,0,0,8.24071,384,[0 0 0 0 0 0 0 0 0 0 0 0 10 -4 10 -4 10 -4 10 -4 9 -4 9 -4 9 -4 9 -4 9 -4 8 -4 8 -5 8 -5 8 -5 8 -5 8 -6 8 -6 8 -6 7 -6 7 -6 7 -6 7 -6 7 -7 7 -7 7 -7 7 -7 7 -7 0 0 7 -7 7 -7 7 -7 7 -7 7 -7 8 -7 8 -7 8 -6 8 -6 8 -6 8 -6 8 -6 8 -5 8 -5 8 -5 7 -4 7 -4 7 -4 7 -4 7 -3 7 -3 7 -3 7 -2 7 -2 7 -2 6 -1 0 0 0 0 0 0 0 0 0 0 ]
CSI_DATA,AP,10:B4:1D:CC:60:E0,-31,11,1,7,1,1,1,1,0,0,1,-93,0,6,2,8621354,0,68,0,0,8.33075,384,[0 0 0 0 0 0 0 0 0 0 0 0 -4 10 -4 10 -3 10 -3 10 -3 10 -3 10 -3 9 -3 9 -3 9 -2 10 -2 9 -2 9 -1 9 -1 9 -1 9 -1 9 -1 9 -1 9 0 9 0 9 0 9 0 9 0 9 1 10 1 9 0 9 0 0 0 10 1 10 0 10 0 10 0 10 0 10 0 10 -1 10 -1 9 -1 10 -1 9 -1 9 -2 9 -2 9 -2 8 -2 8 -2 8 -2 8 -3 7 -3 7 -3 7 -3 7 -3 7 -3 6 -4 6 -4 5 0 0 0 0 0 0 0 0 0 0 ]
CSI_DATA,AP,10:B4:1D:CC:60:E0,-31,11,1,7,1,1,1,1,0,0,1,-93,0,6,2,8711431,0,68,0,0,8.42082,384,[0 0 0 0 0 0 0 0 0 0 0 0 -11 1 -11 0 -11 1 -11 1 -11 1 -11 1 -10 1 -11 1 -10 1 -10 2 -10 2 -10 2 -10 2 -10 3 -10 3 -9 3 -10 3 -9 3 -9 4 -9 4 -9 4 -9 4 -9 4 -9 5 -9 5 -9 5 0 0 -10 5 -9 5 -10 5 -9 5 -10 4 -10 4 -10 4 -10 4 -10 4 -10 3 -10 3 -9 3 -10 3 -9 2 -9 2 -9 2 -9 2 -9 2 -9 1 -8 1 -8 1 -8 0 -8 0 -8 0 -8 0 -8 -1 0 0 0 0 0 0 0 0 0 0 ]
CSI_DATA,AP,10:B4:1D:CC:60:E0,-31,11,1,7,1,1,1,1,0,0,1,-93,0,6,2,8801552,0,68,0,0,8.51094,384,[0 0 0 0 0 0 0 0 0 0 0 0 -7 -8 -8 -8 -8 -8 -7 -8 -8 -8 -7 -8 -7 -7 -8 -7 -7 -7 -8 -7 -8 -7 -8 -6 -8 -6 -8 -6 -8 -6 -8 -5 -8 -6 -9 -5 -9 -5 -9 -5 -9 -5 -9 -5 -9 -4 -9 -5 -9 -5 -9 -4 0 0 -10 -5 -9 -5 -10 -5 -10 -5 -9 -5 -9 -5 -9 -5 -9 -6 -9 -5 -9 -6 -9 -5 -8 -6 -8 -6 -8 -6 -7 -6 -7 -6 -7 -6 -7 -6 -6 -6 -6 -6 -6 -6 -5 -6 -5 -6 -5 -6 -5 -6 -4 -6 0 0 0 0 0 0 0 0 0 0 ]
CSI_DATA,AP,10:B4:1D:CC:60:E0,-31,11,1,7,1,1,1,1,0,0,1,-93,0,6,2,8891249,0,68,0,0,8.60063,384,[0 0 0 0 0 0 0 0 0 0 0 0 -11 -4 -11 -4 -11 -4 -11 -4 -11 -3 -11 -3 -10 -3 -10 -3 -10 -3 -10 -2 -10 -2 -10 -2 -10 -2 -10 -2 -10 -1 -10 -1 -10 -1 -10 -1 -10 -1 -10 0 -10 0 -10 0 -11 0 -11 0 -11 0 -11 0 0 0 -11 0 -11 0 -11 0 -11 0 -11 0 -11 0 -11 -1 -11 -1 -11 -1 -11 -1 -11 -2 -10 -2 -10 -2 -10 -2 -10 -2 -9 -2 -9 -3 -9 -3 -8 -3 -8 -3 -8 -3 -8 -3 -7 -4 -7 -4 -7 -4 -6 -4 0 0 0 0 0 0 0 0 0 0 ]
CSI_DATA,AP,10:B4:1D:CC:60:E0,-32,11,1,7,1,1,1,1,0,0,0,-93,0,6,2,8984090,0,68,0,0,8.69348,384,[0 0 0 0 0 0 0 0 0 0 0 0 10 1 10 1 10 1 10 1 10 1 10 1 10 1 9 0 10 0 9 0 9 0 9 0 9 -1 9 -1 9 -1 9 -2 9 -2 9 -2 9 -2 9 -2 9 -2 9 -3 9 -3 9 -3 9 -3 9 -3 0 0 10 -3 9 -3 9 -3 10 -3 10 -3 10 -3 10 -2 10 -2 10 -2 9 -2 9 -2 9 -1 9 -1 9 -1 9 -1 8 -1 8 0 8 0 8 0 7 0 7 1 7 1 7 1 7 1 6 1 6 2 0 0 0 0 0 0 0 0 0 0 ]
CSI_DATA,AP,10:B4:1D:CC:60:E0,-31,11,1,7,1,1,1,1,0,0,1,-93,0,6,2,9071457,0,68,0,0,8.78085,384,[0 0 0 0 0 0 0 0 0 0 0 0 10 -1 10 -1 10 -1 10 -1 10 -1 10 -1 9 -1 9 -1 9 -1 9 -2 9 -2 9 -2 9 -2 9 -3 9 -3 8 -3 8 -3 8 -3 9 -3 9 -4 8 -4 9 -4 8 -4 8 -4 8 -4 9 -4 0 0 9 -4 9 -4 9 -4 9 -4 9 -4 9 -4 9 -4 9 -3 9 -3 9 -3 9 -3 9 -3 9 -2 8 -2 8 -2 8 -1 8 -1 8 -1 8 -1 7 -1 7 0 7 0 7 0 7 0 6 1 6 1 0 0 0 0 0 0 0 0 0 0 ]
CSI_DATA,AP,10:B4:1D:CC:60:E0,-31,11,1,7,1,1,1,1,0,0,1,-93,0,6,2,9161379,0,68,0,0,8.87077,384,[0 0 0 0 0 0 0 0 0 0 0 0 10 3 10 3 10 3 9 3 9 2 9 2 9 2 9 2 9 2 9 1 9 1 9 0 9 0 9 0 9 0 9 0 9 -1 9 -1 9 -1 9 -1 9 -1 9 -1 9 -2 9 -2 9 -2 9 -2 0 0 10 -2 10 -2 10 -2 10 -2 10 -2 10 -1 10 -1 10 -1 10 -1 9 -1 9 -1 9 0 9 0 8 0 8 0 8 0 8 0 8 1 7 1 7 1 7 1 7 2 7 2 6 2 6 2 6 2 0 0 0 0 0 0 0 0 0 0 ]
CSI_DATA,AP,10:B4:1D:CC:60:E0,-31,11,1,7,1,1,1,1,0,0,1,-93,0,6,2,9251328,0,68,0,0,8.96072,384,[0 0 0 0 0 0 0 0 0 0 0 0 11 0 11 -1 11 -1 10 -1 10 -1 10 -1 10 -1 10 -1 10 -1 9 -2 9 -2 9 -2 9 -2 9 -3 9 -3 9 -3 9 -3 9 -4 9 -4 9 -4 9 -4 9 -4 9 -4 9 -4 9 -5 9 -5 0 0 9 -5 9 -4 9 -5 9 -5 9 -5 10 -4 10 -4 9 -4 10 -4 9 -3 9 -3 9 -3 9 -3 9 -2 9 -2 8 -2 8 -2 8 -1 8 -1 8 -1 7 -1 7 -1 7 0 7 0 7 0 6 1 0 0 0 0 0 0 0 0 0 0 ]
CSI_DATA,AP,10:B4:1D:CC:60:E0,-31,11,1,7,1,1,1,1,0,0,1,-93,0,6,2,9344833,0,68,0,0,9.05423,384,[0 0 0 0 0 0 0 0 0 0 0 0 6 -9 6 -9 6 -9 5 -9 5 -9 5 -9 5 -9 5 -9 5 -9 4 -9 4 -9 4 -9 3 -9 3 -9 3 -10 3 -9 3 -9 2 -9 2 -10 2 -10 2 -10 2 -10 2 -10 2 -10 2 -10 2 -10 0 0 2 -10 2 -10 2 -11 2 -10 2 -10 3 -10 3 -10 3 -10 3 -10 3 -9 3 -9 3 -9 4 -9 4 -9 4 -8 4 -8 4 -8 4 -7 4 -7 4 -6 4 -6 4 -6 4 -6 5 -6 5 -5 5 -5 0 0 0 0 0 0 0 0 0 0 ]
CSI_DATA,AP,10:B4:1D:CC:60:E0,-31,11,1,7,1,1,1,1,0,0,1,-93,0,6,2,9431320,0,68,0,0,9.14071,384,[0 0 0 0 0 0 0 0 0 0 0 0 -7 -9 -7 -9 -7 -9 -7 -9 -7 -8 -7 -8 -7 -8 -7 -8 -7 -8 -7 -8 -7 -7 -7 -7 -8 -7 -8 -7 -8 -7 -8 -6 -8 -6 -8 -6 -9 -6 -9 -6 -8 -6 -9 -6 -9 -6 -9 -6 -9 -6 -9 -6 0 0 -10 -6 -9 -6 -9 -6 -9 -6 -9 -6 -9 -6 -9 -7 -9 -7 -8 -7 -8 -6 -8 -6 -8 -7 -8 -7 -7 -7 -7 -6 -7 -7 -7 -7 -6 -7 -6 -6 -5 -6 -5 -7 -5 -7 -5 -7 -4 -7 -4 -7 -3 -7 0 0 0 0 0 0 0 0 0 0 ]
CSI_DATA,AP,10:B4:1D:CC:60:E0,-31,11,1,7,1,1,1,1,0,0,1,-93,0,6,2,9521315,0,68,0,0,9.2307,384,[0 0 0 0 0 0 0 0 0 0 0 0 -4 9 -4 9 -4 9 -4 9 -4 9 -4 9 -3 9 -3 9 -3 9 -3 9 -2 9 -2 9 -2 9 -2 9 -1 9 -1 9 -1 9 -1 9 -1 9 0 9 0 9 0 9 0 9 0 9 0 9 0 9 0 0 0 9 0 10 0 10 0 9 0 10 -1 10 -1 9 -1 9 -1 9 -1 9 -1 9 -2 9 -2 8 -2 8 -2 8 -3 8 -3 8 -2 7 -3 7 -3 7 -3 6 -3 6 -3 6 -4 6 -4 5 -4 5 0 0 0 0 0 0 0 0 0 0 ]
CSI_DATA,AP,10:B4:1D:CC:60:E0,-31,11,1,7,1,1,1,1,0,0,1,-93,0,6,2,9611281,0,68,0,0,9.32067,384,[0 0 0 0 0 0 0 0 0 0 0 0 10 -4 9 -4 9 -4 9 -4 9 -4 9 -4 9 -4 9 -4 9 -5 9 -5 8 -5 8 -5 8 -5 8 -6 7 -6 8 -6 7 -6 7 -6 7 -6 7 -7 7 -7 7 -7 7 -7 7 -7 7 -7 7 -7 0 0 7 -7 7 -8 7 -8 7 -8 7 -7 7 -7 7 -7 7 -7 7 -7 8 -6 8 -6 7 -6 7 -6 7 -5 7 -5 7 -5 7 -5 7 -4 7 -4 7 -4 7 -3 6 -3 7 -3 6 -2 6 -2 6 -2 0 0 0 0 0 0 0 0 0 0 ]
CSI_DATA,AP,10:B4:1D:CC:60:E0,-31,11,1,7,1,1,1,1,0,0,1,-93,0,6,2,9701348,0,68,0,0,9.41074,384,[0 0 0 0 0 0 0 0 0 0 0 0 10 4 9 5 9 4 9 4 9 4 9 4 9 4 9 3 9 3 9 3 9 2 9 2 9 2 9 2 9 2 9 1 9 1 9 1 9 1 9 1 9 1 9 1 10 0 10 0 10 0 10 0 0 0 10 0 10 0 10 0 10 0 10 0 10 1 10 1 10 1 10 1 10 1 10 1 9 2 9 2 9 2 9 2 8 2 8 2 8 2 7 3 7 3 7 3 6 3 6 3 6 3 6 4 5 4 0 0 0 0 0 0 0 0 0 0 ]
CSI_DATA,AP,10:B4:1D:CC:60:E0,-31,11,1,7,1,1,1,1,0,0,1,-93,0,6,2,9791345,0,68,0,0,9.50073,384,[0 0 0 0 0 0 0 0 0 0 0 0 -7 9 -7 9 -6 9 -6 9 -6 9 -6 9 -6 9 -5 8 -5 8 -5 9 -5 9 -5 9 -4 9 -4 9 -4 9 -4 9 -4 9 -3 9 -3 9 -3 9 -3 9 -3 9 -3 9 -2 10 -2 10 -2 10 0 0 -3 10 -2 10 -3 10 -3 10 -3 10 -3 10 -3 10 -3 10 -4 9 -4 9 -4 9 -4 9 -4 9 -4 8 -4 8 -5 8 -5 7 -5 7 -5 6 -5 6 -5 6 -5 6 -5 6 -5 5 -6 5 -6 4 0 0 0 0 0 0 0 0 0 0 ]
CSI_DATA,AP,10:B4:1D:CC:60:E0,-31,11,1,7,1,1,1,1,0,0,1,-93,0,6,2,9881416,0,68,0,0,9.5908,384,[0 0 0 0 0 0 0 0 0 0 0 0 0 10 0 10 0 10 0 10 0 10 0 10 0 10 0 10 0 9 1 9 1 9 1 9 2 9 2 9 2 9 2 9 2 9 2 9 3 9 3 9 3 9 3 9 3 9 4 9 4 9 4 9 0 0 3 9 3 9 3 9 3 9 3 9 3 10 2 10 2 9 2 9 2 9 2 9 2 9 2 9 1 9 1 8 0 8 0 8 0 8 0 8 -1 7 -1 7 -1 7 -1 7 -1 7 -1 7 -2 6 0 0 0 0 0 0 0 0 0 0 ]
CSI_DATA,AP,10:B4:1D:CC:60:E0,-31,11,1,7,1,1,1,1,0,0,1,-93,0,6,2,9971565,0,68,0,0,9.68095,384,[0 0 0 0 0 0 0 0 0 0 0 0 2 -12 2 -11 1 -11 1 -11 1 -11 1 -11 1 -11 1 -11 0 -11 0 -11 0 -10 0 -11 -1 -11 -1 -10 -1 -11 -1 -10 -2 -10 -2 -10 -2 -11 -3 -11 -3 -10 -3 -11 -3 -10 -3 -11 -3 -11 -3 -11 0 0 -3 -11 -3 -11 -4 -11 -3 -11 -3 -11 -3 -11 -3 -11 -2 -11 -2 -11 -2 -11 -2 -11 -2 -11 -1 -10 -1 -10 -1 -10 -1 -10 -1 -10 0 -9 0 -9 0 -8 0 -9 1 -8 1 -8 1 -8 1 -7 2 -7 0 0 0 0 0 0 0 0 0 0 ]
CSI_DATA,AP,10:B4:1D:CC:60:E0,-31,11,1,7,1,1,1,1,0,0,1,-93,0,6,2,10061322,0,68,0,0,9.77071,384,[0 0 0 0 0 0 0 0 0 0 0 0 10 -4 10 -4 10 -4 10 -4 10 -4 9 -4 9 -4 9 -5 9 -5 9 -5 9 -5 8 -5 8 -5 8 -6 8 -6 8 -6 8 -6 8 -7 7 -7 7 -7 7 -7 7 -7 7 -7 7 -7 7 -8 7 -8 0 0 8 -8 8 -8 8 -8 8 -8 7 -7 8 -7 8 -7 8 -7 8 -7 8 -6 8 -6 8 -6 8 -5 8 -5 8 -5 8 -5 8 -4 7 -4 7 -4 7 -3 7 -3 7 -3 7 -3 7 -2 7 -2 7 -1 0 0 0 0 0 0 0 0 0 0 ]
CSI_DATA,AP,10:B4:1D:CC:60:E0,-31,11,1,7,1,1,1,1,0,0,1,-93,0,6,2,10151411,0,68,0,0,9.8608,384,[0 0 0 0 0 0 0 0 0 0 0 0 -4 -11 -4 -11 -4 -11 -4 -11 -4 -11 -4 -10 -4 -10 -4 -10 -5 -10 -4 -10 -5 -10 -5 -10 -5 -10 -5 -9 -5 -9 -6 -9 -6 -9 -6 -9 -7 -9 -7 -9 -6 -9 -7 -9 -7 -9 -7 -9 -7 -9 -7 -8 0 0 -7 -9 -7 -9 -7 -9 -7 -9 -7 -9 -7 -9 -7 -10 -6 -10 -6 -9 -6 -9 -6 -9 -5 -9 -5 -9 -5 -9 -4 -9 -4 -9 -4 -9 -4 -8 -3 -8 -3 -8 -3 -8 -2 -8 -2 -8 -2 -8 -2 -8 -1 -8 0 0 0 0 0 0 0 0 0 0 ]
CSI_DATA,AP,10:B4:1D:CC:60:E0,-31,11,1,7,1,1,1,1,0,0,1,-93,0,6,2,10241368,0,68,0,0,9.95076,384,[0 0 0 0 0 0 0 0 0 0 0 0 10 2 10 1 10 1 10 1 10 1 10 1 10 1 10 1 9 1 9 0 9 0 10 0 9 -1 9 -1 9 -1 9 -1 9 -1 9 -2 9 -2 9 -2 9 -2 9 -2 9 -2 9 -3 10 -3 9 -3 0 0 10 -2 10 -3 10 -2 10 -2 10 -2 10 -2 10 -2 10 -1 10 -1 10 -1 10 -1 9 -1 9 0 9 0 9 0 8 1 8 1 8 1 8 1 7 1 7 1 7 2 7 2 6 2 6 2 6 3 0 0 0 0 0 0 0 0 0 0 ]
CSI_DATA,AP,10:B4:1D:CC:60:E0,-31,11,1,7,1,1,1,1,0,0,1,-93,0,6,2,10331298,0,68,0,0,10.0407,384,[0 0 0 0 0 0 0 0 0 0 0 0 -11 -3 -11 -3 -11 -3 -11 -2 -11 -2 -11 -2 -11 -2 -11 -2 -10 -2 -10 -1 -11 -1 -10 -1 -10 -1 -10 0 -11 0 -10 0 -10 0 -10 0 -10 1 -10 1 -10 1 -10 1 -10 1 -11 1 -10 1 -11 1 0 0 -11 1 -11 1 -11 1 -11 1 -11 1 -11 0 -11 0 -11 0 -11 0 -11 -1 -11 -1 -10 -1 -10 -1 -10 -1 -10 -2 -9 -2 -9 -2 -9 -2 -8 -2 -8 -3 -8 -3 -8 -3 -8 -3 -7 -3 -7 -4 -7 -4 0 0 0 0 0 0 0 0 0 0 ]
CSI_DATA,AP,10:B4:1D:CC:60:E0,-31,11,1,7,1,1,1,1,0,0,1,-93,0,6,2,10421950,0,68,0,0,10.1313,384,[0 0 0 0 0 0 0 0 0 0 0 0 10 -5 10 -5 10 -5 9 -5 9 -5 9 -5 9 -5 9 -5 9 -5 8 -6 8 -6 8 -6 8 -6 8 -6 8 -7 7 -7 7 -7 7 -7 7 -7 7 -7 7 -7 7 -7 7 -8 7 -8 7 -8 7 -8 0 0 7 -8 7 -8 7 -8 7 -8 7 -8 8 -8 8 -7 8 -7 8 -7 8 -7 8 -6 8 -6 8 -6 8 -6 8 -5 8 -5 7 -5 7 -4 7 -4 7 -4 7 -3 7 -3 7 -3 7 -3 7 -2 7 -1 0 0 0 0 0 0 0 0 0 0 ]
CSI_DATA,AP,10:B4:1D:CC:60:E0,-31,11,1,7,1,1,1,1,0,0,1,-93,0,6,2,10511362,0,68,0,0,10.2208,384,[0 0 0 0 0 0 0 0 0 0 0 0 -5 -11 -5 -10 -5 -10 -6 -10 -6 -10 -5 -10 -6 -10 -6 -10 -6 -10 -6 -9 -6 -9 -6 -9 -7 -9 -7 -8 -7 -8 -7 -8 -7 -8 -7 -8 -8 -8 -8 -8 -8 -8 -8 -8 -8 -8 -8 -7 -8 -8 -9 -7 0 0 -8 -8 -9 -8 -9 -8 -9 -8 -8 -8 -8 -9 -8 -8 -8 -9 -7 -8 -7 -9 -7 -8 -7 -8 -6 -9 -6 -9 -6 -8 -5 -8 -5 -9 -5 -8 -4 -8 -4 -8 -4 -8 -3 -8 -3 -8 -3 -8 -3 -7 -2 -7 0 0 0 0 0 0 0 0 0 0 ]
CSI_DATA,AP,10:B4:1D:CC:60:E0,-31,11,1,7,1,1,1,1,0,0,1,-93,0,6,2,10601259,0,68,0,0,10.3106,384,[0 0 0 0 0 0 0 0 0 0 0 0 -11 2 -11 2 -11 2 -10 3 -10 2 -10 3 -10 3 -10 3 -10 3 -9 3 -10 3 -9 3 -9 4 -9 4 -9 4 -9 4 -9 5 -8 5 -8 5 -8 5 -8 5 -8 5 -8 6 -8 6 -8 6 -8 6 0 0 -8 6 -8 6 -8 6 -8 6 -9 6 -9 6 -9 5 -9 5 -9 5 -9 5 -9 5 -9 4 -9 4 -8 4 -9 4 -8 3 -8 3 -8 3 -8 2 -8 2 -8 2 -8 2 -8 1 -8 1 -7 1 -7 0 0 0 0 0 0 0 0 0 0 0 ]
CSI_DATA,AP,10:B4:1D:CC:60:E0,-31,11,1,7,1,1,1,1,0,0,1,-93,0,6,2,10691378,0,68,0,0,10.4008,384,[0 0 0 0 0 0 0 0 0 0 0 0 -12 -1 -12 -1 -12 -1 -11 -1 -11 -1 -11 0 -11 0 -11 0 -11 0 -10 0 -11 1 -10 1 -10 1 -10 1 -10 2 -10 2 -10 2 -10 2 -10 3 -10 3 -10 2 -10 3 -10 3 -10 3 -10 3 -10 3 0 0 -10 3 -10 3 -10 3 -11 3 -10 3 -11 3 -11 2 -11 2 -11 2 -11 2 -11 2 -10 1 -10 1 -10 1 -10 1 -10 1 -9 0 -9 0 -9 0 -9 -1 -9 -1 -8 -1 -8 -1 -8 -1 -8 -2 -7 -2 0 0 0 0 0 0 0 0 0 0 ]
CSI_DATA,AP,10:B4:1D:CC:60:E0,-31,11,1,7,1,1,1,1,0,0,1,-93,0,6,2,10783843,0,68,0,0,10.4932,384,[0 0 0 0 0 0 0 0 0 0 0 0 -11 -2 -11 -2 -11 -2 -11 -2 -11 -1 -10 -1 -10 -1 -10 -1 -10 -1 -11 -1 -10 0 -10 0 -10 0 -10 0 -10 0 -10 1 -10 1 -10 1 -10 1 -10 1 -10 1 -10 1 -10 2 -10 2 -10 2 -10 2 0 0 -10 2 -10 2 -10 2 -11 2 -10 2 -11 1 -11 1 -11 1 -10 1 -11 1 -10 1 -10 0 -10 0 -9 -1 -10 -1 -9 -1 -9 -1 -9 -1 -8 -2 -8 -2 -8 -2 -8 -2 -8 -2 -7 -2 -7 -3 -7 -3 0 0 0 0 0 0 0 0 0 0 ]
CSI_DATA,AP,10:B4:1D:CC:60:E0,-31,11,1,7,1,1,1,1,0,0,1,-93,0,6,2,10872298,0,68,0,0,10.5817,384,[0 0 0 0 0 0 0 0 0 0 0 0 4 -10 4 -10 4 -10 4 -10 4 -10 3 -10 3 -10 3 -10 3 -10 3 -10 2 -10 2 -10 2 -10 1 -10 1 -10 1 -10 1 -10 1 -10 0 -10 0 -10 0 -10 0 -10 0 -10 0 -11 -1 -11 0 -11 0 0 0 -11 0 -11 0 -11 0 -11 0 -11 0 -11 0 -11 1 -11 1 -10 1 -10 1 -10 1 -10 1 -10 2 -10 2 -9 2 -9 2 -9 2 -8 2 -8 2 -8 3 -7 3 -7 3 -7 3 -7 3 -6 4 -6 0 0 0 0 0 0 0 0 0 0 ]
CSI_DATA,AP,10:B4:1D:CC:60:E0,-31,11,1,7,1,1,1,1,0,0,1,-93,0,6,2,10961439,0,68,0,0,10.6708,384,[0 0 0 0 0 0 0 0 0 0 0 0 1 10 1 10 1 10 1 10 1 10 1 10 2 10 2 10 2 9 2 10 2 9 3 9 3 9 3 9 3 9 3 9 3 8 4 8 4 8 4 8 4 8 4 8 4 8 5 8 5 8 5 8 0 0 5 8 5 9 5 9 5 9 5 9 4 9 4 9 4 9 4 9 4 9 3 9 3 9 3 9 2 9 2 8 2 8 2 8 1 8 1 8 1 7 1 7 0 7 0 7 0 7 -1 7 -1 6 0 0 0 0 0 0 0 0 0 0 ]
CSI_DATA,AP,10:B4:1D:CC:60:E0,-31,11,1,7,1,1,1,1,0,0,1,-93,0,6,2,11051878,0,68,0,0,10.7613,384,[0 0 0 0 0 0 0 0 0 0 0 0 4 10 4 9 4 10 4 9 4 9 4 9 4 9 4 9 5 9 5 8 5 8 5 8 5 8 6 8 6 7 6 7 6 7 6 7 6 7 6 7 6 7 7 7 7 7 7 7 7 6 7 6 0 0 7 7 7 7 7 7 8 7 7 7 7 7 7 7 7 7 6 7 6 8 6 7 6 8 5 7 5 8 5 7 4 7 4 7 4 7 3 7 3 7 3 7 3 7 2 7 2 7 2 7 1 6 0 0 0 0 0 0 0 0 0 0 ]
CSI_DATA,AP,10:B4:1D:CC:60:E0,-31,11,1,7,1,1,1,1,0,0,1,-93,0,6,2,11141435,0,68,0,0,10.8508,384,[0 0 0 0 0 0 0 0 0 0 0 0 10 -3 10 -3 10 -3 10 -3 9 -3 10 -4 10 -4 9 -4 9 -4 9 -4 9 -5 8 -5 9 -5 8 -5 8 -5 8 -5 8 -5 8 -6 8 -6 8 -6 8 -6 8 -6 8 -6 8 -7 8 -7 8 -7 0 0 8 -7 8 -7 8 -7 8 -7 8 -7 8 -6 8 -6 8 -6 9 -6 8 -6 8 -5 8 -5 8 -5 8 -5 8 -4 8 -4 8 -4 7 -3 8 -3 7 -3 7 -2 7 -2 7 -2 7 -2 7 -1 7 -1 0 0 0 0 0 0 0 0 0 0 ]
CSI_DATA,AP,10:B4:1D:CC:60:E0,-31,11,1,7,1,1,1,1,0,0,1,-93,0,6,2,11231256,0,68,0,0,10.9406,384,[0 0 0 0 0 0 0 0 0 0 0 0 -4 -11 -5 -11 -5 -11 -4 -11 -5 -11 -5 -10 -5 -10 -5 -10 -5 -10 -5 -10 -6 -9 -6 -9 -6 -9 -6 -9 -6 -9 -7 -8 -7 -8 -7 -8 -7 -8 -7 -8 -7 -8 -8 -8 -8 -8 -8 -8 -8 -8 -8 -8 0 0 -8 -8 -8 -8 -8 -8 -8 -8 -8 -8 -8 -9 -8 -9 -7 -9 -7 -8 -7 -9 -7 -8 -7 -9 -6 -9 -6 -8 -6 -8 -5 -8 -5 -8 -5 -8 -5 -8 -4 -8 -4 -8 -3 -8 -3 -8 -3 -8 -3 -8 -2 -7 0 0 0 0 0 0 0 0 0 0 ]
CSI_DATA,AP,10:B4:1D:CC:60:E0,-31,11,1,7,1,1,1,1,0,0,1,-93,0,6,2,11321368,0,68,0,0,11.0308,384,[0 0 0 0 0 0 0 0 0 0 0 0 4 10 4 10 4 10 4 10 4 10 4 9 4 9 4 9 4 9 5 9 5 8 5 8 5 8 5 8 5 8 6 8 6 7 6 7 6 7 6 7 6 7 7 7 7 7 7 7 7 7 7 7 0 0 7 7 7 7 7 7 7 7 7 7 7 8 7 8 6 8 6 8 6 8 6 7 6 8 5 8 5 8 5 8 4 7 4 7 4 7 3 7 3 7 3 7 2 7 2 7 2 7 2 7 1 6 0 0 0 0 0 0 0 0 0 0 ]
CSI_DATA,AP,10:B4:1D:CC:60:E0,-31,11,1,7,1,1,1,1,0,0,1,-93,0,6,2,11411284,0,68,0,0,11.1207,384,[0 0 0 0 0 0 0 0 0 0 0 0 -8 -8 -8 -8 -8 -8 -8 -7 -8 -8 -8 -7 -8 -7 -8 -7 -8 -7 -8 -6 -8 -6 -8 -6 -8 -6 -9 -6 -9 -6 -9 -5 -9 -5 -9 -5 -9 -5 -9 -5 -9 -5 -9 -5 -10 -4 -10 -4 -9 -4 -10 -4 0 0 -10 -5 -10 -5 -10 -5 -10 -5 -10 -5 -10 -5 -10 -5 -9 -6 -9 -6 -9 -6 -9 -6 -8 -6 -8 -6 -8 -6 -8 -6 -7 -6 -7 -6 -7 -6 -6 -6 -6 -6 -6 -6 -5 -6 -5 -6 -5 -6 -4 -6 -4 -6 0 0 0 0 0 0 0 0 0 0 ]
CSI_DATA,AP,10:B4:1D:CC:60:E0,-31,11,1,7,1,1,1,1,0,0,1,-93,0,6,2,11501358,0,68,0,0,11.2108,384,[0 0 0 0 0 0 0 0 0 0 0 0 -11 2 -11 2 -11 3 -11 3 -11 3 -11 3 -11 3 -11 3 -10 3 -10 4 -10 4 -10 4 -9 4 -9 4 -9 4 -9 5 -9 5 -9 5 -9 5 -9 5 -9 6 -9 6 -9 6 -9 6 -9 6 -9 6 0 0 -9 6 -9 6 -9 6 -9 6 -9 6 -9 6 -9 6 -9 6 -10 5 -10 5 -10 5 -9 4 -9 4 -9 4 -9 4 -9 3 -9 3 -9 3 -9 2 -8 2 -8 2 -8 1 -8 1 -8 1 -8 0 -8 0 0 0 0 0 0 0 0 0 0 0 ]
CSI_DATA,AP,10:B4:1D:CC:60:E0,-31,11,1,7,1,1,1,1,0,0,1,-93,0,6,2,11592368,0,68,0,0,11.3018,384,[0 0 0 0 0 0 0 0 0 0 0 0 -10 5 -10 5 -10 5 -10 5 -10 5 -10 5 -9 5 -9 5 -9 5 -9 5 -9 5 -8 6 -8 5 -8 6 -8 6 -7 6 -8 6 -7 6 -7 7 -7 7 -7 7 -7 7 -7 7 -7 8 -7 7 -7 7 0 0 -8 8 -7 8 -7 8 -8 7 -8 7 -8 7 -8 7 -8 7 -8 6 -9 6 -8 6 -8 6 -8 5 -8 5 -8 5 -8 4 -8 4 -8 4 -8 4 -8 3 -8 3 -8 3 -8 3 -7 2 -7 2 -7 1 0 0 0 0 0 0 0 0 0 0 ]
CSI_DATA,AP,10:B4:1D:CC:60:E0,-31,11,1,7,1,1,1,1,0,0,1,-93,0,6,2,11681317,0,68,0,0,11.3907,384,[0 0 0 0 0 0 0 0 0 0 0 0 -1 10 -1 10 -1 10 -1 10 -1 10 0 10 0 10 0 10 0 10 0 10 1 9 1 9 1 9 1 9 1 9 2 9 2 9 2 9 2 9 2 9 3 9 3 9 3 9 3 9 3 9 3 9 0 0 3 9 3 9 3 10 3 9 3 10 3 10 3 10 2 10 2 9 2 10 2 9 1 9 1 9 1 9 0 9 0 8 0 9 0 8 0 8 -1 7 -1 7 -1 7 -1 7 -2 7 -2 7 -2 6 0 0 0 0 0 0 0 0 0 0 ]
CSI_DATA,AP,10:B4:1D:CC:60:E0,-31,11,1,7,1,1,1,1,0,0,1,-93,0,6,2,11771294,0,68,0,0,11.4807,384,[0 0 0 0 0 0 0 0 0 0 0 0 1 -11 1 -12 1 -11 1 -11 1 -11 1 -11 1 -11 0 -11 0 -11 0 -11 0 -11 -1 -11 -1 -11 -1 -10 -1 -11 -2 -10 -2 -10 -2 -10 -2 -11 -2 -11 -3 -10 -3 -10 -3 -10 -3 -11 -3 -11 -3 -11 0 0 -3 -11 -3 -11 -3 -11 -3 -11 -3 -11 -3 -11 -2 -11 -3 -11 -2 -11 -2 -11 -2 -11 -2 -11 -1 -10 -1 -10 -1 -10 -1 -10 0 -10 0 -9 0 -9 0 -9 0 -8 1 -8 1 -8 1 -8 1 -8 2 -7 0 0 0 0 0 0 0 0 0 0 ]
CSI_DATA,AP,10:B4:1D:CC:60:E0,-31,11,1,7,1,1,1,1,0,0,1,-93,0,6,2,11861301,0,68,0,0,11.5707,384,[0 0 0 0 0 0 0 0 0 0 0 0 6 9 6 8 6 9 6 8 6 8 6 8 6 8 6 8 6 8 6 7 7 7 7 7 7 7 7 6 7 6 7 6 7 6 7 6 7 6 8 6 8 6 8 6 8 5 8 5 8 5 8 5 0 0 8 5 9 6 9 6 9 6 8 6 8 6 8 6 8 6 8 6 7 6 7 6 7 7 7 7 6 7 6 6 6 6 5 7 5 6 5 6 4 6 4 6 4 7 3 6 3 6 3 6 2 6 0 0 0 0 0 0 0 0 0 0 ]
CSI_DATA,AP,10:B4:1D:CC:60:E0,-31,11,1,7,1,1,1,1,0,0,1,-93,0,6,2,11952208,0,68,0,0,11.6616,384,[0 0 0 0 0 0 0 0 0 0 0 0 -2 -11 -2 -11 -2 -11 -2 -11 -2 -11 -2 -11 -2 -11 -2 -11 -2 -10 -3 -10 -3 -10 -3 -10 -3 -10 -4 -10 -4 -10 -4 -10 -4 -10 -4 -10 -5 -9 -4 -10 -5 -9 -4 -10 -5 -10 -5 -10 -6 -10 -5 -10 0 0 -5 -10 -5 -10 -5 -10 -5 -10 -5 -10 -4 -11 -4 -11 -4 -10 -3 -10 -3 -10 -3 -10 -3 -10 -3 -10 -2 -10 -2 -9 -2 -9 -1 -9 -1 -9 -1 -9 -1 -8 0 -8 0 -8 0 -8 0 -8 0 -8 1 -7 0 0 0 0 0 0 0 0 0 0 ]
CSI_DATA,AP,10:B4:1D:CC:60:E0,-31,11,1,7,1,1,1,1,0,0,1,-93,0,6,2,12041310,0,68,0,0,11.7507,384,[0 0 0 0 0 0 0 0 0 0 0 0 9 5 9 5 9 5 9 5 9 5 9 5 9 4 9 5 9 4 9 4 9 4 9 3 9 3 9 3 9 3 9 2 9 2 9 2 9 2 9 2 9 2 9 2 10 1 10 1 10 1 10 1 0 0 10 2 10 2 10 2 10 2 10 2 10 2 10 2 9 3 9 3 9 3 9 3 9 3 8 3 8 3 8 4 7 3 7 4 7 3 6 4 6 4 6 4 6 4 5 4 5 4 5 5 4 5 0 0 0 0 0 0 0 0 0 0 ]
CSI_DATA,AP,10:B4:1D:CC:60:E0,-31,11,1,7,1,1,1,1,0,0,1,-93,0,6,2,12131362,0,68,0,0,11.8407,384,[0 0 0 0 0 0 0 0 0 0 0 0 -11 4 -10 4 -10 4 -10 4 -10 4 -10 4 -10 4 -10 4 -9 4 -9 4 -9 4 -9 5 -8 5 -8 5 -8 5 -8 6 -8 6 -8 6 -8 6 -7 6 -7 6 -7 6 -8 6 -7 7 -7 7 -7 7 0 0 -8 7 -7 7 -8 7 -8 7 -8 7 -8 7 -8 6 -8 6 -8 6 -8 6 -8 5 -8 5 -8 5 -8 4 -8 4 -8 4 -8 4 -8 4 -8 3 -8 3 -8 2 -7 2 -7 2 -7 2 -7 1 -7 1 0 0 0 0 0 0 0 0 0 0 ]
CSI_DATA,AP,10:B4:1D:CC:60:E0,-31,11,1,7,1,1,1,1,0,0,1,-93,0,6,2,12221483,0,68,0,0,11.9309,384,[0 0 0 0 0 0 0 0 0 0 0 0 4 10 4 10 4 10 4 9 4 9 4 9 4 9 4 9 4 8 5 9 5 8 5 8 5 8 5 8 5 8 6 7 5 7 6 7 6 7 6 7 6 7 6 7 6 7 7 7 7 7 6 7 0 0 7 7 7 7 7 7 7 7 7 7 6 8 6 8 6 8 6 7 5 8 5 8 5 8 4 8 4 8 4 8 4 7 3 8 3 7 3 7 3 7 2 7 2 7 2 7 1 7 1 7 0 6 0 0 0 0 0 0 0 0 0 0 ]
CSI_DATA,AP,10:B4:1D:CC:60:E0,-31,11,1,7,1,1,1,1,0,0,1,-93,0,6,2,12311427,0,68,0,0,12.0208,384,[0 0 0 0 0 0 0 0 0 0 0 0 10 2 10 2 10 2 10 2 10 2 10 1 10 1 10 1 9 1 9 1 9 1 9 0 9 0 9 0 9 0 9 -1 9 -1 9 -1 9 -1 9 -2 9 -2 9 -2 9 -2 9 -2 9 -2 9 -2 0 0 10 -2 10 -2 10 -2 10 -2 10 -2 10 -2 10 -1 10 -1 10 -1 10 -1 10 -1 9 0 9 0 9 0 8 0 8 0 8 1 8 1 8 1 7 1 7 1 7 2 7 2 6 2 6 2 6 3 0 0 0 0 0 0 0 0 0 0 ]
CSI_DATA,AP,10:B4:1D:CC:60:E0,-31,11,1,7,1,1,1,1,0,0,1,-93,0,6,2,12401301,0,68,0,0,12.1107,384,[0 0 0 0 0 0 0 0 0 0 0 0 4 10 3 10 4 10 4 9 4 10 4 9 4 9 4 9 4 9 4 9 4 8 5 8 5 8 5 8 5 8 5 8 5 7 6 7 6 7 6 7 6 7 7 7 7 7 7 7 7 7 7 7 0 0 7 7 7 7 7 7 7 7 7 7 7 8 6 8 6 8 6 8 6 8 6 8 5 8 5 8 4 7 4 7 4 7 4 8 3 7 3 7 3 7 2 7 2 7 2 7 1 7 1 7 1 6 0 0 0 0 0 0 0 0 0 0 ]
CSI_DATA,AP,10:B4:1D:CC:60:E0,-31,11,1,7,1,1,1,1,0,0,1,-93,0,6,2,12491298,0,68,0,0,12.2007,384,[0 0 0 0 0 0 0 0 0 0 0 0 10 -4 10 -3 10 -4 10 -4 9 -4 9 -4 9 -4 9 -4 9 -4 9 -4 8 -5 8 -5 8 -5 8 -5 8 -6 8 -6 7 -6 7 -6 7 -6 7 -6 7 -6 7 -7 7 -7 7 -7 7 -7 7 -7 0 0 7 -8 7 -7 7 -7 8 -7 7 -7 8 -7 8 -7 8 -7 8 -6 8 -6 8 -6 8 -6 8 -5 8 -5 7 -5 7 -4 7 -4 7 -4 7 -4 7 -3 7 -3 7 -3 7 -3 6 -2 6 -2 6 -1 0 0 0 0 0 0 0 0 0 0 ]
CSI_DATA,AP,10:B4:1D:CC:60:E0,-31,11,1,7,1,1,1,1,0,0,1,-93,0,6,2,12581257,0,68,0,0,12.2906,384,[0 0 0 0 0 0 0 0 0 0 0 0 10 -2 10 -2 10 -2 10 -2 10 -2 10 -2 10 -2 10 -2 9 -2 9 -3 9 -3 9 -3 9 -3 9 -4 8 -4 9 -4 8 -4 8 -5 8 -5 8 -5 8 -5 8 -5 8 -5 8 -5 8 -5 8 -6 0 0 8 -6 8 -6 8 -6 9 -6 8 -6 8 -6 9 -6 9 -5 9 -5 9 -5 8 -5 8 -4 8 -4 8 -4 8 -4 8 -3 8 -3 7 -3 7 -3 7 -2 7 -2 7 -2 7 -1 7 -1 7 -1 6 0 0 0 0 0 0 0 0 0 0 0 ]
CSI_DATA,AP,10:B4:1D:CC:60:E0,-31,11,1,7,1,1,1,1,0,0,1,-93,0,6,2,12671318,0,68,0,0,12.3807,384,[0 0 0 0 0 0 0 0 0 0 0 0 -12 -1 -12 -1 -12 -1 -12 -1 -11 -1 -12 -1 -11 -1 -11 0 -11 0 -11 0 -11 0 -11 1 -11 1 -10 1 -11 1 -11 2 -10 2 -10 2 -10 2 -10 2 -10 2 -10 3 -10 3 -10 3 -10 3 -11 3 0 0 -11 3 -11 3 -11 3 -11 3 -11 3 -11 3 -11 2 -11 2 -11 2 -11 2 -10 1 -11 2 -10 1 -10 1 -10 1 -10 0 -9 0 -9 0 -9 0 -9 -1 -9 -1 -9 -1 -8 -1 -8 -1 -8 -2 -7 -2 0 0 0 0 0 0 0 0 0 0 ]
CSI_DATA,AP,10:B4:1D:CC:60:E0,-31,11,1,7,1,1,1,1,0,0,1,-93,0,6,2,12761340,0,68,0,0,12.4707,384,[0 0 0 0 0 0 0 0 0 0 0 0 6 9 6 9 6 9 6 9 6 9 6 8 6 8 6 8 6 8 6 8 6 7 6 7 7 7 7 7 7 7 7 6 7 6 7 6 7 6 7 6 7 6 7 6 8 6 8 6 8 6 8 6 0 0 8 6 8 6 8 6 8 6 8 6 8 7 7 7 7 7 7 7 7 7 7 7 7 7 6 7 6 7 6 7 5 7 5 7 4 7 4 7 4 7 3 7 3 7 3 7 2 7 2 7 2 6 0 0 0 0 0 0 0 0 0 0 ]
CSI_DATA,AP,10:B4:1D:CC:60:E0,-31,11,1,7,1,1,1,1,0,0,1,-93,0,6,2,12851293,0,68,0,0,12.5607,384,[0 0 0 0 0 0 0 0 0 0 0 0 9 6 9 5 9 5 9 5 9 5 9 5 9 4 9 4 9 4 9 4 9 4 9 4 9 3 9 3 9 3 9 3 9 2 9 2 9 2 9 2 9 2 9 1 10 1 10 2 10 2 10 1 0 0 10 1 10 2 10 2 10 2 10 2 10 2 10 2 9 2 10 2 9 3 9 3 9 3 9 4 8 3 8 4 8 4 7 4 7 4 7 4 6 3 6 4 6 4 5 4 5 5 5 5 4 5 0 0 0 0 0 0 0 0 0 0 ]
CSI_DATA,AP,10:B4:1D:CC:60:E0,-31,11,1,7,1,1,1,1,0,0,1,-93,0,6,2,12941316,0,68,0,0,12.6507,384,[0 0 0 0 0 0 0 0 0 0 0 0 -2 -12 -2 -11 -2 -11 -2 -11 -2 -11 -3 -11 -3 -11 -2 -11 -3 -11 -3 -10 -3 -10 -3 -10 -4 -10 -4 -10 -4 -10 -5 -10 -4 -9 -5 -9 -5 -9 -5 -9 -5 -9 -5 -9 -5 -9 -6 -9 -6 -9 -6 -9 0 0 -6 -10 -6 -10 -6 -10 -6 -10 -6 -10 -6 -10 -5 -10 -5 -10 -5 -10 -5 -10 -4 -10 -4 -10 -4 -10 -3 -10 -4 -9 -3 -9 -3 -9 -3 -9 -2 -9 -2 -9 -2 -8 -2 -8 -1 -8 -1 -8 -1 -8 0 -7 0 0 0 0 0 0 0 0 0 0 ]
CSI_DATA,AP,10:B4:1D:CC:60:E0,-31,11,1,7,1,1,1,1,0,0,1,-93,0,6,2,13031355,0,68,0,0,12.7407,384,[0 0 0 0 0 0 0 0 0 0 0 0 -11 3 -11 3 -11 4 -10 3 -10 4 -10 4 -10 4 -10 4 -10 4 -9 4 -10 4 -9 5 -9 5 -9 5 -8 5 -9 5 -8 5 -8 6 -8 6 -8 6 -8 6 -8 6 -8 7 -8 7 -8 7 -8 7 0 0 -8 7 -8 7 -8 7 -8 7 -8 7 -8 7 -8 7 -8 6 -8 6 -9 6 -8 6 -9 5 -8 5 -8 5 -8 4 -8 4 -8 4 -8 4 -8 3 -8 3 -8 3 -8 3 -8 2 -7 2 -8 1 -7 1 0 0 0 0 0 0 0 0 0 0 ]
CSI_DATA,AP,10:B4:1D:CC:60:E0,-31,11,1,7,1,1,1,1,0,0,1,-93,0,6,2,13121374,0,68,0,0,12.8308,384,[0 0 0 0 0 0 0 0 0 0 0 0 -3 11 -3 10 -2 10 -2 10 -2 10 -2 10 -2 10 -2 10 -2 10 -1 10 -1 10 -1 9 -1 10 0 9 0 10 0 9 0 9 1 9 1 10 1 9 1 9 1 10 1 9 2 9 2 10 2 9 0 0 1 10 2 10 1 10 1 10 1 10 1 10 1 10 0 10 0 10 0 10 0 9 0 10 0 9 -1 9 -1 9 -1 8 -1 8 -2 8 -2 8 -2 7 -2 7 -3 7 -3 7 -3 7 -3 6 -3 6 0 0 0 0 0 0 0 0 0 0 ]
CSI_DATA,AP,10:B4:1D:CC:60:E0,-31,11,1,7,1,1,1,1,0,0,1,-93,0,6,2,13211429,0,68,0,0,12.9208,384,[0 0 0 0 0 0 0 0 0 0 0 0 8 6 8 6 8 6 9 6 8 5 8 5 8 5 8 5 8 5 8 4 8 4 9 4 8 4 8 3 9 3 9 3 9 3 9 3 9 3 9 3 9 2 9 2 9 2 10 2 9 2 10 2 0 0 10 2 10 2 10 2 10 2 10 2 10 3 10 3 9 3 9 3 9 3 9 3 9 3 8 3 8 4 8 3 8 4 7 4 7 4 7 4 6 4 6 4 6 4 5 4 5 4 5 5 4 5 0 0 0 0 0 0 0 0 0 0 ]
CSI_DATA,AP,10:B4:1D:CC:60:E0,-31,11,1,7,1,1,1,1,0,0,1,-93,0,6,2,13301405,0,68,0,0,13.0108,384,[0 0 0 0 0 0 0 0 0 0 0 0 -7 8 -7 8 -6 8 -6 8 -6 8 -6 8 -6 8 -6 8 -6 8 -5 8 -5 8 -5 8 -4 8 -4 8 -4 9 -4 8 -4 9 -4 8 -3 9 -3 9 -3 9 -3 9 -3 9 -2 9 -2 9 -3 9 0 0 -3 9 -3 9 -3 10 -3 9 -3 10 -3 9 -3 9 -4 9 -4 9 -4 9 -4 9 -4 9 -4 8 -4 8 -4 8 -4 7 -4 7 -4 7 -5 6 -5 6 -5 6 -5 6 -5 5 -5 5 -5 5 -5 4 0 0 0 0 0 0 0 0 0 0 ]
CSI_DATA,AP,10:B4:1D:CC:60:E0,-31,11,1,6,1,1,1,1,0,0,0,-93,0,6,2,13394479,0,68,0,0,13.1039,384,[0 0 0 0 0 0 0 0 0 0 0 0 -10 4 -10 4 -10 4 -10 4 -10 4 -10 4 -9 4 -9 4 -9 5 -9 5 -9 5 -9 5 -8 5 -8 5 -8 6 -8 6 -8 6 -8 6 -7 6 -7 6 -7 6 -7 6 -7 7 -7 7 -7 7 -7 7 0 0 -8 7 -7 7 -7 7 -8 7 -8 7 -8 7 -8 7 -8 6 -8 6 -8 6 -8 5 -8 5 -8 5 -8 5 -8 5 -8 4 -8 4 -8 4 -8 3 -7 3 -8 3 -7 3 -7 2 -7 2 -7 1 -7 1 0 0 0 0 0 0 0 0 0 0 ]
CSI_DATA,AP,10:B4:1D:CC:60:E0,-31,11,1,7,1,1,1,1,0,0,1,-93,0,6,2,13481305,0,68,0,0,13.1907,384,[0 0 0 0 0 0 0 0 0 0 0 0 11 -2 11 -2 10 -1 10 -2 10 -2 10 -2 10 -2 10 -2 10 -2 9 -3 9 -3 9 -3 9 -3 9 -3 9 -4 9 -4 9 -4 8 -4 9 -4 9 -4 9 -4 9 -5 8 -5 8 -5 8 -5 9 -5 0 0 9 -5 9 -5 9 -5 9 -5 9 -5 9 -5 9 -5 9 -4 9 -4 9 -3 9 -3 9 -3 9 -3 9 -3 9 -2 8 -2 8 -2 8 -2 8 -1 8 -1 8 -1 7 -1 7 0 7 0 7 0 7 1 0 0 0 0 0 0 0 0 0 0 ]
CSI_DATA,AP,10:B4:1D:CC:60:E0,-31,11,1,7,1,1,1,1,0,0,1,-93,0,6,2,13571321,0,68,0,0,13.2807,384,[0 0 0 0 0 0 0 0 0 0 0 0 10 -5 10 -5 9 -5 10 -5 9 -5 9 -5 9 -5 9 -5 8 -5 8 -5 8 -6 8 -6 8 -6 7 -6 8 -6 7 -7 7 -7 7 -7 7 -7 7 -7 7 -7 7 -7 7 -8 7 -8 7 -8 7 -8 0 0 7 -8 7 -8 7 -8 7 -8 7 -8 7 -8 8 -8 8 -7 8 -7 8 -7 8 -7 8 -6 7 -6 7 -6 7 -5 7 -5 7 -5 7 -5 7 -4 7 -4 7 -3 7 -3 7 -3 7 -3 7 -2 6 -2 0 0 0 0 0 0 0 0 0 0 ]
CSI_DATA,AP,10:B4:1D:CC:60:E0,-31,11,1,7,1,1,1,1,0,0,1,-93,0,6,2,13661341,0,68,0,0,13.3707,384,[0 0 0 0 0 0 0 0 0 0 0 0 -6 -10 -6 -10 -6 -10 -6 -10 -6 -9 -6 -9 -6 -9 -6 -9 -6 -9 -7 -9 -7 -8 -7 -8 -7 -8 -7 -8 -8 -8 -8 -7 -8 -7 -8 -7 -8 -7 -8 -7 -8 -7 -8 -7 -8 -6 -9 -6 -9 -6 -9 -6 0 0 -9 -7 -9 -7 -9 -7 -9 -7 -9 -7 -9 -8 -9 -7 -8 -8 -8 -7 -8 -7 -8 -7 -8 -7 -7 -8 -7 -8 -7 -7 -6 -7 -6 -8 -6 -7 -5 -7 -5 -7 -5 -7 -4 -7 -4 -7 -4 -7 -4 -7 -3 -7 0 0 0 0 0 0 0 0 0 0 ]
CSI_DATA,AP,10:B4:1D:CC:60:E0,-31,11,1,7,1,1,1,1,0,0,1,-93,0,6,2,13752538,0,68,0,0,13.4619,384,[0 0 0 0 0 0 0 0 0 0 0 0 -3 10 -3 10 -3 10 -3 10 -3 10 -2 10 -2 10 -2 10 -2 9 -2 10 -2 9 -2 9 -1 9 -1 9 -1 9 0 9 0 9 0 9 0 9 0 9 1 9 1 10 1 9 1 10 1 10 1 9 0 0 1 10 1 10 1 10 1 10 1 10 0 10 0 10 0 10 0 9 -1 10 -1 9 -1 10 -1 9 -1 9 -2 9 -2 8 -2 8 -2 8 -2 8 -2 7 -3 7 -3 7 -3 7 -3 6 -3 6 -4 6 0 0 0 0 0 0 0 0 0 0 ]
CSI_DATA,AP,10:B4:1D:CC:60:E0,-31,11,1,7,1,1,1,1,0,0,1,-93,0,6,2,13841246,0,68,0,0,13.5506,384,[0 0 0 0 0 0 0 0 0 0 0 0 -8 8 -7 7 -7 8 -7 8 -7 8 -7 8 -7 7 -7 7 -6 7 -6 8 -6 8 -5 8 -5 8 -5 8 -5 8 -5 8 -4 8 -4 8 -4 8 -4 8 -4 8 -4 9 -4 9 -3 9 -3 9 -3 9 0 0 -4 9 -4 9 -4 9 -4 9 -4 9 -4 9 -5 9 -5 9 -5 8 -5 9 -5 8 -5 8 -5 8 -5 7 -5 7 -5 6 -5 7 -5 6 -6 6 -6 5 -6 5 -6 5 -6 5 -6 5 -6 4 -6 3 0 0 0 0 0 0 0 0 0 0 ]
CSI_DATA,AP,10:B4:1D:CC:60:E0,-31,11,1,7,1,1,1,1,0,0,1,-93,0,6,2,13931384,0,68,0,0,13.6408,384,[0 0 0 0 0 0 0 0 0 0 0 0 -1 11 -1 10 0 10 0 10 0 10 0 10 0 10 0 10 0 10 1 10 1 10 1 9 1 9 2 9 2 9 2 9 2 9 3 9 3 9 3 9 3 9 3 9 3 9 4 9 4 9 4 9 0 0 4 9 4 9 4 9 3 9 4 9 3 10 3 10 3 10 3 9 2 9 2 9 2 9 2 9 1 9 1 8 1 8 1 9 1 8 0 8 0 8 0 8 0 8 -1 7 -1 7 -1 7 -2 6 0 0 0 0 0 0 0 0 0 0 ]
CSI_DATA,AP,10:B4:1D:CC:60:E0,-31,11,1,7,1,1,1,1,0,0,1,-93,0,6,2,14021272,0,68,0,0,13.7307,384,[0 0 0 0 0 0 0 0 0 0 0 0 5 9 5 9 5 9 6 9 5 9 6 8 5 8 6 8 5 8 6 8 6 7 6 7 6 7 6 7 7 7 7 6 7 7 7 6 7 6 7 6 7 6 7 6 7 6 8 6 8 6 8 6 0 0 8 6 8 6 8 6 8 6 8 6 8 7 7 7 7 7 7 7 7 7 6 7 6 7 6 7 6 7 5 7 5 7 4 7 4 6 4 7 4 7 4 7 3 7 3 6 2 6 2 6 2 6 0 0 0 0 0 0 0 0 0 0 ]
CSI_DATA,AP,10:B4:1D:CC:60:E0,-31,11,1,7,1,1,1,1,0,0,1,-93,0,6,2,14111318,0,68,0,0,13.8207,384,[0 0 0 0 0 0 0 0 0 0 0 0 -2 10 -1 10 -1 10 -1 10 -1 10 -1 9 -1 10 -1 10 0 9 0 10 0 9 0 9 0 9 1 9 1 9 1 9 1 8 1 9 2 9 2 9 2 9 2 9 2 9 3 9 3 9 3 9 0 0 2 9 3 9 3 9 3 10 2 9 2 9 2 10 2 10 2 9 1 9 1 9 1 9 1 9 1 9 1 9 0 8 0 8 0 7 0 7 -1 7 -1 7 -1 7 -2 7 -2 7 -2 6 -3 6 0 0 0 0 0 0 0 0 0 0 ]
CSI_DATA,AP,10:B4:1D:CC:60:E0,-31,11,1,7,1,1,1,1,0,0,1,-93,0,6,2,14201426,0,68,0,0,13.9108,384,[0 0 0 0 0 0 0 0 0 0 0 0 9 5 9 5 9 5 9 5 9 5 9 5 9 4 9 4 9 4 9 4 9 4 9 3 9 3 9 3 9 3 9 2 9 2 9 2 9 2 9 2 9 2 9 2 9 1 9 1 9 1 10 1 0 0 10 1 10 1 10 1 10 1 10 2 10 2 10 2 9 2 9 2 9 3 9 3 9 3 8 3 8 3 8 3 8 3 7 3 7 3 7 3 7 4 6 4 6 4 6 4 5 4 5 4 4 5 0 0 0 0 0 0 0 0 0 0 ]
CSI_DATA,AP,10:B4:1D:CC:60:E0,-31,11,1,7,1,1,1,1,0,0,1,-93,0,6,2,14291340,0,68,0,0,14.0007,384,[0 0 0 0 0 0 0 0 0 0 0 0 -5 -11 -5 -10 -5 -11 -5 -10 -5 -11 -5 -10 -5 -10 -5 -10 -6 -9 -6 -9 -6 -9 -6 -9 -6 -9 -6 -9 -6 -8 -7 -8 -7 -8 -7 -8 -7 -8 -7 -8 -7 -8 -8 -8 -8 -8 -8 -8 -8 -8 -8 -7 0 0 -8 -8 -8 -8 -8 -8 -8 -8 -8 -8 -8 -8 -8 -8 -7 -8 -7 -8 -7 -8 -7 -8 -7 -9 -6 -8 -6 -8 -6 -8 -5 -8 -5 -8 -5 -8 -5 -8 -4 -8 -4 -8 -3 -8 -3 -8 -3 -8 -3 -8 -2 -7 0 0 0 0 0 0 0 0 0 0 ]
CSI_DATA,AP,10:B4:1D:CC:60:E0,-31,11,1,7,1,1,1,1,0,0,1,-93,0,6,2,14381368,0,68,0,0,14.0908,384,[0 0 0 0 0 0 0 0 0 0 0 0 2 -11 2 -11 1 -11 1 -11 1 -11 1 -11 1 -11 1 -11 1 -10 0 -10 0 -10 0 -10 0 -10 0 -10 -1 -10 -1 -10 -1 -10 -1 -10 -2 -10 -2 -10 -2 -10 -2 -10 -2 -10 -2 -11 -2 -11 -2 -10 0 0 -2 -10 -2 -11 -2 -11 -2 -11 -2 -11 -2 -11 -1 -11 -1 -11 -1 -10 -1 -10 0 -10 0 -10 0 -10 0 -10 1 -9 1 -9 1 -9 1 -9 1 -8 1 -8 1 -8 2 -8 2 -8 2 -7 2 -7 3 -6 0 0 0 0 0 0 0 0 0 0 ]
CSI_DATA,AP,10:B4:1D:CC:60:E0,-31,11,1,7,1,1,1,1,0,0,1,-93,0,6,2,14471234,0,68,0,0,14.1806,384,[0 0 0 0 0 0 0 0 0 0 0 0 -10 -6 -9 -6 -10 -6 -9 -6 -9 -6 -9 -6 -9 -6 -9 -5 -9 -5 -9 -5 -10 -5 -9 -4 -9 -4 -9 -4 -10 -4 -10 -3 -10 -3 -10 -3 -10 -3 -10 -3 -10 -3 -10 -3 -10 -2 -11 -2 -10 -2 -10 -2 0 0 -11 -2 -11 -2 -10 -2 -11 -3 -11 -3 -11 -3 -10 -3 -10 -3 -10 -3 -10 -4 -10 -4 -9 -4 -9 -4 -9 -4 -9 -4 -8 -4 -8 -5 -8 -4 -7 -5 -7 -5 -7 -5 -7 -5 -7 -5 -6 -5 -6 -5 -5 -5 0 0 0 0 0 0 0 0 0 0 ]
CSI_DATA,AP,10:B4:1D:CC:60:E0,-31,11,1,7,1,1,1,1,0,0,1,-93,0,6,2,14561539,0,68,0,0,14.2709,384,[0 0 0 0 0 0 0 0 0 0 0 0 -11 -4 -11 -4 -11 -3 -11 -3 -11 -3 -11 -3 -10 -3 -10 -3 -10 -2 -10 -2 -10 -2 -10 -2 -10 -2 -10 -1 -10 -1 -10 -1 -10 -1 -10 -1 -10 0 -10 0 -10 0 -10 0 -10 0 -10 0 -11 0 -11 1 0 0 -11 0 -11 0 -11 0 -11 0 -11 0 -11 0 -11 0 -11 -1 -11 -1 -10 -1 -10 -1 -10 -1 -10 -2 -10 -2 -9 -2 -9 -2 -9 -2 -9 -2 -8 -3 -8 -3 -8 -3 -8 -3 -7 -3 -7 -4 -7 -4 -6 -4 0 0 0 0 0 0 0 0 0 0 ]
CSI_DATA,AP,10:B4:1D:CC:60:E0,-31,11,1,7,1,1,1,1,0,0,1,-93,0,6,2,14651340,0,68,0,0,14.3607,384,[0 0 0 0 0 0 0 0 0 0 0 0 -7 -10 -7 -10 -7 -10 -7 -10 -7 -10 -7 -9 -7 -9 -7 -9 -7 -9 -7 -9 -7 -8 -7 -8 -7 -8 -8 -8 -8 -8 -8 -7 -8 -7 -8 -7 -9 -7 -9 -7 -8 -7 -9 -7 -9 -6 -9 -6 -9 -6 -9 -6 0 0 -9 -7 -10 -7 -9 -7 -9 -7 -9 -7 -9 -7 -9 -7 -9 -7 -8 -7 -8 -7 -8 -7 -8 -8 -8 -8 -7 -8 -7 -7 -6 -7 -6 -8 -6 -7 -6 -7 -5 -7 -5 -7 -4 -7 -4 -8 -4 -7 -4 -7 -3 -7 0 0 0 0 0 0 0 0 0 0 ]
CSI_DATA,AP,10:B4:1D:CC:60:E0,-31,11,1,7,1,1,1,1,0,0,1,-93,0,6,2,14741406,0,68,0,0,14.4508,384,[0 0 0 0 0 0 0 0 0 0 0 0 -5 -11 -5 -10 -5 -10 -5 -10 -5 -10 -5 -10 -5 -10 -5 -10 -6 -9 -6 -9 -6 -9 -6 -9 -6 -9 -7 -8 -7 -8 -7 -8 -7 -8 -7 -8 -7 -7 -8 -8 -8 -8 -8 -8 -8 -7 -8 -7 -8 -7 -8 -7 0 0 -8 -7 -9 -7 -8 -8 -8 -7 -8 -8 -8 -8 -8 -8 -8 -8 -7 -8 -7 -8 -7 -8 -7 -8 -7 -8 -6 -8 -6 -8 -6 -8 -5 -8 -5 -7 -5 -8 -4 -7 -4 -8 -4 -8 -4 -8 -3 -7 -3 -7 -2 -7 0 0 0 0 0 0 0 0 0 0 ]
CSI_DATA,AP,10:B4:1D:CC:60:E0,-31,11,1,7,1,1,1,1,0,0,1,-93,0,6,2,14831197,0,68,0,0,14.5406,384,[0 0 0 0 0 0 0 0 0 0 0 0 9 -7 8 -7 8 -7 8 -7 8 -6 8 -7 8 -7 7 -7 7 -7 7 -7 7 -7 7 -7 6 -7 6 -7 6 -8 6 -8 6 -8 6 -8 6 -8 5 -8 5 -8 5 -8 5 -8 5 -9 5 -9 5 -9 0 0 5 -9 5 -9 6 -9 6 -9 6 -9 6 -9 6 -8 6 -8 6 -8 6 -8 6 -8 6 -7 6 -7 6 -7 6 -6 6 -6 6 -6 6 -6 6 -5 6 -5 6 -4 6 -4 6 -4 6 -4 6 -3 6 -2 0 0 0 0 0 0 0 0 0 0 ]
CSI_DATA,AP,10:B4:1D:CC:60:E0,-31,11,1,7,1,1,1,1,0,0,1,-93,0,6,2,14921324,0,68,0,0,14.6307,384,[0 0 0 0 0 0 0 0 0 0 0 0 -7 -10 -7 -10 -7 -9 -7 -10 -7 -9 -7 -9 -7 -9 -7 -9 -7 -8 -7 -8 -7 -8 -8 -7 -8 -8 -8 -7 -8 -7 -8 -7 -8 -7 -8 -6 -9 -6 -9 -7 -8 -6 -9 -6 -9 -6 -9 -6 -9 -6 -9 -6 0 0 -9 -6 -9 -6 -10 -6 -9 -6 -9 -7 -9 -7 -9 -7 -9 -7 -8 -7 -8 -7 -8 -7 -8 -7 -8 -7 -7 -7 -7 -7 -7 -7 -6 -7 -6 -7 -6 -7 -5 -7 -5 -7 -5 -7 -5 -7 -4 -7 -4 -7 -3 -7 0 0 0 0 0 0 0 0 0 0 ]
CSI_DATA,AP,10:B4:1D:CC:60:E0,-31,11,1,7,1,1,1,1,0,0,1,-93,0,6,2,15011259,0,68,0,0,14.7206,384,[0 0 0 0 0 0 0 0 0 0 0 0 9 5 9 5 9 5 9 5 9 5 9 5 9 4 9 4 9 4 9 4 9 3 9 3 9 3 9 3 9 3 9 2 9 2 9 2 9 2 9 2 9 2 9 2 9 1 10 1 10 1 10 1 0 0 10 1 10 1 10 1 10 2 10 2 10 2 10 2 10 3 9 3 9 3 9 3 9 3 8 3 8 3 8 3 8 3 7 4 7 4 7 4 6 4 6 4 6 4 5 4 5 4 5 4 4 5 0 0 0 0 0 0 0 0 0 0 ]
CSI_DATA,AP,10:B4:1D:CC:60:E0,-31,11,1,7,1,1,1,1,0,0,1,-93,0,6,2,15101369,0,68,0,0,14.8108,384,[0 0 0 0 0 0 0 0 0 0 0 0 6 -9 6 -9 5 -9 5 -9 5 -9 5 -9 5 -9 5 -9 4 -9 4 -9 4 -9 4 -9 4 -9 3 -9 3 -9 3 -9 3 -9 2 -9 2 -10 2 -10 2 -10 2 -10 2 -10 2 -10 2 -10 2 -10 0 0 2 -10 1 -10 2 -10 2 -10 2 -10 2 -10 2 -10 2 -10 3 -10 3 -9 3 -9 3 -9 3 -9 3 -9 3 -8 3 -8 3 -8 3 -8 3 -7 4 -7 4 -7 4 -7 4 -6 4 -6 4 -6 4 -5 0 0 0 0 0 0 0 0 0 0 ]
CSI_DATA,AP,10:B4:1D:CC:60:E0,-30,11,1,7,1,1,1,1,0,0,1,-93,0,6,2,15191397,0,68,0,0,14.9008,384,[0 0 0 0 0 0 0 0 0 0 0 0 9 5 9 5 10 5 9 5 9 4 9 4 9 4 9 4 9 4 9 4 9 3 9 3 9 3 9 3 9 2 9 2 9 2 9 2 9 2 9 2 9 2 10 1 10 1 10 1 10 1 10 1 0 0 10 1 10 1 10 1 10 1 10 2 10 2 10 2 10 2 10 2 10 3 9 3 9 3 9 3 8 3 8 3 8 3 7 4 7 4 7 4 6 4 6 4 6 4 6 4 5 4 5 5 4 5 0 0 0 0 0 0 0 0 0 0 ]
CSI_DATA,AP,10:B4:1D:CC:60:E0,-30,11,1,7,1,1,1,1,0,0,1,-93,0,6,2,15281388,0,68,0,0,14.9908,384,[0 0 0 0 0 0 0 0 0 0 0 0 -12 -3 -12 -3 -12 -3 -11 -2 -11 -3 -12 -2 -11 -2 -11 -2 -11 -2 -11 -1 -11 -1 -11 -1 -11 -1 -11 -1 -11 0 -11 0 -11 0 -11 0 -11 1 -11 0 -11 0 -11 1 -11 1 -11 1 -11 1 -11 1 0 0 -11 1 -11 1 -11 1 -11 1 -11 1 -11 1 -11 0 -11 0 -11 0 -11 0 -11 -1 -10 -1 -10 -1 -10 -1 -10 -2 -9 -2 -9 -2 -9 -2 -8 -2 -8 -2 -8 -3 -8 -3 -7 -3 -7 -3 -7 -3 -7 -4 0 0 0 0 0 0 0 0 0 0 ]
CSI_DATA,AP,10:B4:1D:CC:60:E0,-30,11,1,7,1,1,1,1,0,0,1,-93,0,6,2,15371394,0,68,0,0,15.0808,384,[0 0 0 0 0 0 0 0 0 0 0 0 11 -2 10 -2 10 -3 10 -3 10 -3 10 -3 10 -3 10 -3 10 -3 9 -4 9 -4 9 -4 9 -4 9 -5 9 -5 9 -5 8 -5 9 -5 8 -5 9 -6 8 -5 8 -6 9 -6 8 -6 8 -6 9 -6 0 0 9 -6 9 -7 9 -6 9 -6 9 -6 9 -6 9 -5 9 -5 9 -5 9 -5 9 -5 9 -4 9 -4 9 -4 9 -3 9 -3 8 -3 8 -3 8 -2 8 -2 8 -2 8 -1 7 -1 7 -1 7 0 7 0 0 0 0 0 0 0 0 0 0 0 ]
CSI_DATA,AP,10:B4:1D:CC:60:E0,-28,11,1,7,1,1,1,1,0,0,1,-93,0,6,2,15461293,0,68,0,0,15.1707,384,[0 0 0 0 0 0 0 0 0 0 0 0 9 -5 9 -5 9 -6 9 -6 9 -6 8 -6 8 -6 8 -6 8 -6 8 -6 8 -7 7 -7 7 -7 7 -7 7 -7 7 -8 7 -7 7 -8 6 -8 6 -8 6 -9 6 -9 6 -9 6 -9 6 -9 6 -9 0 0 6 -9 6 -10 6 -9 6 -10 6 -9 7 -9 7 -9 7 -9 7 -9 7 -8 7 -8 7 -8 7 -7 7 -7 7 -7 7 -6 7 -6 7 -6 7 -5 7 -5 7 -5 7 -5 7 -4 7 -4 7 -3 6 -2 0 0 0 0 0 0 0 0 0 0 ]
CSI_DATA,AP,10:B4:1D:CC:60:E0,-29,11,1,7,1,1,1,1,0,0,1,-93,0,6,2,15551209,0,68,0,0,15.2606,384,[0 0 0 0 0 0 0 0 0 0 0 0 4 -12 3 -11 3 -12 3 -12 3 -11 3 -11 3 -11 2 -11 2 -11 2 -11 2 -11 2 -11 1 -11 1 -11 1 -11 1 -11 0 -11 0 -11 0 -11 0 -11 0 -11 0 -12 -1 -11 -1 -12 -1 -12 -1 -12 0 0 -1 -12 -1 -12 -1 -12 0 -12 0 -12 0 -12 0 -12 1 -12 1 -11 1 -11 1 -11 1 -11 2 -11 2 -10 2 -10 2 -9 2 -9 2 -9 3 -8 3 -8 3 -8 3 -8 3 -8 3 -7 3 -7 4 -6 0 0 0 0 0 0 0 0 0 0 ]
CSI_DATA,AP,10:B4:1D:CC:60:E0,-26,11,1,7,1,1,1,1,0,0,1,-93,0,6,2,15641309,0,68,0,0,15.3507,384,[0 0 0 0 0 0 0 0 0 0 0 0 11 0 11 0 10 0 10 0 10 0 10 -1 10 -1 10 -1 10 -1 10 -1 9 -1 9 -2 9 -2 9 -2 9 -2 9 -2 9 -2 9 -3 9 -3 9 -3 9 -3 9 -3 9 -4 9 -4 9 -4 9 -4 0 0 9 -4 9 -4 9 -3 10 -3 10 -3 10 -3 10 -3 10 -3 10 -2 9 -2 9 -2 9 -2 9 -1 9 -1 9 -1 8 -1 8 0 8 0 7 0 7 0 7 0 7 1 6 1 6 1 6 1 6 2 0 0 0 0 0 0 0 0 0 0 ]
CSI_DATA,AP,10:B4:1D:CC:60:E0,-28,11,1,7,1,1,1,1,0,0,1,-93,0,6,2,15731381,0,68,0,0,15.4408,384,[0 0 0 0 0 0 0 0 0 0 0 0 -2 10 -2 10 -1 11 -1 10 -1 11 -1 10 -1 10 -1 10 -1 10 0 10 0 10 0 10 1 10 1 10 1 10 1 10 1 10 2 10 2 10 2 10 3 10 3 10 3 10 3 10 3 10 3 10 0 0 3 11 4 11 3 11 3 11 3 11 3 11 3 11 2 11 2 11 2 11 2 11 1 10 1 10 1 10 1 10 0 9 0 10 0 9 0 9 -1 9 -1 9 -1 8 -2 8 -2 8 -2 8 -2 7 0 0 0 0 0 0 0 0 0 0 ]
CSI_DATA,AP,10:B4:1D:CC:60:E0,-33,11,1,7,1,1,1,1,0,0,1,-93,0,6,2,15821250,0,68,0,0,15.5306,384,[0 0 0 0 0 0 0 0 0 0 0 0 -11 -2 -11 -2 -11 -2 -11 -2 -11 -2 -11 -1 -11 -1 -11 -1 -11 -1 -11 -1 -11 0 -11 0 -11 0 -11 1 -11 1 -11 1 -11 1 -11 2 -11 2 -11 2 -11 2 -12 2 -11 3 -12 3 -12 3 -12 3 0 0 -13 3 -13 3 -13 3 -13 3 -13 3 -13 3 -13 2 -13 2 -13 2 -13 2 -13 2 -13 1 -12 1 -12 1 -12 0 -12 0 -11 0 -11 0 -11 0 -10 -1 -11 -1 -11 -2 -10 -2 -10 -2 -10 -2 -9 -3 0 0 0 0 0 0 0 0 0 0 ]
CSI_DATA,AP,10:B4:1D:CC:60:E0,-37,11,1,7,1,1,1,1,0,0,1,-93,0,6,2,15911242,0,68,0,0,15.6206,384,[0 0 0 0 0 0 0 0 0 0 0 0 9 -1 9 -1 9 -1 9 -1 9 -2 9 -2 9 -2 9 -2 9 -3 9 -3 9 -3 9 -3 9 -4 9 -4 9 -4 9 -5 9 -5 9 -5 10 -6 10 -6 10 -6 10 -6 10 -7 10 -7 10 -7 10 -7 0 0 11 -7 11 -7 11 -7 11 -8 11 -7 11 -7 11 -7 11 -7 11 -7 12 -6 11 -6 11 -6 11 -6 11 -5 11 -5 11 -5 11 -4 10 -4 10 -4 10 -3 10 -3 10 -3 10 -3 10 -2 10 -2 10 -1 0 0 0 0 0 0 0 0 0 0 ]
CSI_DATA,AP,10:B4:1D:CC:60:E0,-37,11,1,7,1,1,1,1,0,0,1,-93,0,6,2,16001378,0,68,0,0,15.7108,384,[0 0 0 0 0 0 0 0 0 0 0 0 -9 2 -9 2 -9 3 -9 3 -9 3 -9 3 -9 3 -9 3 -9 4 -9 4 -9 4 -9 4 -9 5 -9 5 -9 5 -9 6 -9 6 -9 6 -9 6 -9 7 -9 7 -9 7 -9 7 -9 8 -9 8 -9 8 0 0 -10 8 -10 8 -10 9 -10 9 -10 9 -10 8 -10 8 -10 8 -10 8 -11 8 -11 7 -11 7 -11 7 -10 6 -10 6 -10 6 -10 5 -10 5 -10 5 -10 4 -10 4 -10 4 -10 3 -10 3 -10 3 -10 2 0 0 0 0 0 0 0 0 0 0 ]
CSI_DATA,AP,10:B4:1D:CC:60:E0,-39,11,1,7,1,1,1,1,0,0,1,-93,0,6,2,16091326,0,68,0,0,15.8007,384,[0 0 0 0 0 0 0 0 0 0 0 0 1 -9 1 -9 0 -9 0 -10 0 -10 0 -10 0 -10 0 -10 -1 -10 -1 -10 -1 -10 -2 -10 -2 -10 -2 -10 -3 -11 -3 -10 -3 -11 -3 -10 -4 -11 -4 -11 -4 -11 -4 -11 -5 -11 -5 -11 -5 -11 -5 -12 0 0 -5 -12 -5 -12 -6 -12 -5 -12 -5 -13 -5 -13 -5 -13 -4 -13 -4 -13 -4 -13 -4 -12 -4 -13 -4 -12 -3 -12 -3 -12 -3 -12 -3 -12 -2 -12 -2 -11 -2 -11 -1 -11 -1 -11 -1 -11 -1 -11 0 -10 0 -10 0 0 0 0 0 0 0 0 0 0 ]
CSI_DATA,AP,10:B4:1D:CC:60:E0,-40,11,1,7,1,1,1,1,0,0,1,-93,0,6,2,16181362,0,68,0,0,15.8907,384,[0 0 0 0 0 0 0 0 0 0 0 0 6 -7 5 -7 6 -7 5 -7 5 -8 5 -8 5 -8 5 -8 5 -8 4 -9 4 -9 4 -9 4 -9 4 -10 3 -10 3 -10 3 -10 3 -11 2 -11 3 -11 3 -11 2 -11 2 -12 2 -12 2 -12 2 -12 0 0 2 -13 2 -13 2 -13 3 -13 2 -13 3 -13 3 -13 3 -13 4 -13 4 -13 4 -13 4 -12 4 -12 4 -12 4 -12 4 -11 5 -11 4 -10 5 -10 5 -10 5 -10 5 -9 5 -10 5 -9 6 -8 6 -8 0 0 0 0 0 0 0 0 0 0 ]
CSI_DATA,AP,10:B4:1D:CC:60:E0,-40,11,1,7,1,1,1,1,0,0,1,-93,0,6,2,16271358,0,68,0,0,15.9807,384,[0 0 0 0 0 0 0 0 0 0 0 0 4 7 4 7 5 7 5 7 5 7 5 7 5 7 6 7 6 7 6 6 7 6 7 6 7 6 7 6 8 6 8 5 8 6 8 5 9 5 9 5 9 5 10 5 10 5 10 5 10 5 11 5 0 0 11 5 11 5 12 5 11 5 12 6 11 6 11 6 11 7 11 6 10 7 10 6 10 7 10 7 10 7 9 7 9 7 9 7 8 7 8 7 8 7 7 7 7 8 7 7 6 8 6 8 5 8 0 0 0 0 0 0 0 0 0 0 ]
CSI_DATA,AP,10:B4:1D:CC:60:E0,-40,11,1,7,1,1,1,1,0,0,1,-93,0,6,2,16361233,0,68,0,0,16.0706,384,[0 0 0 0 0 0 0 0 0 0 0 0 6 -7 6 -7 5 -7 5 -8 5 -7 5 -8 5 -8 5 -8 4 -8 4 -9 4 -9 4 -9 4 -9 4 -9 3 -10 3 -10 3 -10 3 -10 2 -11 2 -11 2 -11 2 -11 2 -12 2 -12 2 -12 2 -12 0 0 2 -13 2 -13 2 -13 2 -13 2 -13 2 -13 2 -13 3 -13 3 -13 3 -13 3 -13 4 -12 4 -12 4 -12 4 -12 4 -11 4 -11 4 -11 4 -10 4 -10 5 -10 5 -10 5 -9 5 -9 5 -9 6 -8 0 0 0 0 0 0 0 0 0 0 ]
CSI_DATA,AP,10:B4:1D:CC:60:E0,-40,11,1,7,1,1,1,1,0,0,1,-93,0,6,2,16452283,0,68,0,0,16.1617,384,[0 0 0 0 0 0 0 0 0 0 0 0 -10 -2 -10 -1 -10 -1 -10 -1 -10 -1 -10 -1 -10 0 -10 0 -10 0 -10 0 -11 1 -11 1 -11 1 -11 2 -11 2 -11 2 -11 2 -11 3 -11 3 -11 3 -11 3 -11 4 -11 4 -12 4 -12 4 -12 4 0 0 -12 5 -12 5 -12 5 -13 5 -13 5 -13 5 -13 4 -13 4 -13 4 -13 3 -13 3 -13 3 -13 3 -12 2 -12 2 -12 2 -12 2 -12 2 -12 2 -11 1 -11 1 -11 0 -11 0 -11 0 -11 -1 -10 -1 0 0 0 0 0 0 0 0 0 0 ]
CSI_DATA,AP,10:B4:1D:CC:60:E0,-37,11,1,7,1,1,1,1,0,0,1,-93,0,6,2,16541217,0,68,0,0,16.2506,384,[0 0 0 0 0 0 0 0 0 0 0 0 9 2 9 2 9 2 9 2 9 2 9 1 9 1 9 1 9 1 9 1 10 0 10 0 10 0 10 0 10 -1 10 -1 10 -1 10 -2 10 -2 10 -2 10 -2 10 -2 11 -2 11 -3 11 -3 11 -3 0 0 12 -3 11 -3 12 -3 12 -3 12 -3 12 -2 12 -2 12 -2 12 -2 12 -1 12 -1 11 -1 11 -1 11 0 11 -1 11 0 10 0 10 0 10 1 9 1 9 1 9 1 9 2 9 2 8 2 8 3 0 0 0 0 0 0 0 0 0 0 ]

