--- Warning: GDB cannot open serial ports accessed as COMx
--- Using \\.\COM5 instead...
--- esp-idf-monitor 1.9.0 on \\.\COM5 115200
--- Quit: Ctrl+] | Menu: Ctrl+T | Help: Ctrl+T followed by Ctrl+H
Executing action: monitor
Running idf_monitor in directory C:\ESP32-CSI-Tool\active_ap
Executing "C:\Espressif\python_env\idf5.5_py3.11_env\Scripts\python.exe C:\Espressif\frameworks\esp-idf-v5.5.4-3\tools/idf_monitor.py -p COM5 -b 115200 --toolchain-prefix xtensa-esp32s3-elf- --target esp32s3 --revision 0 C:\ESP32-CSI-Tool\active_ap\build\active-ap.elf C:\ESP32-CSI-Tool\active_ap\build\bootloader\bootloader.elf --force-color -m 'C:\Espressif\python_env\idf5.5_py3.11_env\Scripts\python.exe' 'C:\Espressif\frameworks\esp-idf-v5.5.4-3\tools\idf.py' '-p' 'COM5'"...
ESP-ROM:esp32s3-20210327
Build:Mar 27 2021
rst:0x1 (POWERON),boot:0x8 (SPI_FAST_FLASH_BOOT)
SPIWP:0xee
mode:DIO, clock div:1
load:0x3fce2820,len:0x14f0
load:0x403c8700,len:0xd24
--- 0x403c8700: _stext at ??:?
load:0x403cb700,len:0x2ef0
entry 0x403c8924
--- 0x403c8924: call_start_cpu0 at C:/Espressif/frameworks/esp-idf-v5.5.4-3/components/bootloader/subproject/main/bootloader_start.c:27
I (24) boot: ESP-IDF v5.5.4 2nd stage bootloader
I (25) boot: compile time Jun 25 2026 19:04:14
I (25) boot: Multicore bootloader
I (25) boot: chip revision: v0.2
I (28) boot: efuse block revision: v1.3
I (31) boot.esp32s3: Boot SPI Speed : 80MHz
I (35) boot.esp32s3: SPI Mode       : DIO
I (39) boot.esp32s3: SPI Flash Size : 2MB
I (43) boot: Enabling RNG early entropy source...
I (47) boot: Partition Table:
I (50) boot: ## Label            Usage          Type ST Offset   Length
I (56) boot:  0 nvs              WiFi data        01 02 00009000 00006000
I (63) boot:  1 phy_init         RF data          01 01 0000f000 00001000
I (69) boot:  2 factory          factory app      00 00 00010000 00100000
I (76) boot: End of partition table
I (79) esp_image: segment 0: paddr=00010020 vaddr=3c0c0020 size=1e414h (123924) map
I (108) esp_image: segment 1: paddr=0002e43c vaddr=3fc9a400 size=01bdch (  7132) load
I (110) esp_image: segment 2: paddr=00030020 vaddr=42000020 size=b082ch (722988) map
I (239) esp_image: segment 3: paddr=000e0854 vaddr=3fc9bfdc size=03320h ( 13088) load
I (242) esp_image: segment 4: paddr=000e3b7c vaddr=40374000 size=1631ch ( 90908) load
I (263) esp_image: segment 5: paddr=000f9ea0 vaddr=50000000 size=00020h (    32) load
I (272) boot: Loaded app from partition at offset 0x10000
I (272) boot: Disabling RNG early entropy source...
I (282) cpu_start: Multicore app
I (291) cpu_start: GPIO 44 and 43 are used as console UART I/O pins
I (292) cpu_start: Pro cpu start user code
I (292) cpu_start: cpu freq: 160000000 Hz
I (293) app_init: Application information:
I (297) app_init: Project name:     active-ap
I (301) app_init: App version:      cce5b1a-dirty
I (305) app_init: Compile time:     Jul  2 2026 19:28:44
I (311) app_init: ELF file SHA256:  509764614...
I (315) app_init: ESP-IDF:          v5.5.4
I (319) efuse_init: Min chip rev:     v0.0
I (322) efuse_init: Max chip rev:     v0.99 
I (326) efuse_init: Chip rev:         v0.2
I (330) heap_init: Initializing. RAM available for dynamic allocation:
I (337) heap_init: At 3FCA4190 len 00045580 (277 KiB): RAM
I (342) heap_init: At 3FCE9710 len 00005724 (21 KiB): RAM
I (347) heap_init: At 3FCF0000 len 00008000 (32 KiB): DRAM
I (352) heap_init: At 600FE000 len 00001FE8 (7 KiB): RTCRAM
I (359) spi_flash: detected chip: generic
I (361) spi_flash: flash io: dio
W (364) spi_flash: Detected size(16384k) larger than the size in the binary image header(2048k). Using the size in the binary image header.
I (377) sleep_gpio: Configure to isolate all GPIO pins in sleep state
I (383) sleep_gpio: Enable automatic switching of GPIO sleep configuration
I (390) main_task: Started on CPU0
I (410) main_task: Calling app_main()








-----------------------
ESP32 CSI Tool Settings
-----------------------
PROJECT_NAME: ACTIVE_AP
CONFIG_ESPTOOLPY_MONITOR_BAUD: 115200
CONFIG_ESP_CONSOLE_UART_BAUDRATE: 115200
IDF_VER: v5.5.4
-----------------------
WIFI_CHANNEL: 6
ESP_WIFI_SSID: testopen
ESP_WIFI_PASSWORD: 
SHOULD_COLLECT_CSI: 1
SHOULD_COLLECT_ONLY_LLTF: 1
SEND_CSI_TO_SERIAL: 1
SEND_CSI_TO_SD: 0
-----------------------








I (460) pp: pp rom version: e7ae62f
I (460) net80211: net80211 rom version: e7ae62f
I (470) wifi:wifi driver task: 3fced484, prio:23, stack:6656, core=0
I (470) wifi:wifi firmware version: 0947e8b
I (470) wifi:wifi certification version: v7.0
I (470) wifi:config NVS flash: enabled
I (470) wifi:config nano formatting: disabled
I (480) wifi:Init data frame dynamic rx buffer num: 32
I (480) wifi:Init static rx mgmt buffer num: 5
I (490) wifi:Init management short buffer num: 32
I (490) wifi:Init dynamic tx buffer num: 32
I (500) wifi:Init static tx FG buffer num: 2
I (500) wifi:Init static rx buffer size: 2212
I (500) wifi:Init static rx buffer num: 10
I (510) wifi:Init dynamic rx buffer num: 32
I (510) wifi_init: rx ba win: 6
I (510) wifi_init: accept mbox: 6
I (520) wifi_init: tcpip mbox: 32
I (520) wifi_init: udp mbox: 6
I (520) wifi_init: tcp mbox: 6
I (530) wifi_init: tcp tx win: 5760
I (530) wifi_init: tcp rx win: 5760
I (530) wifi_init: tcp mss: 1440
I (540) wifi_init: WiFi IRAM OP enabled
I (540) wifi_init: WiFi RX IRAM OP enabled
W (550) wifi:Affected by the ESP-NOW encrypt num, set the max connection num to 10
I (550) phy_init: phy_version 711,97bcf0a2,Aug 25 2025,19:04:10
I (610) wifi:mode : softAP (10:b4:1d:cc:60:ad)
I (610) wifi:Total power save buffer number: 16
I (610) wifi:Init max length of beacon: 752/752
I (610) wifi:Init max length of beacon: 752/752
I (610) wifi:Set ps type: 0, coexist: 0
I (620) esp_netif_lwip: DHCP server started on interface WIFI_AP_DEF with IP: 192.168.4.1

I (630) Active CSI collection (AP): softap_init finished. SSID:testopen password:
type,role,mac,rssi,rate,sig_mode,mcs,bandwidth,smoothing,not_sounding,aggregation,stbc,fec_coding,sgi,noise_floor,ampdu_cnt,channel,secondary_channel,local_timestamp,ant,sig_len,rx_state,real_time_set,real_timestamp,len,CSI_DATA
I (650) main_task: Returned from app_main()
I (3100) wifi:new:<6,2>, old:<6,2>, ap:<6,2>, sta:<255,255>, prof:6, snd_ch_cfg:0x0
I (3100) wifi:station: 10:b4:1d:cc:60:e0 join, AID=1, bgn, 40D
I (3100) Active CSI collection (AP): station join, AID=1
CSI_DATA,AP,00:00:00:00:00:00,-25,11,0,0,0,0,0,0,0,0,0,-93,0,6,2,3101795,0,14,0,0,2.81258,128,[0 0 0 0 0 0 0 0 0 0 0 0 -1 -18 -1 -18 -1 -18 -1 -18 -1 -17 -1 -17 -1 -17 -1 -16 -2 -16 -2 -15 -2 -16 -2 -15 -3 -15 -3 -15 -3 -14 -3 -14 -4 -14 -4 -14 -4 -14 -4 -14 -4 -14 -4 -13 -4 -13 -5 -14 -5 -14 -5 -14 0 0 -4 -14 -5 -13 -4 -13 -4 -13 -4 -14 -3 -13 -3 -13 -3 -13 -3 -13 -3 -13 -2 -13 -2 -12 -2 -12 -2 -12 -1 -11 -1 -11 0 -11 0 -11 0 -10 0 -10 0 -9 1 -9 1 -9 1 -9 1 -8 2 -8 0 0 0 0 0 0 0 0 0 0 ]
CSI_DATA,AP,10:B4:1D:CC:60:E0,-25,11,0,0,0,0,0,0,0,0,0,-93,0,6,2,3125811,0,374,0,0,2.85833,128,[0 0 0 0 0 0 0 0 0 0 0 0 13 12 13 11 13 11 12 11 13 11 12 10 12 10 12 10 12 10 12 9 12 9 12 8 12 8 12 8 11 7 12 7 11 6 12 7 11 6 12 6 12 6 11 6 12 6 12 5 12 5 12 5 0 0 12 5 12 5 12 5 12 6 11 6 11 6 11 6 10 6 10 6 10 7 10 6 9 6 9 7 8 6 8 6 7 6 7 7 7 6 6 6 6 7 6 6 5 6 5 7 5 6 4 7 3 6 0 0 0 0 0 0 0 0 0 0 ]
CSI_DATA,AP,00:00:00:00:00:00,-25,11,0,0,0,0,0,0,0,0,0,-93,0,6,2,3191547,0,14,0,0,2.90097,128,[0 0 0 0 0 0 0 0 0 0 0 0 5 17 5 16 4 16 5 16 5 15 5 15 5 14 5 14 5 14 5 13 5 14 5 13 5 13 6 13 6 12 6 12 6 12 6 12 6 11 6 11 7 11 7 11 7 11 7 11 7 11 7 11 0 0 7 11 7 11 7 11 6 11 6 11 6 11 6 11 6 11 5 11 5 10 5 10 4 10 4 10 4 10 3 10 3 9 2 9 2 9 2 9 1 9 1 8 1 8 1 8 0 8 0 8 -1 7 0 0 0 0 0 0 0 0 0 0 ]
CSI_DATA,AP,10:B4:1D:CC:60:E0,-25,11,0,0,0,0,0,0,0,0,0,-93,0,6,2,3192976,0,374,0,0,2.92753,128,[0 0 0 0 0 0 0 0 0 0 0 0 5 -18 4 -17 4 -17 4 -17 4 -17 4 -16 3 -16 3 -16 3 -16 3 -15 3 -15 2 -15 2 -15 2 -15 2 -14 1 -14 1 -14 1 -14 1 -14 0 -14 0 -14 0 -14 0 -14 0 -14 0 -14 0 -14 0 0 0 -14 0 -14 0 -14 0 -14 1 -14 1 -14 1 -14 1 -13 2 -13 1 -13 2 -13 2 -12 3 -12 2 -11 2 -11 2 -11 3 -10 3 -10 3 -9 3 -9 3 -9 3 -8 4 -8 4 -8 4 -7 4 -7 0 0 0 0 0 0 0 0 0 0 ]
I (3260) esp_netif_lwip: DHCP server assigned IP to a client, IP is: 192.168.4.2
CSI_DATA,AP,00:00:00:00:00:00,-25,11,0,0,0,0,0,0,0,0,0,-93,0,6,2,3266358,0,14,0,0,2.97577,128,[0 0 0 0 0 0 0 0 0 0 0 0 7 16 6 15 7 16 6 15 7 15 6 14 6 14 6 14 6 13 6 13 7 13 7 12 7 12 7 12 7 12 7 11 7 11 7 11 7 11 8 10 8 10 8 10 8 10 8 10 8 10 8 10 0 0 8 10 8 10 8 10 8 10 7 10 7 10 7 10 6 10 6 10 6 10 6 10 5 10 5 10 4 9 4 9 4 9 3 9 3 9 3 8 3 8 2 8 2 8 1 8 1 8 0 8 0 7 0 0 0 0 0 0 0 0 0 0 ]
CSI_DATA,AP,10:B4:1D:CC:60:E0,-25,11,0,0,0,0,0,0,0,0,0,-93,0,6,2,3267139,0,66,0,0,3.00789,128,[0 0 0 0 0 0 0 0 0 0 0 0 -7 -17 -8 -17 -8 -16 -8 -16 -7 -16 -7 -15 -8 -15 -7 -15 -7 -15 -7 -13 -8 -14 -8 -13 -8 -14 -8 -13 -8 -13 -8 -12 -8 -12 -8 -12 -9 -12 -9 -11 -9 -11 -9 -11 -9 -11 -9 -11 -9 -11 -9 -11 0 0 -9 -11 -9 -11 -9 -11 -8 -11 -8 -11 -8 -11 -8 -11 -8 -11 -7 -11 -7 -11 -7 -11 -6 -11 -6 -11 -6 -11 -5 -10 -5 -10 -4 -10 -4 -10 -4 -10 -3 -10 -3 -9 -2 -9 -2 -9 -2 -9 -2 -9 -1 -9 0 0 0 0 0 0 0 0 0 0 ]
CSI_DATA,AP,10:B4:1D:CC:60:E0,-25,11,0,0,0,0,0,0,0,0,0,-93,0,6,2,3723719,0,66,0,0,3.43321,128,[0 0 0 0 0 0 0 0 0 0 0 0 -15 10 -16 10 -15 10 -15 9 -14 9 -14 9 -14 9 -13 9 -13 9 -12 9 -12 9 -12 9 -12 9 -12 9 -11 9 -11 9 -10 9 -10 9 -10 9 -10 9 -10 9 -9 9 -9 9 -10 10 -9 10 -10 10 0 0 -10 10 -10 10 -10 9 -10 9 -10 9 -10 9 -10 8 -10 8 -10 8 -10 8 -10 7 -10 7 -10 6 -10 6 -9 5 -9 5 -9 5 -9 4 -9 4 -9 4 -9 3 -9 3 -9 3 -9 2 -8 1 -8 1 0 0 0 0 0 0 0 0 0 0 ]
CSI_DATA,AP,10:B4:1D:CC:60:E0,-25,11,0,0,0,0,0,0,0,0,0,-93,0,6,2,3763605,0,66,0,0,3.47306,128,[0 0 0 0 0 0 0 0 0 0 0 0 17 -1 16 -2 16 -1 16 -2 15 -2 15 -2 14 -2 14 -2 14 -2 14 -3 14 -2 13 -3 13 -3 13 -3 13 -3 12 -4 12 -4 12 -4 12 -4 11 -5 12 -4 12 -5 11 -5 12 -5 12 -5 12 -5 0 0 11 -5 12 -5 11 -5 12 -5 11 -4 11 -4 11 -4 11 -4 11 -4 11 -3 11 -3 10 -2 10 -2 10 -2 10 -2 9 -2 9 -1 9 -1 8 -1 8 0 8 -1 8 0 8 0 8 1 7 1 7 1 0 0 0 0 0 0 0 0 0 0 ]
CSI_DATA,AP,10:B4:1D:CC:60:E0,-25,11,0,0,0,0,0,0,0,0,0,-92,0,6,2,4649965,0,66,0,0,4.35945,128,[0 0 0 0 0 0 0 0 0 0 0 0 -17 -8 -16 -8 -16 -8 -16 -8 -16 -8 -16 -7 -15 -7 -15 -7 -15 -7 -15 -6 -15 -6 -15 -5 -14 -5 -14 -5 -14 -5 -14 -5 -14 -4 -14 -4 -14 -4 -14 -4 -14 -4 -14 -4 -14 -3 -14 -3 -14 -3 -14 -3 0 0 -14 -4 -14 -3 -13 -4 -14 -4 -13 -4 -13 -4 -13 -5 -12 -5 -12 -5 -12 -5 -12 -5 -12 -5 -11 -5 -11 -5 -10 -5 -10 -6 -9 -6 -9 -6 -8 -6 -8 -6 -8 -6 -7 -6 -7 -6 -7 -6 -6 -6 -5 -7 0 0 0 0 0 0 0 0 0 0 ]
CSI_DATA,AP,00:00:00:00:00:00,-26,9,0,0,0,0,0,0,0,0,0,-92,0,6,2,4686253,0,14,0,0,4.39567,128,[0 0 0 0 0 0 0 0 0 0 0 0 -18 2 -18 2 -18 2 -17 2 -17 2 -16 2 -16 2 -16 2 -16 3 -15 2 -15 3 -15 2 -15 3 -15 3 -14 3 -14 4 -14 4 -14 4 -13 4 -13 4 -13 4 -13 5 -13 5 -13 5 -13 5 -13 5 0 0 -13 5 -13 5 -13 5 -13 4 -13 4 -13 4 -13 4 -13 3 -13 3 -13 3 -13 2 -12 2 -12 1 -12 1 -12 1 -11 1 -11 0 -11 0 -10 0 -10 -1 -10 -1 -10 -1 -9 -2 -9 -2 -9 -2 -8 -3 0 0 0 0 0 0 0 0 0 0 ]
CSI_DATA,AP,00:00:00:00:00:00,-25,11,0,0,0,0,0,0,0,0,0,-92,0,6,2,4686410,0,14,0,0,4.43389,128,[0 0 0 0 0 0 0 0 0 0 0 0 4 -18 4 -18 4 -17 3 -17 3 -17 3 -17 2 -17 3 -16 2 -16 2 -15 2 -15 2 -15 2 -15 2 -15 1 -14 0 -14 0 -14 0 -14 0 -14 -1 -14 -1 -14 -1 -14 0 -14 0 -14 0 -14 -1 -14 0 0 -1 -14 -1 -14 -1 -14 -1 -14 0 -14 0 -14 0 -13 0 -13 1 -13 1 -13 1 -13 2 -12 2 -12 2 -11 2 -11 2 -11 2 -11 3 -10 2 -10 2 -9 3 -9 3 -8 3 -8 3 -8 4 -7 4 -7 0 0 0 0 0 0 0 0 0 0 ]
CSI_DATA,AP,10:B4:1D:CC:60:E0,-25,11,0,0,0,0,0,0,0,0,0,-92,0,6,2,4687191,0,37,0,0,4.47352,128,[0 0 0 0 0 0 0 0 0 0 0 0 -10 15 -10 15 -10 14 -9 14 -9 14 -9 14 -9 13 -8 13 -8 13 -7 13 -7 13 -7 13 -6 13 -6 13 -6 12 -6 12 -6 12 -5 12 -5 13 -5 12 -5 12 -5 12 -4 12 -4 13 -4 12 -4 13 0 0 -4 13 -4 12 -4 13 -5 12 -5 12 -5 12 -5 12 -5 11 -6 11 -5 11 -6 11 -5 10 -6 10 -6 9 -6 9 -6 9 -6 8 -6 8 -6 7 -6 7 -6 6 -6 6 -6 6 -7 5 -7 5 -7 4 0 0 0 0 0 0 0 0 0 0 ]
CSI_DATA,AP,10:B4:1D:CC:60:E0,-31,11,1,7,1,1,1,0,0,0,1,-92,0,6,2,4687436,0,68,0,0,4.51243,384,[0 0 0 0 0 0 0 0 0 0 0 0 11 -2 11 -2 10 -2 10 -2 10 -2 10 -2 10 -2 10 -2 9 -3 9 -3 9 -3 9 -3 9 -3 8 -3 8 -3 8 -3 8 -3 8 -4 8 -4 8 -4 8 -4 8 -4 8 -4 7 -4 7 -4 8 -4 0 0 8 -4 7 -4 7 -4 8 -4 7 -4 7 -4 7 -3 7 -3 7 -3 7 -3 7 -3 7 -3 7 -2 6 -2 6 -2 6 -2 6 -1 6 -1 6 -1 5 -1 5 -1 5 -1 5 0 5 0 5 0 4 0 0 0 0 0 0 0 0 0 0 0 ]
CSI_DATA,AP,10:B4:1D:CC:60:E0,-25,11,0,0,0,0,0,0,0,0,0,-92,0,6,2,4688100,0,37,0,0,4.54798,128,[0 0 0 0 0 0 0 0 0 0 0 0 -5 17 -4 17 -4 17 -4 16 -4 16 -4 16 -4 16 -4 15 -3 15 -3 15 -3 15 -3 15 -2 14 -2 14 -2 14 -1 14 -1 13 -1 14 -1 14 0 13 -1 14 0 13 0 13 0 13 0 13 0 13 0 0 0 13 0 13 0 13 0 13 -1 13 -1 13 -1 13 -1 13 -2 12 -2 12 -2 12 -2 12 -2 11 -2 11 -3 10 -3 10 -3 10 -3 9 -4 9 -4 8 -4 8 -4 8 -4 7 -4 7 -5 7 -5 6 0 0 0 0 0 0 0 0 0 0 ]
CSI_DATA,AP,10:B4:1D:CC:60:E0,-25,11,0,0,0,0,0,0,0,0,0,-92,0,6,2,4723817,0,66,0,0,4.58611,128,[0 0 0 0 0 0 0 0 0 0 0 0 -10 -16 -10 -16 -9 -15 -10 -15 -10 -15 -9 -15 -9 -14 -9 -14 -9 -14 -9 -13 -9 -13 -9 -12 -9 -12 -9 -12 -10 -12 -10 -11 -10 -11 -10 -11 -10 -10 -10 -10 -10 -10 -10 -10 -10 -10 -10 -10 -10 -10 -11 -10 0 0 -10 -10 -10 -10 -10 -10 -10 -10 -10 -10 -10 -10 -9 -10 -9 -10 -9 -11 -8 -10 -8 -10 -7 -10 -7 -10 -7 -10 -6 -10 -6 -10 -5 -9 -5 -9 -5 -9 -4 -9 -4 -9 -4 -9 -3 -8 -3 -9 -2 -8 -2 -8 0 0 0 0 0 0 0 0 0 0 ]
CSI_DATA,AP,10:B4:1D:CC:60:E0,-30,11,1,7,1,1,1,0,0,0,1,-92,0,6,2,4749167,0,68,0,0,4.63142,384,[0 0 0 0 0 0 0 0 0 0 0 0 6 -9 6 -9 6 -9 6 -9 6 -9 5 -9 5 -9 5 -9 5 -9 5 -9 5 -9 4 -8 4 -8 4 -8 4 -8 4 -9 3 -8 3 -9 3 -8 3 -8 3 -9 3 -8 3 -9 2 -9 2 -9 2 -8 0 0 3 -9 2 -9 2 -8 3 -9 3 -8 3 -9 3 -8 3 -8 3 -8 4 -8 3 -8 3 -7 3 -7 3 -6 3 -7 3 -6 3 -6 3 -6 3 -5 3 -5 4 -5 3 -5 4 -4 4 -4 4 -4 4 -3 0 0 0 0 0 0 0 0 0 0 ]
CSI_DATA,AP,10:B4:1D:CC:60:E0,-30,11,1,7,1,1,1,0,0,0,1,-92,0,6,2,4839062,0,68,0,0,4.66666,384,[0 0 0 0 0 0 0 0 0 0 0 0 3 -11 2 -11 2 -11 2 -11 2 -11 2 -11 2 -10 2 -10 2 -10 1 -10 1 -10 1 -10 1 -10 1 -10 0 -9 1 -9 0 -9 0 -9 0 -9 0 -9 0 -9 0 -9 0 -9 -1 -9 -1 -9 -1 -9 0 0 0 -9 -1 -9 -1 -9 0 -9 0 -9 0 -9 0 -9 0 -9 0 -9 1 -8 1 -8 1 -8 1 -8 1 -7 1 -7 1 -7 1 -7 2 -7 2 -6 2 -6 2 -6 2 -6 2 -5 3 -5 3 -5 3 -5 0 0 0 0 0 0 0 0 0 0 ]
CSI_DATA,AP,10:B4:1D:CC:60:E0,-30,11,1,7,1,1,1,0,0,0,1,-92,0,6,2,4929029,0,68,0,0,4.70355,384,[0 0 0 0 0 0 0 0 0 0 0 0 -3 11 -3 10 -3 10 -3 10 -2 10 -2 10 -2 10 -2 9 -2 9 -2 9 -2 9 -2 9 -1 9 -1 9 -1 9 -1 8 0 8 0 8 0 8 0 8 0 8 0 8 0 8 0 8 0 8 0 8 0 0 0 8 1 8 1 8 0 8 0 8 0 8 0 8 -1 8 -1 7 -1 7 -1 7 -1 7 -1 7 -1 7 -1 6 -2 6 -2 6 -2 6 -2 6 -2 5 -2 5 -2 5 -3 5 -3 4 -3 4 -3 4 0 0 0 0 0 0 0 0 0 0 ]
CSI_DATA,AP,10:B4:1D:CC:60:E0,-31,11,1,7,1,1,1,0,0,0,1,-92,0,6,2,5019069,0,68,0,0,4.73996,384,[0 0 0 0 0 0 0 0 0 0 0 0 -11 5 -10 5 -10 5 -10 5 -10 5 -10 5 -9 4 -9 5 -9 5 -9 5 -8 5 -8 5 -8 5 -8 5 -8 5 -8 5 -8 5 -7 5 -7 5 -7 5 -7 5 -7 5 -7 6 -6 6 -7 6 -7 6 0 0 -7 6 -7 5 -7 5 -7 5 -7 5 -7 5 -7 4 -7 4 -7 4 -7 4 -7 4 -7 4 -7 4 -7 3 -7 3 -7 2 -6 2 -6 2 -6 1 -6 1 -6 1 -6 1 -6 1 -6 1 -6 0 -5 0 0 0 0 0 0 0 0 0 0 0 ]
CSI_DATA,AP,00:00:00:00:00:00,-25,11,0,0,0,0,0,0,0,0,0,-92,0,6,2,5064836,0,14,0,0,4.77496,128,[0 0 0 0 0 0 0 0 0 0 0 0 -18 -2 -18 -2 -18 -2 -18 -1 -17 -1 -17 -1 -16 -1 -16 -1 -16 -1 -15 0 -15 0 -16 0 -15 0 -15 0 -15 1 -14 1 -14 1 -14 1 -14 2 -14 2 -14 2 -14 2 -14 2 -13 2 -14 3 -14 3 0 0 -14 2 -14 2 -14 2 -14 2 -14 2 -13 2 -14 1 -13 1 -13 1 -13 1 -13 0 -12 0 -12 0 -12 0 -11 -1 -11 -1 -10 -1 -10 -1 -10 -2 -10 -2 -9 -2 -9 -3 -9 -3 -9 -3 -8 -3 -8 -3 0 0 0 0 0 0 0 0 0 0 ]
I (5110) wifi:<ba-add>idx:2 (ifx:1, 10:b4:1d:cc:60:e0), tid:0, ssn:0, winSize:64
CSI_DATA,AP,10:B4:1D:CC:60:E0,-31,11,1,7,1,1,1,1,0,0,1,-92,0,6,2,5109116,0,68,0,0,4.8223,384,[0 0 0 0 0 0 0 0 0 0 0 0 -11 -5 -10 -5 -10 -5 -10 -5 -10 -5 -10 -5 -10 -5 -9 -5 -9 -4 -9 -4 -9 -4 -9 -4 -9 -4 -9 -3 -9 -3 -9 -3 -9 -3 -9 -3 -9 -2 -9 -3 -9 -2 -9 -2 -9 -2 -9 -2 -8 -2 -9 -2 0 0 -9 -2 -9 -2 -8 -2 -9 -2 -9 -2 -8 -3 -8 -3 -8 -3 -8 -3 -8 -3 -8 -3 -7 -3 -7 -3 -6 -3 -7 -3 -6 -3 -6 -4 -6 -3 -5 -4 -5 -4 -5 -4 -5 -4 -5 -4 -4 -4 -4 -4 -4 -4 0 0 0 0 0 0 0 0 0 0 ]
CSI_DATA,AP,10:B4:1D:CC:60:E0,-31,11,1,6,1,1,1,1,0,0,0,-92,0,6,2,5116357,0,68,0,0,4.86228,384,[0 0 0 0 0 0 0 0 0 0 0 0 -12 1 -12 1 -11 1 -11 1 -11 1 -11 1 -11 1 -11 1 -10 1 -10 1 -10 1 -10 1 -10 2 -9 2 -9 2 -9 2 -9 2 -9 2 -9 2 -9 3 -9 2 -8 3 -9 3 -9 3 -8 3 -9 3 0 0 -9 2 -8 3 -8 2 -9 2 -8 2 -8 2 -8 2 -8 2 -8 1 -8 1 -8 1 -8 1 -7 0 -7 0 -7 0 -7 0 -7 0 -7 0 -7 -1 -6 -1 -6 -1 -6 -1 -6 -1 -5 -1 -5 -2 -5 -2 0 0 0 0 0 0 0 0 0 0 ]
CSI_DATA,AP,10:B4:1D:CC:60:E0,-31,11,1,7,1,1,1,1,0,0,1,-92,0,6,2,5195277,0,68,0,0,4.90469,384,[0 0 0 0 0 0 0 0 0 0 0 0 6 -9 6 -9 6 -9 6 -9 6 -9 6 -8 6 -8 6 -8 5 -8 5 -8 5 -8 4 -8 4 -8 4 -8 4 -8 4 -8 3 -8 3 -8 3 -8 3 -8 3 -8 3 -8 3 -8 3 -9 3 -8 3 -8 0 0 3 -8 3 -8 3 -8 3 -8 3 -8 3 -8 3 -8 3 -7 3 -7 4 -7 3 -7 3 -7 3 -6 4 -6 3 -6 3 -5 4 -5 4 -5 4 -5 4 -4 4 -4 4 -4 4 -4 3 -4 4 -3 4 -3 0 0 0 0 0 0 0 0 0 0 ]
CSI_DATA,AP,10:B4:1D:CC:60:E0,-31,11,1,7,1,1,1,1,0,0,1,-92,0,6,2,5289066,0,68,0,0,4.99847,384,[0 0 0 0 0 0 0 0 0 0 0 0 5 -11 5 -10 5 -10 4 -10 5 -10 5 -10 4 -10 4 -9 4 -9 4 -9 3 -9 3 -9 3 -9 3 -9 3 -9 3 -9 2 -9 2 -9 2 -9 2 -9 2 -9 2 -9 2 -9 1 -9 1 -9 1 -9 0 0 2 -9 2 -9 1 -9 2 -9 2 -9 2 -9 2 -9 2 -8 3 -8 2 -8 2 -8 2 -7 3 -7 3 -7 3 -7 3 -6 3 -6 3 -6 3 -5 3 -5 3 -5 3 -5 3 -5 3 -4 3 -4 3 -3 0 0 0 0 0 0 0 0 0 0 ]
CSI_DATA,AP,10:B4:1D:CC:60:E0,-31,11,1,7,1,1,1,1,0,0,1,-92,0,6,2,5379224,0,68,0,0,5.08863,384,[0 0 0 0 0 0 0 0 0 0 0 0 1 11 1 10 1 10 1 10 1 10 1 10 1 9 1 9 1 9 2 9 2 9 2 8 2 9 2 8 2 8 2 8 2 8 3 8 3 8 3 8 3 8 3 8 3 7 3 8 3 7 3 7 0 0 3 7 3 7 3 7 3 7 3 7 2 7 2 8 2 7 2 7 1 7 1 7 1 7 1 7 1 7 0 6 0 6 0 6 0 6 0 5 -1 5 -1 5 -1 5 -1 5 -1 5 -1 4 -2 4 0 0 0 0 0 0 0 0 0 0 ]
CSI_DATA,AP,10:B4:1D:CC:60:E0,-31,11,1,7,1,1,1,1,0,0,1,-92,0,6,2,5469287,0,68,0,0,5.17872,384,[0 0 0 0 0 0 0 0 0 0 0 0 9 5 9 5 9 5 8 5 8 5 8 5 8 5 8 5 8 5 8 4 8 4 8 4 8 3 8 3 8 3 8 3 8 3 8 3 8 3 8 3 7 3 7 2 8 2 8 2 8 2 8 2 0 0 8 2 7 2 7 2 7 3 7 3 7 3 7 3 7 3 7 3 6 3 6 3 6 3 5 3 5 4 5 4 5 3 4 4 4 4 4 4 4 4 3 4 3 4 3 4 2 3 2 4 2 4 0 0 0 0 0 0 0 0 0 0 ]
CSI_DATA,AP,10:B4:1D:CC:60:E0,-31,11,1,7,1,1,1,1,0,0,1,-92,0,6,2,5559297,0,68,0,0,5.2687,384,[0 0 0 0 0 0 0 0 0 0 0 0 5 10 4 10 4 10 4 9 4 9 4 9 4 9 4 8 4 8 4 8 4 8 4 7 4 7 4 7 5 7 5 7 5 7 5 7 5 7 5 6 5 6 5 6 5 6 5 6 5 6 5 6 0 0 5 6 5 6 5 6 5 6 5 6 5 7 4 6 4 6 4 6 4 6 3 6 3 6 3 6 2 6 2 6 2 6 2 6 2 5 2 5 1 5 1 5 1 5 0 5 0 5 0 5 0 4 0 0 0 0 0 0 0 0 0 0 ]
CSI_DATA,AP,10:B4:1D:CC:60:E0,-31,11,1,7,1,1,1,1,0,0,1,-92,0,6,2,5649193,0,68,0,0,5.3586,384,[0 0 0 0 0 0 0 0 0 0 0 0 4 -11 4 -11 4 -11 4 -10 4 -10 4 -10 4 -10 4 -10 3 -10 3 -10 3 -10 3 -9 2 -9 2 -9 2 -9 2 -9 1 -9 1 -9 1 -9 1 -9 1 -9 1 -9 1 -9 1 -9 1 -9 1 -9 0 0 1 -9 1 -9 1 -9 1 -9 1 -9 1 -9 2 -9 2 -8 2 -8 2 -8 2 -8 2 -8 2 -7 2 -7 2 -7 2 -6 2 -7 2 -6 3 -6 3 -5 3 -5 3 -5 3 -5 3 -5 3 -4 3 -4 0 0 0 0 0 0 0 0 0 0 ]
CSI_DATA,AP,10:B4:1D:CC:60:E0,-25,11,0,0,0,0,0,0,0,0,0,-92,0,6,2,5723682,0,66,0,0,5.43315,128,[0 0 0 0 0 0 0 0 0 0 0 0 -8 16 -7 16 -7 15 -7 15 -7 15 -6 15 -6 14 -6 14 -6 14 -5 13 -5 14 -4 14 -4 14 -4 14 -4 13 -4 13 -3 13 -3 13 -3 13 -3 13 -2 13 -3 13 -2 13 -2 13 -2 13 -2 14 0 0 -2 13 -2 13 -2 13 -2 13 -3 13 -3 12 -3 12 -3 12 -4 12 -3 11 -3 11 -3 11 -4 11 -4 10 -4 9 -5 9 -4 9 -4 8 -5 8 -5 8 -5 7 -5 7 -5 7 -5 6 -5 6 -6 6 0 0 0 0 0 0 0 0 0 0 ]
CSI_DATA,AP,10:B4:1D:CC:60:E0,-31,11,1,7,1,1,1,1,0,0,1,-92,0,6,2,5739255,0,68,0,0,5.46273,384,[0 0 0 0 0 0 0 0 0 0 0 0 9 -7 9 -7 9 -7 9 -7 8 -7 8 -6 8 -6 8 -6 8 -6 7 -7 7 -7 7 -6 7 -7 6 -7 6 -7 6 -7 6 -7 6 -7 6 -7 6 -7 5 -7 5 -7 5 -7 5 -7 5 -7 5 -7 0 0 6 -7 5 -7 5 -7 6 -7 5 -7 6 -6 6 -6 6 -6 6 -5 5 -5 6 -5 5 -5 5 -5 5 -4 5 -4 5 -4 5 -4 5 -3 5 -3 5 -3 5 -3 5 -2 5 -2 4 -2 4 -1 4 -1 0 0 0 0 0 0 0 0 0 0 ]
CSI_DATA,AP,10:B4:1D:CC:60:E0,-31,11,1,7,1,1,1,1,0,0,1,-92,0,6,2,5829028,0,68,0,0,5.53844,384,[0 0 0 0 0 0 0 0 0 0 0 0 10 3 10 3 10 3 10 3 10 3 9 3 9 3 9 2 9 2 9 2 9 2 9 2 9 1 8 1 8 1 8 1 8 1 8 1 8 1 8 0 8 0 8 0 8 0 8 0 8 0 8 0 0 0 8 0 8 0 8 0 8 0 8 1 8 1 7 1 7 1 7 1 7 1 7 1 6 1 6 2 6 2 6 2 6 2 5 2 5 2 5 2 5 2 4 3 4 2 4 2 4 2 3 3 3 3 0 0 0 0 0 0 0 0 0 0 ]
CSI_DATA,AP,10:B4:1D:CC:60:E0,-25,11,0,0,0,0,0,0,0,0,0,-92,0,6,2,5853775,0,66,0,0,5.56327,128,[0 0 0 0 0 0 0 0 0 0 0 0 -17 9 -16 9 -16 9 -15 9 -15 8 -15 8 -15 8 -14 8 -14 8 -14 8 -13 8 -13 8 -13 8 -12 9 -12 9 -12 8 -11 8 -11 9 -11 8 -11 9 -11 9 -11 9 -10 9 -10 9 -10 9 -10 9 0 0 -10 9 -11 9 -11 9 -11 9 -11 9 -11 8 -11 8 -11 8 -11 7 -11 7 -11 7 -11 6 -11 6 -10 5 -10 5 -10 5 -10 4 -10 4 -10 3 -10 3 -9 3 -9 2 -9 2 -9 1 -9 1 -8 0 0 0 0 0 0 0 0 0 0 0 ]
CSI_DATA,AP,10:B4:1D:CC:60:E0,-31,11,1,7,1,1,1,1,0,0,1,-92,0,6,2,5919151,0,68,0,0,5.62854,384,[0 0 0 0 0 0 0 0 0 0 0 0 -12 -2 -11 -2 -11 -2 -11 -2 -11 -2 -11 -2 -10 -2 -10 -2 -10 -1 -10 -1 -10 -1 -10 -1 -10 -1 -10 -1 -9 0 -9 0 -9 0 -9 0 -9 0 -9 0 -9 0 -9 0 -9 0 -9 0 -9 1 -9 0 0 0 -9 0 -9 0 -8 0 -9 0 -8 0 -9 0 -9 -1 -8 -1 -8 -1 -8 -1 -8 -1 -8 -1 -8 -1 -7 -2 -7 -2 -7 -2 -7 -2 -6 -2 -6 -2 -6 -2 -6 -3 -5 -3 -5 -3 -5 -3 -5 -3 -4 -3 0 0 0 0 0 0 0 0 0 0 ]
CSI_DATA,AP,10:B4:1D:CC:60:E0,-31,11,1,7,1,1,1,1,0,0,1,-92,0,6,2,6009155,0,68,0,0,5.71856,384,[0 0 0 0 0 0 0 0 0 0 0 0 -11 -4 -11 -4 -11 -4 -10 -4 -10 -4 -10 -3 -10 -4 -10 -3 -10 -3 -10 -3 -10 -2 -10 -2 -9 -2 -9 -2 -9 -2 -9 -2 -9 -2 -9 -2 -9 -1 -9 -1 -9 -1 -9 -1 -9 -1 -9 -1 -9 -1 -9 -1 0 0 -9 -1 -9 -1 -9 -1 -9 -1 -9 -1 -8 -2 -8 -2 -8 -2 -8 -2 -8 -2 -8 -2 -7 -2 -7 -2 -7 -3 -7 -3 -7 -3 -6 -3 -6 -3 -6 -3 -6 -3 -5 -3 -5 -3 -5 -3 -5 -3 -5 -3 -4 -4 0 0 0 0 0 0 0 0 0 0 ]
CSI_DATA,AP,10:B4:1D:CC:60:E0,-31,11,1,7,1,1,1,1,0,0,1,-92,0,6,2,6099270,0,68,0,0,5.80868,384,[0 0 0 0 0 0 0 0 0 0 0 0 0 11 0 10 0 10 0 10 0 10 0 10 0 9 0 9 0 9 1 9 1 9 1 9 1 9 1 8 1 8 1 8 1 8 1 8 1 8 1 8 2 8 2 8 2 7 2 8 2 8 2 7 0 0 2 8 1 7 2 8 1 7 1 8 1 7 1 8 1 7 0 7 0 7 0 7 0 7 0 7 -1 6 -1 6 -1 6 -1 6 -1 5 -1 5 -1 5 -2 5 -2 5 -2 4 -2 4 -2 4 -2 4 0 0 0 0 0 0 0 0 0 0 ]
CSI_DATA,AP,10:B4:1D:CC:60:E0,-31,11,1,7,1,1,1,1,0,0,1,-92,0,6,2,6189236,0,68,0,0,5.89864,384,[0 0 0 0 0 0 0 0 0 0 0 0 -11 -5 -11 -5 -10 -5 -10 -5 -10 -4 -10 -4 -10 -4 -10 -4 -10 -4 -10 -4 -9 -4 -9 -3 -9 -3 -9 -3 -9 -3 -9 -3 -9 -2 -9 -2 -9 -2 -9 -2 -9 -2 -9 -2 -9 -2 -9 -2 -9 -2 -9 -2 0 0 -9 -2 -9 -2 -8 -2 -9 -2 -8 -2 -8 -2 -8 -2 -8 -2 -8 -3 -8 -3 -8 -3 -7 -3 -7 -3 -7 -3 -7 -3 -6 -3 -6 -3 -6 -3 -6 -3 -5 -3 -5 -4 -5 -4 -5 -4 -4 -4 -4 -4 -4 -4 0 0 0 0 0 0 0 0 0 0 ]
CSI_DATA,AP,10:B4:1D:CC:60:E0,-31,11,1,7,1,1,1,1,0,0,1,-92,0,6,2,6279195,0,68,0,0,5.9886,384,[0 0 0 0 0 0 0 0 0 0 0 0 10 -4 10 -3 10 -3 9 -4 9 -3 9 -3 9 -3 9 -4 8 -3 8 -3 8 -4 8 -4 8 -4 7 -4 7 -4 7 -4 7 -4 7 -4 7 -4 7 -4 7 -4 7 -4 7 -4 7 -4 7 -5 7 -5 0 0 7 -4 7 -4 7 -4 7 -4 7 -4 7 -4 7 -4 7 -3 7 -3 7 -3 7 -3 6 -2 6 -2 6 -2 6 -2 6 -1 5 -1 5 -1 5 -1 5 -1 5 -1 5 -1 5 0 4 0 4 0 4 1 0 0 0 0 0 0 0 0 0 0 ]
CSI_DATA,AP,10:B4:1D:CC:60:E0,-31,11,1,7,1,1,1,1,0,0,1,-92,0,6,2,6369176,0,68,0,0,6.07858,384,[0 0 0 0 0 0 0 0 0 0 0 0 6 9 5 9 5 9 5 9 5 8 5 8 5 8 5 8 5 8 5 7 5 7 5 7 5 7 5 6 5 7 5 6 5 6 5 6 5 6 5 6 5 6 5 6 5 6 6 5 6 5 6 5 0 0 5 6 5 6 5 6 5 6 5 6 5 6 4 6 4 6 4 6 4 6 4 5 4 5 3 6 3 5 3 5 3 5 2 5 2 5 2 5 1 5 1 5 1 5 1 4 1 4 1 4 0 4 0 0 0 0 0 0 0 0 0 0 ]
CSI_DATA,AP,10:B4:1D:CC:60:E0,-31,11,1,7,1,1,1,1,0,0,1,-92,0,6,2,6459202,0,68,0,0,6.16862,384,[0 0 0 0 0 0 0 0 0 0 0 0 4 10 4 10 4 10 4 9 4 9 4 9 4 9 4 8 4 8 4 8 4 8 4 8 4 7 4 7 4 7 4 7 4 7 4 7 5 7 5 7 5 6 5 6 5 6 5 6 5 6 5 6 0 0 5 6 5 6 5 6 5 6 4 6 4 6 4 6 4 6 4 6 3 6 3 6 3 6 2 6 2 6 2 6 2 5 2 5 2 5 1 5 1 5 1 5 1 5 1 5 0 4 0 4 0 4 0 0 0 0 0 0 0 0 0 0 ]
CSI_DATA,AP,10:B4:1D:CC:60:E0,-31,11,1,7,1,1,1,1,0,0,1,-92,0,6,2,6549042,0,68,0,0,6.25844,384,[0 0 0 0 0 0 0 0 0 0 0 0 10 3 10 3 10 3 10 3 10 3 10 2 9 2 9 2 9 2 9 2 9 2 9 1 9 1 8 1 8 1 8 1 8 0 8 0 8 0 8 0 8 0 8 0 8 0 8 -1 8 -1 8 -1 0 0 8 0 8 0 8 0 8 0 8 0 8 0 8 0 7 0 7 1 7 1 7 1 7 1 6 1 6 1 6 1 6 1 6 1 5 1 5 2 5 2 5 2 4 2 4 2 4 2 4 2 3 3 0 0 0 0 0 0 0 0 0 0 ]
CSI_DATA,AP,10:B4:1D:CC:60:E0,-31,11,1,7,1,1,1,1,0,0,1,-92,0,6,2,6639286,0,68,0,0,6.3487,384,[0 0 0 0 0 0 0 0 0 0 0 0 9 -7 9 -7 8 -7 8 -7 8 -7 8 -7 8 -6 8 -7 7 -7 7 -7 7 -7 7 -7 6 -7 6 -7 6 -7 6 -7 6 -7 6 -7 5 -7 5 -7 5 -7 5 -7 5 -7 5 -7 5 -7 5 -7 0 0 5 -7 5 -7 5 -7 5 -7 5 -7 5 -7 5 -6 5 -6 5 -6 5 -6 5 -6 5 -5 5 -5 5 -5 5 -4 5 -4 5 -4 5 -4 5 -3 5 -3 5 -3 5 -3 4 -3 4 -2 4 -2 4 -2 0 0 0 0 0 0 0 0 0 0 ]
CSI_DATA,AP,10:B4:1D:CC:60:E0,-25,11,0,0,0,0,0,0,0,0,0,-92,0,6,2,6723682,0,66,0,0,6.43316,128,[0 0 0 0 0 0 0 0 0 0 0 0 14 -12 13 -12 13 -12 12 -11 12 -12 12 -11 12 -11 11 -11 11 -11 11 -11 10 -11 10 -11 10 -11 9 -11 9 -11 9 -11 8 -11 8 -11 8 -11 8 -11 8 -12 8 -11 8 -11 7 -12 7 -12 7 -12 0 0 7 -11 7 -12 7 -11 8 -11 8 -11 8 -11 8 -11 8 -10 8 -10 8 -10 8 -9 8 -9 8 -8 8 -8 8 -7 7 -7 7 -7 7 -6 7 -6 7 -5 7 -5 7 -5 7 -4 7 -4 7 -4 7 -3 0 0 0 0 0 0 0 0 0 0 ]
CSI_DATA,AP,10:B4:1D:CC:60:E0,-31,11,1,7,1,1,1,1,0,0,1,-92,0,6,2,6729184,0,68,0,0,6.46353,384,[0 0 0 0 0 0 0 0 0 0 0 0 3 10 3 10 3 10 3 10 3 9 3 9 3 9 3 9 3 9 3 8 3 8 3 8 3 8 4 7 4 8 4 7 4 7 4 7 4 7 4 7 4 7 4 7 4 6 4 7 4 6 4 6 0 0 4 7 4 7 4 7 4 6 3 7 3 7 3 7 3 7 3 7 3 6 3 6 2 6 2 6 2 6 1 6 1 6 1 6 1 5 1 5 0 5 0 5 0 5 0 5 -1 5 -1 4 -1 4 0 0 0 0 0 0 0 0 0 0 ]
CSI_DATA,AP,10:B4:1D:CC:60:E0,-31,11,1,7,1,1,1,1,0,0,1,-92,0,6,2,6819179,0,68,0,0,6.52859,384,[0 0 0 0 0 0 0 0 0 0 0 0 6 -9 6 -9 6 -9 6 -9 6 -9 6 -9 5 -8 5 -8 5 -8 5 -8 5 -8 4 -8 4 -8 4 -8 4 -8 3 -8 3 -8 3 -8 3 -8 3 -8 3 -8 3 -8 3 -8 3 -8 2 -8 3 -8 0 0 3 -8 3 -8 3 -8 3 -8 3 -8 3 -8 3 -8 3 -7 3 -7 3 -7 3 -7 3 -7 3 -6 3 -6 3 -6 3 -5 3 -5 3 -5 3 -5 3 -4 3 -4 3 -4 4 -4 3 -4 3 -3 3 -3 0 0 0 0 0 0 0 0 0 0 ]
CSI_DATA,AP,10:B4:1D:CC:60:E0,-30,11,1,7,1,1,1,1,0,0,1,-92,0,6,2,6909120,0,68,0,0,6.61853,384,[0 0 0 0 0 0 0 0 0 0 0 0 4 -11 4 -11 3 -11 3 -11 3 -10 3 -10 3 -10 3 -10 3 -10 2 -10 2 -10 2 -10 2 -9 2 -10 2 -9 1 -9 1 -9 1 -9 1 -9 0 -9 0 -9 0 -9 1 -9 0 -10 0 -9 0 -9 0 0 0 -9 0 -9 0 -9 1 -9 0 -9 1 -9 1 -9 1 -9 1 -8 1 -8 2 -8 1 -8 2 -8 2 -7 2 -7 2 -7 2 -7 2 -6 2 -6 2 -6 2 -6 3 -6 2 -5 3 -5 3 -5 3 -4 0 0 0 0 0 0 0 0 0 0 ]
CSI_DATA,AP,10:B4:1D:CC:60:E0,-30,11,1,7,1,1,1,1,0,0,1,-92,0,6,2,6999117,0,68,0,0,6.70852,384,[0 0 0 0 0 0 0 0 0 0 0 0 -12 -3 -11 -3 -12 -3 -11 -3 -11 -3 -11 -3 -10 -3 -10 -3 -10 -3 -10 -3 -10 -2 -10 -2 -10 -2 -9 -2 -10 -2 -9 -1 -9 -1 -9 -1 -9 0 -9 -1 -9 -1 -9 -1 -9 0 -9 0 -9 0 -9 0 0 0 -9 0 -9 0 -9 -1 -9 0 -9 -1 -9 -1 -9 -1 -8 -1 -9 -2 -9 -2 -8 -2 -8 -2 -8 -2 -8 -2 -7 -2 -7 -2 -7 -2 -7 -3 -6 -3 -6 -3 -6 -3 -5 -3 -5 -3 -5 -3 -5 -4 -4 -4 0 0 0 0 0 0 0 0 0 0 ]
CSI_DATA,AP,10:B4:1D:CC:60:E0,-30,11,1,7,1,1,1,1,0,0,1,-92,0,6,2,7089213,0,68,0,0,6.79862,384,[0 0 0 0 0 0 0 0 0 0 0 0 0 -12 0 -11 0 -11 0 -11 0 -11 0 -11 0 -11 0 -11 0 -10 -1 -10 -1 -10 -1 -10 -1 -10 -1 -10 -1 -9 -2 -9 -1 -9 -2 -9 -2 -9 -2 -9 -2 -9 -2 -9 -2 -9 -2 -9 -2 -9 -2 -9 0 0 -2 -9 -2 -9 -2 -9 -2 -9 -2 -9 -2 -9 -1 -9 -1 -9 -1 -8 -1 -8 -1 -8 -1 -8 0 -8 0 -8 0 -7 0 -7 1 -7 0 -7 1 -6 1 -6 1 -6 1 -6 1 -6 2 -6 2 -5 2 -5 0 0 0 0 0 0 0 0 0 0 ]
CSI_DATA,AP,10:B4:1D:CC:60:E0,-30,11,1,7,1,1,1,1,0,0,1,-92,0,6,2,7179233,0,68,0,0,6.88864,384,[0 0 0 0 0 0 0 0 0 0 0 0 -7 9 -7 9 -7 9 -6 8 -6 8 -6 8 -6 8 -6 8 -6 8 -5 8 -5 8 -5 8 -5 7 -5 7 -5 7 -4 8 -4 7 -4 8 -4 7 -4 8 -4 7 -4 8 -4 8 -3 8 -4 8 -3 7 0 0 -4 7 -4 7 -4 7 -4 7 -4 7 -4 7 -4 7 -5 7 -5 7 -5 6 -5 6 -5 5 -5 5 -5 5 -5 5 -5 4 -5 5 -5 4 -5 3 -5 3 -5 3 -5 3 -5 3 -5 3 -5 2 -5 2 0 0 0 0 0 0 0 0 0 0 ]
CSI_DATA,AP,10:B4:1D:CC:60:E0,-30,11,1,7,1,1,1,1,0,0,1,-92,0,6,2,7269208,0,68,0,0,6.97861,384,[0 0 0 0 0 0 0 0 0 0 0 0 5 10 4 9 5 9 4 9 4 9 5 9 4 8 4 8 4 8 5 8 4 8 4 8 4 7 5 7 4 7 5 7 5 6 5 7 5 6 5 6 5 6 5 6 5 6 5 6 5 6 5 6 0 0 5 6 5 6 5 6 5 6 5 6 5 6 5 6 4 6 4 6 4 6 3 6 3 6 3 6 2 6 3 6 2 5 2 6 2 5 2 5 1 5 1 5 1 5 0 5 0 5 0 5 0 5 0 0 0 0 0 0 0 0 0 0 ]
CSI_DATA,AP,10:B4:1D:CC:60:E0,-30,11,1,7,1,1,1,1,0,0,1,-92,0,6,2,7359065,0,68,0,0,7.06847,384,[0 0 0 0 0 0 0 0 0 0 0 0 -9 6 -9 7 -9 6 -9 6 -8 6 -9 6 -8 6 -8 5 -8 6 -7 6 -7 6 -7 6 -7 6 -7 6 -7 6 -6 6 -6 6 -6 6 -6 6 -6 6 -6 6 -6 6 -6 6 -5 6 -5 7 -6 6 0 0 -6 6 -6 6 -6 6 -6 6 -6 6 -6 6 -6 6 -6 5 -6 5 -6 5 -6 5 -6 5 -6 5 -6 4 -6 4 -6 4 -6 3 -6 3 -5 3 -6 3 -6 2 -5 2 -6 2 -6 2 -5 1 -5 1 0 0 0 0 0 0 0 0 0 0 ]
CSI_DATA,AP,10:B4:1D:CC:60:E0,-30,11,1,7,1,1,1,1,0,0,1,-92,0,6,2,7449231,0,68,0,0,7.15864,384,[0 0 0 0 0 0 0 0 0 0 0 0 0 11 0 11 0 11 0 10 0 10 0 10 0 10 0 10 0 9 1 9 1 9 1 9 1 9 1 9 1 9 1 8 1 8 2 8 2 8 2 8 2 8 2 8 2 8 2 8 2 8 2 8 0 0 2 8 2 8 2 8 2 8 2 8 2 8 1 8 1 8 1 8 1 8 0 7 0 7 0 7 0 7 0 6 -1 6 -1 6 -1 6 -1 6 -1 6 -1 5 -2 5 -2 5 -2 5 -2 5 -2 4 0 0 0 0 0 0 0 0 0 0 ]
CSI_DATA,AP,10:B4:1D:CC:60:E0,-30,11,1,7,1,1,1,1,0,0,1,-92,0,6,2,7539084,0,68,0,0,7.24849,384,[0 0 0 0 0 0 0 0 0 0 0 0 -11 5 -10 5 -10 5 -10 5 -10 5 -9 5 -9 4 -9 4 -9 5 -8 5 -9 5 -8 5 -8 5 -7 5 -8 5 -8 5 -7 5 -7 6 -7 5 -7 5 -7 6 -7 5 -7 6 -6 6 -6 6 -7 6 0 0 -7 6 -7 6 -6 6 -7 6 -7 6 -7 5 -6 5 -7 5 -7 4 -7 4 -7 4 -6 4 -7 4 -6 4 -6 3 -6 3 -6 3 -6 2 -6 2 -6 2 -6 2 -6 2 -6 1 -6 1 -6 1 -6 0 0 0 0 0 0 0 0 0 0 0 ]
CSI_DATA,AP,10:B4:1D:CC:60:E0,-31,11,1,7,1,1,1,1,0,0,1,-92,0,6,2,7629088,0,68,0,0,7.3385,384,[0 0 0 0 0 0 0 0 0 0 0 0 10 -5 10 -5 10 -5 9 -5 9 -5 9 -5 9 -5 9 -5 8 -5 8 -5 8 -5 8 -5 7 -5 7 -5 7 -5 7 -5 7 -5 7 -6 6 -6 6 -6 6 -6 7 -6 6 -6 6 -6 6 -6 6 -6 0 0 6 -6 6 -6 6 -6 6 -6 6 -5 6 -5 6 -5 6 -5 6 -5 6 -4 6 -4 6 -4 6 -4 6 -4 6 -3 6 -3 5 -3 5 -3 5 -2 5 -2 5 -2 5 -2 5 -2 5 -1 4 -1 4 -1 0 0 0 0 0 0 0 0 0 0 ]
CSI_DATA,AP,10:B4:1D:CC:60:E0,-31,11,1,7,1,1,1,1,0,0,1,-92,0,6,2,7719413,0,68,0,0,7.42882,384,[0 0 0 0 0 0 0 0 0 0 0 0 9 -7 9 -7 8 -7 8 -7 8 -7 8 -6 8 -6 8 -6 7 -6 7 -6 7 -6 7 -6 6 -6 6 -6 6 -7 6 -7 6 -6 5 -7 5 -7 5 -7 5 -7 5 -7 5 -7 5 -7 5 -7 5 -7 0 0 5 -7 5 -7 5 -7 5 -7 5 -7 5 -6 5 -6 5 -6 5 -5 5 -5 5 -5 5 -5 5 -5 5 -5 5 -4 5 -4 5 -4 5 -3 4 -3 5 -3 4 -3 4 -3 4 -3 4 -2 4 -2 4 -1 0 0 0 0 0 0 0 0 0 0 ]
CSI_DATA,AP,10:B4:1D:CC:60:E0,-25,11,0,0,0,0,0,0,0,0,0,-92,0,6,2,7723664,0,66,0,0,7.45493,128,[0 0 0 0 0 0 0 0 0 0 0 0 -4 17 -4 17 -4 16 -4 16 -4 16 -4 16 -3 15 -3 15 -3 15 -3 14 -2 14 -2 14 -2 14 -2 14 -1 14 -1 13 -1 13 -1 13 0 13 0 13 0 13 0 13 0 13 0 13 0 13 1 13 0 0 0 13 0 13 0 13 0 13 0 13 -1 12 -1 12 -1 12 -1 12 -1 11 -2 12 -2 11 -2 11 -2 11 -3 10 -3 10 -3 9 -3 9 -3 8 -3 8 -3 8 -4 8 -4 7 -4 7 -4 6 -5 6 0 0 0 0 0 0 0 0 0 0 ]
CSI_DATA,AP,10:B4:1D:CC:60:E0,-31,11,1,7,1,1,1,1,0,0,1,-92,0,6,2,7809279,0,68,0,0,7.5187,384,[0 0 0 0 0 0 0 0 0 0 0 0 9 -7 9 -7 9 -7 8 -7 8 -7 8 -7 8 -6 8 -7 8 -6 7 -7 7 -7 7 -7 6 -7 6 -7 6 -7 6 -7 6 -7 5 -7 5 -7 5 -7 5 -7 5 -7 5 -7 5 -7 5 -7 5 -7 0 0 5 -7 5 -7 5 -7 5 -7 5 -7 5 -7 5 -6 5 -6 5 -6 5 -6 5 -6 5 -6 5 -5 5 -5 5 -5 5 -4 5 -4 5 -4 5 -4 4 -3 4 -3 4 -3 4 -3 4 -3 4 -2 4 -2 0 0 0 0 0 0 0 0 0 0 ]
CSI_DATA,AP,10:B4:1D:CC:60:E0,-31,11,1,7,1,1,1,1,0,0,1,-92,0,6,2,7899077,0,68,0,0,7.60848,384,[0 0 0 0 0 0 0 0 0 0 0 0 5 9 5 9 5 9 5 9 5 9 5 8 5 8 5 8 5 8 5 7 5 7 5 7 5 7 5 6 5 7 5 6 5 6 5 6 6 6 6 6 5 6 5 6 6 5 6 6 6 5 6 5 0 0 6 6 5 5 5 5 6 5 5 5 5 6 5 6 4 6 4 6 4 5 4 6 4 5 3 5 3 5 3 5 3 5 3 5 2 5 2 5 2 5 2 5 1 5 1 4 1 4 1 4 0 4 0 0 0 0 0 0 0 0 0 0 ]
CSI_DATA,AP,10:B4:1D:CC:60:E0,-31,11,1,7,1,1,1,1,0,0,1,-92,0,6,2,7989214,0,68,0,0,7.69862,384,[0 0 0 0 0 0 0 0 0 0 0 0 11 -1 11 0 11 -1 10 -1 10 -1 10 -1 10 -1 9 -1 9 -1 9 -1 9 -1 9 -1 8 -2 8 -2 8 -2 8 -2 8 -2 8 -2 8 -2 8 -2 8 -2 8 -2 8 -2 8 -3 8 -3 8 -3 0 0 8 -3 8 -2 7 -2 8 -2 7 -2 8 -2 7 -2 7 -1 7 -1 7 -1 7 -1 7 -1 6 -1 6 -1 6 0 6 0 6 0 5 0 6 0 5 1 5 1 5 1 4 1 4 1 4 1 4 1 0 0 0 0 0 0 0 0 0 0 ]
CSI_DATA,AP,10:B4:1D:CC:60:E0,-31,11,1,7,1,1,1,1,0,0,1,-92,0,6,2,8078983,0,68,0,0,7.78838,384,[0 0 0 0 0 0 0 0 0 0 0 0 -11 4 -11 4 -10 4 -10 4 -10 4 -10 4 -10 4 -10 4 -9 4 -9 4 -9 4 -9 4 -9 4 -8 4 -8 4 -8 4 -8 4 -8 5 -7 5 -8 5 -7 5 -7 5 -7 5 -7 5 -7 5 -7 5 0 0 -7 5 -7 5 -7 5 -7 5 -7 5 -7 4 -7 4 -7 4 -7 3 -7 3 -7 3 -7 3 -7 3 -7 2 -7 2 -6 2 -6 2 -6 2 -6 1 -6 1 -6 1 -6 1 -6 0 -6 0 -5 0 -5 0 0 0 0 0 0 0 0 0 0 0 ]
CSI_DATA,AP,10:B4:1D:CC:60:E0,-31,11,1,7,1,1,1,1,0,0,1,-92,0,6,2,8169230,0,68,0,0,7.87864,384,[0 0 0 0 0 0 0 0 0 0 0 0 -4 -11 -4 -11 -4 -11 -4 -11 -4 -11 -4 -10 -4 -10 -4 -10 -4 -9 -4 -9 -5 -9 -5 -9 -4 -9 -5 -9 -5 -9 -5 -8 -5 -8 -5 -8 -5 -8 -5 -8 -5 -8 -5 -8 -5 -7 -6 -8 -5 -8 -6 -7 0 0 -5 -8 -5 -8 -5 -7 -5 -7 -5 -7 -5 -8 -5 -8 -4 -8 -4 -8 -4 -7 -4 -7 -4 -7 -3 -7 -3 -7 -3 -7 -3 -6 -2 -7 -2 -6 -2 -6 -2 -6 -2 -6 -1 -6 -1 -6 -1 -5 -1 -6 0 -5 0 0 0 0 0 0 0 0 0 0 ]
CSI_DATA,AP,10:B4:1D:CC:60:E0,-31,11,1,7,1,1,1,1,0,0,1,-92,0,6,2,8259078,0,68,0,0,7.96848,384,[0 0 0 0 0 0 0 0 0 0 0 0 0 -12 0 -12 0 -12 0 -11 0 -11 0 -11 0 -11 0 -10 0 -10 0 -10 -1 -10 -1 -10 -1 -10 -1 -10 -1 -10 -1 -9 -1 -9 -1 -9 -2 -9 -2 -9 -2 -9 -2 -9 -2 -9 -2 -9 -2 -9 -2 -9 0 0 -2 -9 -2 -9 -2 -9 -2 -9 -1 -9 -1 -9 -1 -9 -1 -9 -1 -8 0 -8 -1 -8 0 -8 0 -8 0 -7 0 -7 0 -7 1 -7 1 -6 1 -6 1 -6 1 -6 1 -6 1 -6 2 -5 2 -5 2 -5 0 0 0 0 0 0 0 0 0 0 ]
CSI_DATA,AP,10:B4:1D:CC:60:E0,-31,11,1,7,1,1,1,1,0,0,1,-92,0,6,2,8349132,0,68,0,0,8.05854,384,[0 0 0 0 0 0 0 0 0 0 0 0 7 -9 7 -9 7 -9 6 -8 6 -8 6 -8 6 -8 6 -8 6 -8 5 -8 5 -8 5 -8 5 -8 4 -8 4 -8 4 -8 4 -8 4 -8 3 -8 3 -8 3 -8 3 -8 3 -8 3 -8 3 -8 3 -8 0 0 3 -8 3 -8 3 -8 3 -8 3 -8 3 -8 3 -7 3 -7 4 -7 4 -7 4 -7 4 -6 4 -6 4 -6 4 -5 4 -5 4 -5 3 -5 4 -4 3 -4 4 -4 3 -4 4 -4 4 -4 3 -3 4 -3 0 0 0 0 0 0 0 0 0 0 ]
CSI_DATA,AP,10:B4:1D:CC:60:E0,-31,11,1,7,1,1,1,1,0,0,1,-92,0,6,2,8439149,0,68,0,0,8.14855,384,[0 0 0 0 0 0 0 0 0 0 0 0 9 6 8 6 8 6 8 5 8 5 8 5 8 5 8 5 8 5 8 5 8 4 8 4 7 4 7 4 7 3 7 3 7 3 7 3 7 3 7 3 7 3 7 3 8 2 7 2 7 2 7 2 0 0 7 2 7 2 7 2 7 3 7 3 7 3 7 3 6 3 6 3 6 3 6 3 6 3 5 3 5 3 5 3 5 3 4 3 4 3 4 3 4 3 3 3 3 3 3 3 3 3 2 3 2 3 0 0 0 0 0 0 0 0 0 0 ]
CSI_DATA,AP,10:B4:1D:CC:60:E0,-31,11,1,7,1,1,1,1,0,0,1,-92,0,6,2,8529868,0,68,0,0,8.23927,384,[0 0 0 0 0 0 0 0 0 0 0 0 4 10 4 10 4 10 4 9 4 9 4 9 4 9 4 9 4 8 4 8 4 8 4 8 4 8 4 7 4 7 5 7 4 7 5 7 5 6 5 7 5 6 5 6 5 6 5 6 5 6 5 6 0 0 5 6 5 6 5 6 5 6 5 6 4 6 4 6 4 6 4 6 4 6 4 6 3 6 3 6 2 6 3 6 2 5 2 6 2 5 2 5 1 5 1 5 1 5 1 5 0 4 0 4 0 4 0 0 0 0 0 0 0 0 0 0 ]
CSI_DATA,AP,10:B4:1D:CC:60:E0,-31,11,1,7,1,1,1,1,0,0,1,-92,0,6,2,8619159,0,68,0,0,8.32857,384,[0 0 0 0 0 0 0 0 0 0 0 0 -4 -11 -3 -11 -3 -11 -3 -11 -4 -11 -4 -10 -3 -10 -3 -10 -3 -10 -4 -10 -4 -9 -4 -9 -4 -9 -4 -9 -4 -9 -4 -9 -4 -8 -4 -8 -4 -8 -4 -9 -4 -8 -4 -8 -5 -8 -5 -8 -5 -8 -5 -8 0 0 -4 -8 -4 -8 -4 -8 -4 -8 -4 -8 -4 -8 -3 -8 -3 -8 -3 -8 -3 -8 -3 -8 -3 -8 -2 -8 -2 -7 -2 -7 -2 -7 -1 -7 -1 -6 -1 -6 -1 -6 -1 -6 0 -6 0 -6 0 -6 0 -5 0 -5 0 0 0 0 0 0 0 0 0 0 ]
CSI_DATA,AP,10:B4:1D:CC:60:E0,-31,11,1,7,1,1,1,1,0,0,1,-92,0,6,2,8709194,0,68,0,0,8.4186,384,[0 0 0 0 0 0 0 0 0 0 0 0 10 -3 10 -3 10 -3 10 -3 9 -3 9 -3 9 -3 9 -3 9 -3 8 -3 8 -3 8 -3 8 -3 8 -4 8 -4 8 -4 7 -4 7 -4 7 -4 7 -4 7 -4 7 -4 7 -4 7 -4 7 -5 7 -5 0 0 7 -5 7 -4 6 -5 7 -4 6 -4 7 -4 7 -4 7 -4 7 -3 7 -3 7 -3 6 -3 6 -2 6 -2 6 -2 6 -2 6 -2 5 -2 5 -1 5 -1 5 -1 5 -1 5 -1 4 0 4 0 4 0 0 0 0 0 0 0 0 0 0 0 ]
CSI_DATA,AP,10:B4:1D:CC:60:E0,-31,11,1,7,1,1,1,1,0,0,1,-92,0,6,2,8799163,0,68,0,0,8.50856,384,[0 0 0 0 0 0 0 0 0 0 0 0 -12 1 -12 1 -11 2 -11 1 -11 1 -11 1 -11 1 -10 1 -10 1 -10 2 -10 2 -9 2 -9 2 -9 2 -9 2 -9 2 -9 2 -9 2 -8 3 -9 3 -9 3 -8 3 -8 3 -8 3 -8 3 -8 3 0 0 -9 3 -8 3 -8 3 -9 3 -8 2 -8 2 -8 2 -8 2 -8 1 -8 1 -8 1 -8 1 -7 1 -7 1 -7 0 -7 0 -7 0 -7 0 -6 0 -6 -1 -6 -1 -6 -1 -6 -1 -6 -1 -5 -1 -5 -2 0 0 0 0 0 0 0 0 0 0 ]
CSI_DATA,AP,10:B4:1D:CC:60:E0,-31,11,1,7,1,1,1,1,0,0,1,-92,0,6,2,8889332,0,68,0,0,8.59874,384,[0 0 0 0 0 0 0 0 0 0 0 0 10 4 10 3 10 4 9 3 10 3 9 3 9 3 9 3 9 3 9 2 9 2 9 2 9 2 8 2 8 2 8 1 8 1 8 1 8 1 8 0 8 1 8 0 8 0 8 0 8 0 8 0 0 0 8 0 8 0 8 0 8 0 8 0 7 0 8 1 7 1 7 1 7 1 7 1 6 1 6 1 6 2 6 2 6 2 5 2 5 2 5 2 5 2 5 2 4 2 4 2 4 2 4 2 3 3 0 0 0 0 0 0 0 0 0 0 ]
CSI_DATA,AP,10:B4:1D:CC:60:E0,-31,11,1,7,1,1,1,1,0,0,1,-92,0,6,2,8979946,0,68,0,0,8.68935,384,[0 0 0 0 0 0 0 0 0 0 0 0 -6 -11 -6 -10 -6 -10 -5 -10 -6 -10 -6 -9 -5 -9 -5 -9 -5 -9 -5 -9 -6 -9 -6 -8 -6 -8 -6 -8 -6 -8 -6 -8 -6 -7 -6 -7 -6 -7 -6 -7 -6 -7 -6 -7 -6 -7 -6 -7 -6 -7 -6 -6 0 0 -6 -7 -6 -7 -6 -7 -6 -7 -6 -7 -6 -7 -5 -7 -5 -7 -5 -7 -5 -7 -5 -7 -4 -7 -4 -7 -4 -6 -4 -6 -3 -6 -3 -6 -3 -6 -3 -6 -3 -6 -2 -6 -2 -6 -2 -6 -1 -5 -1 -5 -1 -5 0 0 0 0 0 0 0 0 0 0 ]
CSI_DATA,AP,10:B4:1D:CC:60:E0,-31,11,1,7,1,1,1,1,0,0,1,-92,0,6,2,9069186,0,68,0,0,8.77859,384,[0 0 0 0 0 0 0 0 0 0 0 0 -9 7 -9 7 -8 7 -8 7 -8 7 -8 6 -8 6 -8 6 -8 6 -7 6 -7 6 -7 6 -6 6 -6 6 -6 6 -6 6 -6 6 -6 6 -5 6 -5 6 -5 6 -5 6 -5 6 -5 7 -5 6 -5 6 0 0 -5 6 -5 6 -5 6 -5 6 -5 6 -5 6 -5 5 -5 5 -6 5 -6 5 -5 5 -5 5 -6 4 -5 4 -6 4 -5 3 -5 3 -5 3 -5 3 -5 2 -5 2 -5 2 -5 2 -5 2 -5 1 -5 1 0 0 0 0 0 0 0 0 0 0 ]
CSI_DATA,AP,10:B4:1D:CC:60:E0,-31,11,1,7,1,1,1,1,0,0,1,-92,0,6,2,9159217,0,68,0,0,8.86862,384,[0 0 0 0 0 0 0 0 0 0 0 0 -12 -3 -12 -3 -11 -3 -11 -3 -10 -3 -11 -2 -11 -2 -10 -2 -10 -2 -10 -2 -10 -1 -10 -1 -10 -1 -10 -1 -10 -1 -9 -1 -10 -1 -9 0 -9 0 -9 0 -9 0 -9 0 -9 0 -9 0 -9 0 -9 0 0 0 -9 0 -9 0 -9 0 -9 0 -9 0 -9 0 -8 -1 -8 -1 -8 -1 -8 -1 -8 -1 -8 -1 -7 -1 -7 -1 -7 -2 -7 -2 -6 -2 -6 -2 -6 -2 -6 -2 -6 -2 -5 -2 -5 -2 -5 -2 -5 -3 -5 -3 0 0 0 0 0 0 0 0 0 0 ]
CSI_DATA,AP,10:B4:1D:CC:60:E0,-31,11,1,7,1,1,1,1,0,0,1,-92,0,6,2,9249153,0,68,0,0,8.95856,384,[0 0 0 0 0 0 0 0 0 0 0 0 -4 -11 -4 -11 -4 -11 -4 -10 -4 -10 -4 -10 -4 -10 -4 -10 -4 -9 -5 -9 -5 -9 -5 -9 -5 -9 -5 -8 -5 -8 -5 -8 -5 -8 -5 -8 -5 -8 -5 -8 -5 -8 -5 -8 -5 -7 -5 -7 -6 -7 -5 -7 0 0 -5 -7 -5 -7 -5 -7 -5 -7 -5 -7 -5 -7 -4 -7 -4 -8 -4 -7 -4 -7 -4 -7 -3 -7 -3 -7 -3 -7 -3 -7 -3 -6 -2 -7 -2 -6 -2 -6 -2 -6 -2 -6 -1 -6 -1 -6 -1 -5 -1 -5 -1 -5 0 0 0 0 0 0 0 0 0 0 ]
CSI_DATA,AP,10:B4:1D:CC:60:E0,-31,11,1,7,1,1,1,1,0,0,1,-92,0,6,2,9339188,0,68,0,0,9.0486,384,[0 0 0 0 0 0 0 0 0 0 0 0 -10 5 -10 5 -10 5 -9 5 -9 5 -10 5 -9 5 -9 5 -9 5 -8 5 -8 5 -8 5 -8 5 -8 5 -7 5 -7 5 -7 5 -7 5 -7 6 -7 6 -6 6 -7 6 -7 6 -6 6 -6 6 -6 6 0 0 -6 6 -6 5 -6 6 -7 5 -6 5 -7 5 -7 5 -7 5 -7 4 -7 4 -7 4 -6 4 -7 3 -6 3 -6 3 -6 3 -6 3 -6 2 -6 2 -6 2 -6 1 -6 1 -6 1 -5 1 -5 1 -5 0 0 0 0 0 0 0 0 0 0 0 ]
CSI_DATA,AP,10:B4:1D:CC:60:E0,-31,11,1,7,1,1,1,1,0,0,1,-92,0,6,2,9429249,0,68,0,0,9.13865,384,[0 0 0 0 0 0 0 0 0 0 0 0 11 0 10 0 11 0 10 0 10 0 10 0 10 0 9 0 9 0 9 -1 9 -1 9 -1 9 -1 8 -1 8 -1 8 -2 8 -2 8 -2 8 -2 8 -2 8 -2 8 -2 8 -2 8 -2 8 -2 8 -2 0 0 8 -2 8 -2 7 -2 8 -2 8 -2 7 -2 7 -1 7 -1 7 -1 7 -1 7 -1 7 -1 6 0 6 0 6 0 6 0 6 0 5 0 5 1 5 1 5 1 5 1 4 1 4 1 4 1 4 1 0 0 0 0 0 0 0 0 0 0 ]
CSI_DATA,AP,10:B4:1D:CC:60:E0,-31,11,1,7,1,1,1,1,0,0,1,-92,0,6,2,9518964,0,68,0,0,9.22839,384,[0 0 0 0 0 0 0 0 0 0 0 0 4 10 4 10 4 10 4 9 4 9 4 9 4 9 4 8 4 8 4 8 4 8 4 7 4 7 4 7 4 7 5 7 4 6 5 7 5 6 5 6 5 6 5 6 5 6 5 6 5 6 5 6 0 0 5 6 5 6 5 6 5 6 5 6 4 6 4 6 4 6 4 6 4 6 3 6 3 6 3 6 3 5 2 6 2 5 2 5 2 5 2 5 1 5 1 5 1 5 1 5 0 4 0 4 0 4 0 0 0 0 0 0 0 0 0 0 ]
CSI_DATA,AP,10:B4:1D:CC:60:E0,-31,11,1,7,1,1,1,1,0,0,1,-92,0,6,2,9609125,0,68,0,0,9.31853,384,[0 0 0 0 0 0 0 0 0 0 0 0 -8 -8 -8 -8 -8 -8 -8 -8 -8 -8 -8 -8 -8 -7 -8 -7 -8 -7 -8 -7 -8 -6 -8 -6 -8 -6 -8 -6 -8 -6 -8 -6 -8 -5 -8 -5 -8 -5 -8 -5 -8 -5 -8 -5 -8 -5 -8 -5 -8 -5 -8 -4 0 0 -8 -5 -8 -5 -8 -5 -8 -5 -7 -5 -7 -5 -7 -5 -7 -5 -7 -5 -6 -5 -6 -5 -6 -5 -6 -5 -6 -5 -5 -5 -5 -5 -5 -5 -5 -5 -4 -5 -4 -5 -4 -5 -4 -5 -3 -5 -3 -5 -3 -5 -3 -5 0 0 0 0 0 0 0 0 0 0 ]
CSI_DATA,AP,10:B4:1D:CC:60:E0,-31,11,1,7,1,1,1,1,0,0,1,-92,0,6,2,9699162,0,68,0,0,9.40856,384,[0 0 0 0 0 0 0 0 0 0 0 0 -10 -8 -9 -7 -9 -7 -9 -7 -9 -7 -9 -7 -9 -7 -9 -6 -9 -6 -8 -6 -9 -6 -8 -5 -8 -5 -8 -5 -8 -5 -8 -5 -8 -5 -8 -4 -8 -4 -8 -4 -8 -4 -8 -4 -8 -4 -8 -4 -8 -4 -8 -4 0 0 -8 -4 -8 -4 -8 -4 -8 -4 -8 -4 -8 -4 -8 -4 -7 -4 -7 -5 -7 -5 -7 -4 -6 -4 -6 -5 -6 -5 -6 -5 -6 -5 -5 -4 -5 -5 -5 -5 -4 -4 -4 -5 -4 -5 -4 -5 -3 -5 -3 -5 -3 -5 0 0 0 0 0 0 0 0 0 0 ]
CSI_DATA,AP,10:B4:1D:CC:60:E0,-31,11,1,7,1,1,1,1,0,0,1,-92,0,6,2,9789244,0,68,0,0,9.49865,384,[0 0 0 0 0 0 0 0 0 0 0 0 -4 10 -4 10 -4 10 -4 10 -4 9 -4 9 -4 9 -4 9 -4 9 -3 9 -3 9 -3 8 -3 9 -2 9 -2 8 -2 8 -2 8 -2 8 -2 8 -2 8 -2 8 -2 8 -1 8 -1 8 -1 8 -1 8 0 0 -1 8 -1 8 -1 8 -1 8 -2 8 -2 8 -2 8 -2 7 -2 7 -3 7 -2 7 -3 6 -3 6 -3 6 -3 6 -3 5 -3 5 -3 5 -3 5 -3 4 -3 4 -3 4 -4 4 -4 4 -4 3 -4 3 0 0 0 0 0 0 0 0 0 0 ]
CSI_DATA,AP,10:B4:1D:CC:60:E0,-31,11,1,7,1,1,1,1,0,0,1,-92,0,6,2,9879061,0,68,0,0,9.58847,384,[0 0 0 0 0 0 0 0 0 0 0 0 5 10 4 9 5 9 4 9 4 9 4 9 4 9 4 8 4 8 4 8 4 8 5 7 5 7 5 7 5 7 5 7 5 6 5 6 5 6 5 6 5 6 5 6 5 6 5 6 5 6 5 5 0 0 5 6 5 6 5 6 5 6 5 6 4 6 4 6 4 6 4 6 4 6 4 5 3 6 3 6 3 5 2 5 2 5 2 5 2 5 2 5 1 5 1 5 1 4 1 5 0 4 1 4 0 4 0 0 0 0 0 0 0 0 0 0 ]
CSI_DATA,AP,10:B4:1D:CC:60:E0,-31,11,1,7,1,1,1,1,0,0,1,-92,0,6,2,9969328,0,68,0,0,9.67873,384,[0 0 0 0 0 0 0 0 0 0 0 0 11 -1 11 -1 10 -1 10 -1 10 -1 10 -1 10 -1 9 -1 9 -1 9 -1 9 -1 9 -2 9 -1 8 -2 8 -2 8 -2 8 -2 8 -2 8 -2 8 -2 8 -2 8 -2 8 -2 8 -3 8 -3 8 -3 0 0 8 -2 8 -2 8 -2 8 -2 8 -2 8 -2 8 -1 7 -1 7 -1 7 -1 7 -1 7 -1 7 0 6 0 6 0 6 0 6 0 6 0 5 1 5 1 5 1 4 1 4 1 4 1 4 2 4 2 0 0 0 0 0 0 0 0 0 0 ]
CSI_DATA,AP,10:B4:1D:CC:60:E0,-31,11,1,7,1,1,1,1,0,0,1,-92,0,6,2,10059273,0,68,0,0,9.76868,384,[0 0 0 0 0 0 0 0 0 0 0 0 0 11 0 11 0 10 0 10 0 10 0 10 0 10 0 10 0 9 1 9 1 9 1 9 1 9 1 9 1 9 1 8 1 8 1 8 2 8 2 8 2 8 2 8 2 7 2 8 2 8 2 8 0 0 2 8 2 8 2 8 2 8 2 8 1 8 1 8 1 7 1 7 1 7 1 7 0 7 0 7 0 6 0 6 0 6 -1 6 -1 5 -1 5 -1 5 -1 5 -2 5 -2 5 -2 4 -2 4 -2 4 0 0 0 0 0 0 0 0 0 0 ]
CSI_DATA,AP,10:B4:1D:CC:60:E0,-31,11,1,7,1,1,1,1,0,0,1,-92,0,6,2,10149280,0,68,0,0,9.85869,384,[0 0 0 0 0 0 0 0 0 0 0 0 -1 11 -1 11 -1 10 -1 10 -1 10 -1 10 -1 9 -1 9 -1 9 -1 9 0 9 0 8 0 9 0 8 0 8 0 8 0 8 0 8 1 8 0 8 1 8 1 8 1 8 1 8 1 8 1 8 0 0 1 8 1 8 1 8 1 8 0 8 0 8 0 8 0 8 0 7 0 7 0 7 -1 7 -1 7 -1 6 -1 6 -2 6 -2 6 -2 5 -2 5 -2 5 -2 5 -2 4 -2 5 -2 4 -2 4 -3 3 0 0 0 0 0 0 0 0 0 0 ]
CSI_DATA,AP,10:B4:1D:CC:60:E0,-31,11,1,7,1,1,1,1,0,0,1,-92,0,6,2,10239143,0,68,0,0,9.94862,384,[0 0 0 0 0 0 0 0 0 0 0 0 11 0 11 0 10 0 10 0 10 0 10 0 10 0 9 0 9 0 9 -1 9 -1 9 -1 9 -1 9 -1 8 -1 8 -1 8 -1 8 -2 8 -2 8 -2 8 -2 8 -2 8 -2 8 -2 8 -2 8 -2 0 0 8 -2 8 -2 8 -2 8 -2 7 -2 7 -1 7 -1 7 -1 7 -1 7 -1 7 -1 7 -1 6 0 6 0 6 0 6 0 6 0 5 0 5 1 5 1 5 1 5 1 4 1 4 1 4 1 4 2 0 0 0 0 0 0 0 0 0 0 ]
CSI_DATA,AP,10:B4:1D:CC:60:E0,-31,11,1,7,1,1,1,1,0,0,1,-92,0,6,2,10329038,0,68,0,0,10.0384,384,[0 0 0 0 0 0 0 0 0 0 0 0 -12 -1 -12 -1 -11 -1 -11 -1 -11 -1 -11 0 -11 -1 -11 -1 -10 -1 -10 0 -10 0 -10 0 -10 0 -9 0 -10 0 -9 1 -9 1 -9 1 -9 1 -9 1 -9 1 -9 1 -9 1 -9 1 -9 1 -9 1 0 0 -9 1 -9 1 -9 1 -9 1 -9 1 -9 1 -9 1 -8 0 -8 0 -8 0 -8 0 -8 0 -8 -1 -7 -1 -7 -1 -7 -1 -7 -1 -7 -1 -6 -2 -6 -2 -6 -2 -5 -2 -5 -2 -5 -2 -5 -3 -5 -3 0 0 0 0 0 0 0 0 0 0 ]
CSI_DATA,AP,10:B4:1D:CC:60:E0,-31,11,1,7,1,1,1,1,0,0,1,-92,0,6,2,10419165,0,68,0,0,10.1286,384,[0 0 0 0 0 0 0 0 0 0 0 0 9 -7 8 -7 8 -7 8 -7 8 -7 8 -7 8 -6 7 -7 7 -6 7 -6 7 -7 7 -7 6 -7 6 -7 6 -7 6 -7 6 -7 5 -7 5 -7 5 -7 5 -7 5 -7 5 -7 5 -7 5 -7 5 -7 0 0 5 -7 5 -7 5 -7 5 -7 5 -6 5 -6 5 -6 5 -6 5 -5 5 -5 5 -5 5 -5 5 -5 5 -4 5 -4 5 -4 5 -4 5 -3 5 -3 5 -3 5 -2 4 -2 4 -2 4 -2 4 -2 4 -1 0 0 0 0 0 0 0 0 0 0 ]
CSI_DATA,AP,10:B4:1D:CC:60:E0,-31,11,1,7,1,1,1,1,0,0,1,-92,0,6,2,10509143,0,68,0,0,10.2186,384,[0 0 0 0 0 0 0 0 0 0 0 0 10 -5 10 -5 9 -5 9 -5 9 -5 9 -5 9 -5 8 -5 8 -5 8 -5 8 -5 8 -5 7 -5 7 -5 7 -5 7 -6 7 -6 6 -6 6 -6 6 -6 6 -6 6 -6 6 -6 6 -6 6 -6 6 -6 0 0 6 -6 6 -6 6 -6 6 -6 6 -6 6 -5 6 -5 6 -5 6 -5 6 -4 6 -4 6 -4 6 -4 5 -4 5 -3 5 -3 5 -3 5 -3 5 -2 5 -2 5 -2 5 -2 4 -2 4 -2 4 -1 4 -1 0 0 0 0 0 0 0 0 0 0 ]
CSI_DATA,AP,10:B4:1D:CC:60:E0,-31,11,1,7,1,1,1,1,0,0,1,-92,0,6,2,10599107,0,68,0,0,10.3085,384,[0 0 0 0 0 0 0 0 0 0 0 0 10 4 10 4 10 4 9 3 9 3 9 3 9 3 9 3 9 3 8 2 8 2 8 2 8 2 8 2 8 2 8 1 8 1 8 1 8 1 8 1 8 1 8 1 8 0 8 0 8 0 8 0 0 0 8 1 7 1 8 1 8 1 8 1 7 1 7 1 7 1 7 1 7 2 7 1 6 2 6 2 6 2 6 2 5 2 5 2 5 2 5 2 4 2 4 2 4 2 3 2 3 2 3 2 3 3 0 0 0 0 0 0 0 0 0 0 ]
CSI_DATA,AP,10:B4:1D:CC:60:E0,-31,11,1,7,1,1,1,1,0,0,1,-92,0,6,2,10689261,0,68,0,0,10.3987,384,[0 0 0 0 0 0 0 0 0 0 0 0 -9 7 -9 7 -9 7 -9 7 -8 6 -8 6 -8 6 -8 6 -8 6 -7 6 -8 6 -7 6 -7 6 -6 6 -6 6 -6 6 -6 6 -6 6 -6 7 -6 7 -6 6 -6 6 -5 6 -5 7 -5 7 -5 6 0 0 -6 6 -5 6 -5 6 -6 6 -5 6 -6 6 -6 6 -6 5 -6 5 -6 5 -6 5 -5 5 -6 4 -6 4 -6 4 -5 3 -5 3 -5 3 -5 3 -5 2 -5 2 -5 2 -5 2 -5 2 -5 1 -5 1 0 0 0 0 0 0 0 0 0 0 ]
CSI_DATA,AP,10:B4:1D:CC:60:E0,-31,11,1,7,1,1,1,1,0,0,1,-92,0,6,2,10779308,0,68,0,0,10.4887,384,[0 0 0 0 0 0 0 0 0 0 0 0 10 2 10 2 10 2 9 2 9 2 9 2 9 2 9 2 9 1 8 1 9 1 8 1 8 1 8 1 8 1 8 0 8 0 8 0 8 0 8 0 8 0 8 0 8 0 8 0 8 0 8 0 0 0 8 0 8 0 7 0 8 0 7 0 7 0 7 0 7 0 7 1 7 1 7 1 6 1 6 1 6 1 6 1 5 2 5 2 5 1 5 2 5 2 4 2 4 2 4 2 3 2 3 2 3 2 0 0 0 0 0 0 0 0 0 0 ]
CSI_DATA,AP,10:B4:1D:CC:60:E0,-31,11,1,7,1,1,1,1,0,0,1,-92,0,6,2,10869252,0,68,0,0,10.5787,384,[0 0 0 0 0 0 0 0 0 0 0 0 5 9 5 9 5 9 4 8 5 9 5 8 5 8 5 8 5 7 5 7 5 7 5 7 5 6 5 6 5 6 6 6 5 6 5 6 5 5 5 6 5 5 5 5 6 5 6 5 6 5 6 5 0 0 6 5 6 5 5 5 6 5 5 5 5 6 5 5 5 5 5 5 4 5 4 5 4 5 3 5 3 5 3 5 3 4 3 5 3 4 2 4 2 4 2 4 1 4 1 4 1 4 1 4 0 4 0 0 0 0 0 0 0 0 0 0 ]
CSI_DATA,AP,10:B4:1D:CC:60:E0,-31,11,1,7,1,1,1,1,0,0,1,-92,0,6,2,10959138,0,68,0,0,10.6685,384,[0 0 0 0 0 0 0 0 0 0 0 0 -7 -10 -6 -10 -7 -9 -7 -9 -6 -9 -7 -9 -6 -9 -6 -9 -6 -8 -6 -8 -6 -8 -6 -7 -7 -7 -6 -7 -6 -7 -6 -7 -7 -7 -7 -6 -7 -6 -7 -6 -7 -6 -7 -6 -7 -6 -7 -6 -7 -6 -7 -6 0 0 -7 -6 -7 -6 -7 -6 -7 -6 -6 -6 -6 -6 -6 -6 -6 -6 -6 -6 -6 -6 -5 -6 -5 -6 -5 -6 -5 -6 -4 -6 -4 -6 -4 -6 -4 -5 -3 -5 -3 -6 -3 -6 -2 -5 -3 -5 -2 -5 -2 -5 -2 -5 0 0 0 0 0 0 0 0 0 0 ]
CSI_DATA,AP,10:B4:1D:CC:60:E0,-31,11,1,7,1,1,1,1,0,0,1,-92,0,6,2,11048987,0,68,0,0,10.7584,384,[0 0 0 0 0 0 0 0 0 0 0 0 3 10 3 10 2 10 2 10 2 9 3 9 2 9 3 9 3 9 3 8 3 8 3 8 3 8 3 8 3 8 3 7 3 7 3 7 4 7 3 7 4 7 4 7 4 7 4 7 4 6 4 7 0 0 4 7 3 7 4 7 3 6 3 7 3 7 3 7 3 7 2 7 2 6 2 6 2 6 2 6 1 6 1 6 1 6 1 6 1 5 0 5 0 5 0 5 0 5 0 4 -1 4 -1 4 -1 4 0 0 0 0 0 0 0 0 0 0 ]
CSI_DATA,AP,10:B4:1D:CC:60:E0,-31,11,1,7,1,1,1,1,0,0,1,-92,0,6,2,11139538,0,68,0,0,10.849,384,[0 0 0 0 0 0 0 0 0 0 0 0 -9 -8 -9 -8 -9 -8 -9 -7 -9 -7 -9 -7 -8 -7 -8 -7 -8 -6 -8 -6 -8 -6 -8 -6 -8 -6 -8 -6 -8 -5 -8 -5 -8 -5 -8 -5 -8 -5 -8 -5 -8 -4 -8 -4 -8 -4 -8 -4 -8 -4 -8 -4 0 0 -8 -4 -8 -4 -8 -4 -8 -4 -8 -4 -8 -5 -8 -5 -7 -5 -7 -5 -7 -5 -7 -5 -6 -5 -6 -5 -6 -5 -6 -5 -5 -5 -5 -5 -5 -5 -5 -5 -4 -5 -4 -5 -4 -5 -4 -5 -3 -5 -3 -5 -3 -5 0 0 0 0 0 0 0 0 0 0 ]
CSI_DATA,AP,10:B4:1D:CC:60:E0,-30,11,1,7,1,1,1,1,0,0,1,-92,0,6,2,11229187,0,68,0,0,10.9386,384,[0 0 0 0 0 0 0 0 0 0 0 0 11 1 10 1 10 1 10 1 10 1 10 1 9 1 9 1 9 0 9 0 9 0 9 0 9 0 9 0 8 -1 8 -1 8 -1 8 -1 8 -1 8 -1 8 -1 8 -1 8 -2 8 -2 8 -2 8 -2 0 0 8 -2 8 -1 8 -2 8 -2 8 -2 8 -1 8 -1 8 -1 7 -1 8 -1 7 0 7 0 6 0 6 0 7 0 6 0 6 0 6 1 6 1 5 1 5 1 5 1 5 1 5 1 4 2 4 2 0 0 0 0 0 0 0 0 0 0 ]
CSI_DATA,AP,10:B4:1D:CC:60:E0,-30,11,1,7,1,1,1,1,0,0,1,-92,0,6,2,11319053,0,68,0,0,11.0285,384,[0 0 0 0 0 0 0 0 0 0 0 0 -12 2 -11 2 -11 3 -11 3 -11 3 -11 2 -11 2 -10 3 -10 3 -10 3 -10 3 -9 3 -9 3 -9 3 -9 3 -9 3 -9 3 -9 4 -8 4 -8 4 -8 4 -8 4 -9 4 -8 4 -8 4 -8 4 0 0 -8 4 -8 4 -8 4 -8 4 -8 3 -8 3 -8 3 -8 3 -8 2 -8 3 -8 2 -8 2 -8 2 -7 1 -8 1 -7 1 -7 1 -7 1 -7 0 -7 0 -6 0 -6 0 -6 0 -6 -1 -6 -1 -6 -1 0 0 0 0 0 0 0 0 0 0 ]
CSI_DATA,AP,10:B4:1D:CC:60:E0,-30,11,1,7,1,1,1,1,0,0,1,-92,0,6,2,11409143,0,68,0,0,11.1186,384,[0 0 0 0 0 0 0 0 0 0 0 0 10 -6 10 -5 9 -5 9 -5 9 -6 9 -5 8 -5 8 -5 8 -5 8 -6 8 -6 8 -6 7 -6 7 -6 7 -6 7 -6 7 -6 6 -6 6 -6 6 -6 6 -6 6 -6 6 -7 6 -7 6 -7 6 -7 0 0 6 -7 5 -6 6 -7 6 -6 6 -6 6 -6 6 -6 6 -6 6 -6 6 -5 5 -5 5 -5 6 -5 5 -5 5 -4 5 -4 5 -4 5 -3 5 -3 5 -3 5 -3 5 -2 5 -2 5 -2 5 -2 5 -1 0 0 0 0 0 0 0 0 0 0 ]
CSI_DATA,AP,10:B4:1D:CC:60:E0,-30,11,1,7,1,1,1,1,0,0,1,-92,0,6,2,11499187,0,68,0,0,11.2086,384,[0 0 0 0 0 0 0 0 0 0 0 0 -9 -8 -9 -8 -9 -8 -9 -8 -9 -7 -8 -8 -8 -7 -8 -7 -8 -7 -8 -7 -8 -7 -8 -6 -8 -6 -8 -6 -8 -6 -8 -5 -8 -5 -8 -5 -8 -5 -8 -5 -8 -5 -8 -5 -8 -5 -8 -5 -8 -5 -8 -4 0 0 -8 -5 -8 -5 -8 -5 -8 -5 -8 -5 -8 -5 -7 -5 -7 -5 -7 -5 -7 -5 -6 -5 -6 -6 -6 -6 -6 -6 -6 -5 -5 -6 -5 -6 -5 -5 -5 -5 -4 -5 -4 -5 -4 -5 -3 -6 -3 -5 -3 -5 -2 -5 0 0 0 0 0 0 0 0 0 0 ]
CSI_DATA,AP,10:B4:1D:CC:60:E0,-30,11,1,7,1,1,1,1,0,0,1,-92,0,6,2,11589203,0,68,0,0,11.2986,384,[0 0 0 0 0 0 0 0 0 0 0 0 -10 6 -9 6 -9 6 -9 6 -9 6 -9 6 -8 6 -8 6 -8 6 -7 6 -8 6 -7 6 -7 6 -7 6 -7 6 -6 6 -7 6 -6 6 -6 6 -6 6 -6 6 -6 6 -6 7 -5 7 -5 7 -5 7 0 0 -6 7 -5 6 -5 6 -6 6 -6 6 -6 6 -6 6 -6 6 -6 5 -6 5 -6 5 -6 5 -6 5 -6 5 -6 4 -6 4 -6 4 -6 3 -6 3 -6 3 -6 3 -6 3 -5 2 -6 2 -5 2 -6 1 0 0 0 0 0 0 0 0 0 0 ]
CSI_DATA,AP,10:B4:1D:CC:60:E0,-30,11,1,7,1,1,1,1,0,0,1,-92,0,6,2,11679146,0,68,0,0,11.3886,384,[0 0 0 0 0 0 0 0 0 0 0 0 -12 -2 -12 -2 -12 -2 -11 -1 -11 -1 -11 -1 -11 -1 -10 -1 -11 -1 -10 -1 -10 -1 -10 -1 -10 0 -9 0 -9 0 -10 0 -9 0 -9 1 -9 0 -9 1 -9 1 -9 1 -9 1 -9 1 -9 1 -9 1 0 0 -9 1 -9 1 -9 1 -9 1 -9 1 -9 0 -9 0 -9 0 -9 0 -8 -1 -8 0 -8 -1 -8 -1 -8 -1 -8 -1 -8 -1 -7 -1 -7 -1 -7 -2 -6 -2 -6 -2 -6 -2 -6 -2 -6 -2 -5 -3 -5 -3 0 0 0 0 0 0 0 0 0 0 ]
CSI_DATA,AP,10:B4:1D:CC:60:E0,-30,11,1,7,1,1,1,1,0,0,1,-92,0,6,2,11769156,0,68,0,0,11.4786,384,[0 0 0 0 0 0 0 0 0 0 0 0 -3 11 -3 11 -3 10 -3 10 -3 10 -3 10 -3 9 -2 9 -3 9 -2 9 -2 9 -2 9 -2 9 -1 9 -1 9 -1 8 -1 8 -1 8 0 9 -1 8 0 8 0 8 0 8 0 8 0 8 0 8 0 0 0 8 0 8 0 8 0 8 0 8 -1 8 -1 8 -1 8 -1 8 -1 7 -1 7 -1 7 -2 7 -2 7 -2 6 -2 6 -2 6 -2 6 -3 5 -3 5 -3 5 -3 5 -3 5 -3 4 -3 4 -4 4 0 0 0 0 0 0 0 0 0 0 ]
CSI_DATA,AP,10:B4:1D:CC:60:E0,-30,11,1,7,1,1,1,1,0,0,1,-92,0,6,2,11859240,0,68,0,0,11.5686,384,[0 0 0 0 0 0 0 0 0 0 0 0 -2 -12 -2 -12 -3 -12 -3 -11 -3 -11 -2 -11 -2 -10 -2 -10 -2 -10 -3 -10 -3 -10 -3 -9 -3 -10 -3 -9 -3 -9 -4 -9 -4 -9 -4 -9 -4 -9 -4 -9 -4 -9 -4 -8 -4 -9 -4 -9 -4 -8 -4 -8 0 0 -4 -9 -4 -8 -4 -8 -4 -8 -4 -9 -3 -9 -3 -9 -3 -9 -3 -8 -3 -8 -3 -8 -2 -8 -2 -8 -2 -8 -2 -7 -2 -7 -1 -7 -1 -7 -1 -7 -1 -7 -1 -6 0 -6 0 -6 0 -6 0 -6 1 -5 0 0 0 0 0 0 0 0 0 0 ]
CSI_DATA,AP,10:B4:1D:CC:60:E0,-30,11,1,7,1,1,1,1,0,0,1,-92,0,6,2,11949093,0,68,0,0,11.6585,384,[0 0 0 0 0 0 0 0 0 0 0 0 5 10 5 9 5 9 5 9 5 9 5 8 5 8 5 8 5 8 5 8 5 7 5 7 5 7 5 7 5 6 5 6 5 6 6 6 5 6 6 6 6 6 6 6 6 6 6 6 6 6 6 5 0 0 6 6 6 6 6 5 6 6 5 5 6 6 6 6 5 6 5 6 5 6 5 6 4 6 4 6 3 5 3 6 3 5 3 5 3 5 2 5 2 5 2 5 2 5 1 5 1 5 1 5 0 4 0 0 0 0 0 0 0 0 0 0 ]
CSI_DATA,AP,10:B4:1D:CC:60:E0,-30,11,1,7,1,1,1,1,0,0,1,-92,0,6,2,12039079,0,68,0,0,11.7485,384,[0 0 0 0 0 0 0 0 0 0 0 0 11 1 11 1 10 1 10 1 10 1 10 1 10 1 9 1 9 1 9 0 9 0 9 0 9 0 9 0 9 0 8 0 8 -1 8 -1 8 -1 8 -1 8 -1 8 -1 8 -2 8 -2 8 -2 8 -2 0 0 8 -2 8 -2 8 -2 8 -1 8 -1 8 -1 8 -1 8 -1 8 -1 8 0 7 0 7 0 7 0 7 0 6 0 6 1 6 0 6 1 6 1 5 1 5 1 5 1 5 1 4 2 4 2 4 2 0 0 0 0 0 0 0 0 0 0 ]
CSI_DATA,AP,10:B4:1D:CC:60:E0,-31,11,1,7,1,1,1,1,0,0,1,-92,0,6,2,12129246,0,68,0,0,11.8387,384,[0 0 0 0 0 0 0 0 0 0 0 0 10 3 10 3 10 3 9 3 9 3 9 3 9 3 9 3 9 2 9 2 9 2 9 2 8 2 8 1 8 1 8 1 8 1 8 1 8 0 8 0 8 0 8 0 8 0 8 0 8 0 8 0 0 0 8 0 8 0 8 0 8 0 8 0 7 0 7 1 7 1 7 1 7 1 7 1 6 1 6 1 6 1 6 1 6 2 5 2 5 2 5 2 5 2 4 2 4 2 4 2 4 2 4 2 3 3 0 0 0 0 0 0 0 0 0 0 ]
CSI_DATA,AP,10:B4:1D:CC:60:E0,-31,11,1,7,1,1,1,1,0,0,1,-92,0,6,2,12219336,0,68,0,0,11.9287,384,[0 0 0 0 0 0 0 0 0 0 0 0 -12 1 -11 1 -11 1 -11 1 -11 1 -10 1 -10 1 -10 1 -10 1 -10 2 -10 2 -9 2 -9 2 -9 2 -9 2 -9 2 -9 2 -9 3 -8 3 -8 2 -8 2 -8 3 -8 3 -8 3 -8 3 -8 3 0 0 -8 3 -8 3 -8 3 -8 3 -8 3 -8 2 -8 2 -8 2 -8 2 -8 2 -8 2 -7 1 -7 1 -7 1 -7 1 -7 0 -7 0 -6 0 -6 0 -6 0 -6 -1 -6 0 -6 -1 -5 -1 -5 -1 -5 -2 0 0 0 0 0 0 0 0 0 0 ]
CSI_DATA,AP,10:B4:1D:CC:60:E0,-31,11,1,7,1,1,1,1,0,0,1,-92,0,6,2,12309271,0,68,0,0,12.0187,384,[0 0 0 0 0 0 0 0 0 0 0 0 -9 -8 -9 -8 -8 -8 -8 -8 -8 -8 -8 -8 -8 -7 -8 -7 -8 -7 -8 -7 -8 -6 -8 -6 -8 -6 -8 -6 -8 -6 -8 -6 -8 -5 -8 -5 -8 -5 -8 -5 -8 -5 -8 -5 -8 -5 -8 -4 -8 -4 -8 -4 0 0 -8 -4 -8 -5 -8 -5 -8 -5 -8 -5 -7 -5 -7 -5 -7 -5 -7 -5 -7 -5 -7 -5 -6 -5 -6 -5 -6 -5 -5 -5 -5 -5 -5 -5 -5 -5 -4 -5 -4 -5 -4 -5 -4 -5 -3 -5 -3 -5 -3 -5 -3 -5 0 0 0 0 0 0 0 0 0 0 ]
CSI_DATA,AP,10:B4:1D:CC:60:E0,-31,11,1,7,1,1,1,1,0,0,1,-92,0,6,2,12399200,0,68,0,0,12.1086,384,[0 0 0 0 0 0 0 0 0 0 0 0 -5 -11 -5 -10 -5 -10 -5 -10 -5 -10 -5 -9 -5 -9 -5 -9 -5 -9 -5 -9 -5 -8 -5 -8 -5 -8 -5 -8 -5 -8 -5 -8 -5 -7 -6 -7 -6 -7 -6 -7 -5 -7 -6 -7 -6 -7 -6 -7 -6 -7 -6 -7 0 0 -6 -7 -6 -7 -5 -7 -6 -7 -5 -7 -5 -7 -5 -7 -5 -7 -4 -7 -4 -7 -4 -7 -4 -7 -4 -7 -3 -6 -3 -6 -3 -6 -3 -6 -3 -6 -2 -6 -2 -6 -2 -6 -1 -6 -1 -6 -1 -5 -1 -5 -1 -5 0 0 0 0 0 0 0 0 0 0 ]
CSI_DATA,AP,10:B4:1D:CC:60:E0,-31,11,1,7,1,1,1,1,0,0,1,-92,0,6,2,12489156,0,68,0,0,12.1986,384,[0 0 0 0 0 0 0 0 0 0 0 0 -5 -11 -5 -11 -5 -11 -5 -10 -5 -10 -5 -10 -4 -10 -4 -10 -4 -9 -5 -9 -5 -9 -5 -9 -5 -8 -5 -8 -5 -8 -5 -8 -5 -8 -5 -8 -5 -8 -5 -8 -5 -8 -5 -8 -5 -7 -6 -7 -6 -7 -5 -7 0 0 -5 -7 -5 -7 -5 -7 -5 -7 -5 -7 -5 -7 -4 -8 -4 -7 -4 -8 -4 -7 -4 -7 -3 -7 -3 -7 -3 -7 -3 -7 -3 -7 -2 -7 -2 -6 -2 -6 -2 -6 -2 -6 -1 -6 -1 -6 -1 -5 -1 -5 0 -5 0 0 0 0 0 0 0 0 0 0 ]
CSI_DATA,AP,10:B4:1D:CC:60:E0,-31,11,1,7,1,1,1,1,0,0,1,-92,0,6,2,12579138,0,68,0,0,12.2885,384,[0 0 0 0 0 0 0 0 0 0 0 0 -10 -6 -10 -6 -10 -6 -10 -6 -9 -6 -10 -5 -9 -5 -9 -5 -9 -5 -9 -5 -9 -4 -9 -4 -9 -4 -9 -4 -9 -4 -9 -3 -9 -3 -9 -3 -9 -3 -9 -3 -8 -3 -9 -3 -9 -3 -9 -2 -9 -2 -9 -2 0 0 -9 -3 -9 -2 -8 -2 -9 -3 -8 -3 -8 -3 -8 -3 -8 -3 -8 -3 -8 -3 -7 -3 -7 -3 -7 -3 -6 -3 -7 -4 -6 -3 -6 -4 -6 -4 -5 -4 -5 -4 -5 -4 -5 -4 -4 -4 -4 -4 -4 -4 -4 -4 0 0 0 0 0 0 0 0 0 0 ]
CSI_DATA,AP,10:B4:1D:CC:60:E0,-31,11,1,7,1,1,1,1,0,0,1,-92,0,6,2,12669034,0,68,0,0,12.3784,384,[0 0 0 0 0 0 0 0 0 0 0 0 7 -8 7 -8 7 -8 7 -8 7 -8 7 -8 6 -8 6 -8 6 -8 6 -8 5 -8 5 -8 5 -8 5 -8 5 -8 4 -8 4 -8 4 -8 4 -8 4 -8 4 -8 4 -8 3 -8 3 -8 3 -8 4 -8 0 0 4 -8 3 -8 4 -8 4 -8 4 -8 4 -8 4 -7 4 -7 4 -7 4 -6 4 -6 4 -6 4 -6 4 -6 4 -5 4 -5 4 -5 4 -5 4 -4 4 -4 4 -4 4 -4 4 -3 4 -3 4 -3 4 -2 0 0 0 0 0 0 0 0 0 0 ]
CSI_DATA,AP,10:B4:1D:CC:60:E0,-31,11,1,7,1,1,1,1,0,0,1,-92,0,6,2,12759225,0,68,0,0,12.4686,384,[0 0 0 0 0 0 0 0 0 0 0 0 6 -10 6 -9 5 -9 5 -9 5 -9 5 -9 5 -9 5 -9 5 -8 4 -8 4 -9 4 -8 4 -8 3 -8 3 -8 3 -8 3 -8 3 -8 2 -8 2 -8 2 -8 2 -8 2 -8 2 -8 2 -8 2 -8 0 0 2 -8 2 -8 2 -8 2 -8 2 -8 2 -8 3 -8 3 -7 3 -7 3 -7 3 -7 3 -7 3 -6 3 -6 3 -6 3 -5 3 -5 3 -5 3 -5 3 -4 3 -4 3 -4 3 -4 3 -4 3 -3 3 -3 0 0 0 0 0 0 0 0 0 0 ]
CSI_DATA,AP,10:B4:1D:CC:60:E0,-32,11,1,7,1,1,1,1,0,0,1,-92,0,6,2,12849137,0,68,0,0,12.5585,384,[0 0 0 0 0 0 0 0 0 0 0 0 9 6 9 6 8 6 8 6 8 5 8 5 8 5 8 5 8 5 7 4 8 4 7 4 8 4 7 4 8 4 7 3 8 3 7 3 8 3 8 3 7 3 7 3 7 2 8 2 7 2 8 2 0 0 8 2 7 3 7 3 7 3 7 3 7 3 7 3 7 3 6 3 6 3 6 3 6 3 5 4 5 3 5 4 5 4 4 4 4 4 4 3 4 3 3 3 3 4 3 3 3 4 2 3 2 4 0 0 0 0 0 0 0 0 0 0 ]
CSI_DATA,AP,10:B4:1D:CC:60:E0,-32,11,1,7,1,1,1,1,0,0,1,-92,0,6,2,12939159,0,68,0,0,12.6486,384,[0 0 0 0 0 0 0 0 0 0 0 0 9 -7 9 -6 9 -6 8 -6 8 -6 8 -6 8 -6 8 -6 8 -6 7 -6 7 -6 7 -6 6 -6 6 -6 6 -6 6 -7 6 -6 6 -6 6 -7 6 -7 5 -6 5 -7 5 -7 5 -7 5 -7 5 -7 0 0 6 -6 5 -7 5 -6 6 -7 5 -6 6 -6 6 -6 5 -5 6 -5 6 -5 6 -5 5 -5 5 -5 5 -4 5 -4 5 -3 5 -4 5 -3 5 -3 5 -2 5 -2 5 -2 4 -2 4 -2 4 -1 4 -1 0 0 0 0 0 0 0 0 0 0 ]
CSI_DATA,AP,10:B4:1D:CC:60:E0,-31,11,1,7,1,1,1,1,0,0,1,-92,0,6,2,13029170,0,68,0,0,12.7386,384,[0 0 0 0 0 0 0 0 0 0 0 0 2 -11 2 -11 2 -11 2 -11 2 -11 2 -11 2 -10 2 -10 1 -10 1 -10 1 -10 0 -10 0 -10 0 -10 0 -9 0 -10 0 -9 0 -9 -1 -9 0 -9 -1 -9 -1 -9 -1 -9 -1 -9 -1 -9 -1 -9 0 0 -1 -9 -1 -9 -1 -9 -1 -9 -1 -9 0 -9 0 -9 0 -8 0 -8 0 -8 0 -8 0 -8 1 -8 1 -7 1 -7 1 -7 1 -7 1 -6 1 -6 1 -6 1 -5 2 -5 2 -5 2 -5 2 -5 2 -4 0 0 0 0 0 0 0 0 0 0 ]
CSI_DATA,AP,10:B4:1D:CC:60:E0,-31,11,1,7,1,1,1,1,0,0,1,-92,0,6,2,13119248,0,68,0,0,12.8287,384,[0 0 0 0 0 0 0 0 0 0 0 0 -11 4 -11 4 -10 4 -10 4 -10 4 -10 4 -9 4 -10 4 -9 4 -9 4 -9 4 -9 4 -8 4 -8 4 -8 4 -8 4 -8 5 -8 4 -7 5 -7 5 -7 5 -7 5 -7 5 -7 5 -7 5 -7 5 0 0 -7 5 -7 5 -7 5 -7 5 -7 5 -7 4 -7 4 -7 4 -7 4 -7 3 -7 3 -7 3 -7 3 -7 3 -7 2 -6 2 -6 2 -6 2 -6 1 -6 1 -6 1 -6 1 -6 1 -5 0 -5 0 -5 -1 0 0 0 0 0 0 0 0 0 0 ]
CSI_DATA,AP,10:B4:1D:CC:60:E0,-31,11,1,7,1,1,1,1,0,0,1,-92,0,6,2,13209265,0,68,0,0,12.9187,384,[0 0 0 0 0 0 0 0 0 0 0 0 -11 4 -10 4 -10 4 -10 4 -10 4 -10 4 -9 4 -9 4 -9 4 -9 4 -9 4 -9 4 -8 4 -8 4 -8 4 -8 5 -8 5 -8 5 -7 5 -7 5 -7 5 -7 5 -7 5 -7 5 -7 5 -7 5 0 0 -7 5 -7 5 -7 5 -7 5 -7 4 -7 4 -7 4 -7 4 -7 3 -7 3 -7 3 -7 3 -7 3 -7 2 -7 2 -6 2 -6 2 -6 1 -6 1 -6 1 -6 1 -6 1 -5 0 -5 0 -5 0 -5 -1 0 0 0 0 0 0 0 0 0 0 ]
CSI_DATA,AP,10:B4:1D:CC:60:E0,-31,11,1,7,1,1,1,1,0,0,1,-92,0,6,2,13300701,0,68,0,0,13.0101,384,[0 0 0 0 0 0 0 0 0 0 0 0 11 1 10 1 10 1 10 1 10 1 10 1 9 1 9 1 9 1 9 0 9 0 9 0 9 0 8 0 8 -1 8 -1 8 -1 8 -1 8 -1 8 -1 8 -1 8 -1 8 -1 8 -1 8 -1 8 -2 0 0 8 -1 8 -2 8 -1 8 -2 8 -1 7 -1 7 -1 7 -1 7 0 7 0 7 0 7 0 7 0 6 0 6 0 6 1 6 1 6 1 5 1 5 1 5 1 4 1 4 1 4 2 4 2 3 2 0 0 0 0 0 0 0 0 0 0 ]
CSI_DATA,AP,10:B4:1D:CC:60:E0,-31,11,1,7,1,1,1,1,0,0,1,-92,0,6,2,13389215,0,68,0,0,13.0986,384,[0 0 0 0 0 0 0 0 0 0 0 0 -7 -9 -7 -9 -7 -9 -7 -9 -7 -9 -7 -9 -7 -8 -7 -8 -7 -8 -7 -8 -7 -8 -7 -7 -7 -7 -7 -7 -7 -7 -7 -7 -7 -6 -7 -6 -7 -6 -7 -6 -7 -6 -7 -6 -7 -6 -7 -6 -7 -6 -7 -6 0 0 -7 -6 -7 -6 -7 -6 -7 -6 -7 -6 -7 -6 -6 -6 -6 -6 -6 -6 -6 -6 -6 -6 -5 -6 -5 -6 -5 -6 -5 -6 -4 -6 -4 -5 -4 -5 -4 -6 -3 -5 -3 -5 -3 -5 -3 -5 -2 -5 -2 -5 -2 -5 0 0 0 0 0 0 0 0 0 0 ]
CSI_DATA,AP,10:B4:1D:CC:60:E0,-31,11,1,7,1,1,1,1,0,0,1,-92,0,6,2,13479148,0,68,0,0,13.1886,384,[0 0 0 0 0 0 0 0 0 0 0 0 6 -9 6 -9 6 -9 6 -9 6 -9 5 -8 5 -8 5 -8 5 -8 5 -8 4 -8 4 -8 4 -8 4 -8 4 -8 4 -8 3 -8 3 -8 3 -8 3 -8 3 -8 3 -8 3 -8 2 -8 2 -8 3 -8 0 0 3 -8 3 -8 3 -8 3 -8 3 -8 3 -8 3 -8 3 -7 3 -7 3 -7 3 -6 3 -6 3 -6 3 -6 4 -5 3 -5 3 -5 3 -5 3 -4 3 -4 3 -4 3 -4 3 -4 3 -3 3 -3 3 -3 0 0 0 0 0 0 0 0 0 0 ]
CSI_DATA,AP,10:B4:1D:CC:60:E0,-31,11,1,7,1,1,1,1,0,0,1,-92,0,6,2,13569183,0,68,0,0,13.2786,384,[0 0 0 0 0 0 0 0 0 0 0 0 -10 -6 -10 -6 -10 -6 -10 -6 -9 -6 -10 -6 -9 -6 -9 -5 -9 -5 -9 -5 -9 -5 -9 -4 -9 -4 -9 -4 -9 -4 -9 -3 -9 -3 -9 -3 -9 -3 -9 -3 -9 -3 -9 -3 -9 -3 -9 -2 -9 -2 -9 -2 0 0 -9 -2 -8 -3 -9 -3 -9 -2 -8 -3 -8 -3 -8 -3 -8 -3 -8 -3 -8 -3 -8 -3 -7 -3 -7 -3 -6 -3 -7 -3 -6 -3 -6 -4 -6 -4 -5 -4 -5 -4 -5 -4 -5 -4 -4 -4 -4 -4 -4 -4 -4 -4 0 0 0 0 0 0 0 0 0 0 ]
CSI_DATA,AP,10:B4:1D:CC:60:E0,-31,11,1,7,1,1,1,1,0,0,1,-92,0,6,2,13659098,0,68,0,0,13.3685,384,[0 0 0 0 0 0 0 0 0 0 0 0 7 -9 7 -9 6 -9 6 -9 6 -9 6 -9 6 -9 5 -8 5 -8 5 -8 5 -8 5 -8 4 -8 4 -8 4 -8 4 -8 3 -8 3 -8 3 -8 3 -8 3 -8 3 -8 3 -8 3 -9 3 -8 3 -8 0 0 3 -8 3 -8 3 -8 3 -8 3 -8 3 -8 3 -8 3 -8 3 -7 4 -7 3 -7 3 -7 3 -6 3 -6 3 -5 4 -5 4 -5 3 -5 3 -5 4 -4 3 -4 4 -4 3 -4 3 -4 3 -3 3 -3 0 0 0 0 0 0 0 0 0 0 ]
CSI_DATA,AP,10:B4:1D:CC:60:E0,-30,11,1,7,1,1,1,1,0,0,1,-92,0,6,2,13749196,0,68,0,0,13.4586,384,[0 0 0 0 0 0 0 0 0 0 0 0 -8 9 -7 8 -7 9 -7 8 -7 8 -7 8 -6 8 -6 8 -6 8 -6 8 -5 8 -5 8 -5 7 -5 7 -5 7 -5 8 -4 7 -5 8 -4 7 -4 8 -4 7 -4 8 -4 8 -3 8 -4 8 -4 8 0 0 -4 8 -4 8 -4 8 -4 7 -4 7 -4 7 -4 7 -4 7 -4 7 -5 7 -4 6 -4 6 -4 6 -4 6 -5 5 -5 5 -5 5 -4 4 -5 4 -5 4 -5 3 -5 3 -5 3 -5 3 -5 3 -5 2 0 0 0 0 0 0 0 0 0 0 ]
CSI_DATA,AP,10:B4:1D:CC:60:E0,-30,11,1,7,1,1,1,1,0,0,1,-92,0,6,2,13839356,0,68,0,0,13.5488,384,[0 0 0 0 0 0 0 0 0 0 0 0 -8 -8 -8 -8 -9 -8 -8 -8 -8 -8 -8 -8 -8 -7 -8 -7 -8 -7 -8 -6 -8 -6 -8 -6 -8 -6 -8 -5 -8 -6 -8 -5 -8 -5 -8 -5 -8 -5 -8 -5 -8 -5 -8 -5 -8 -4 -8 -5 -8 -4 -8 -4 0 0 -8 -5 -8 -5 -8 -5 -8 -5 -8 -5 -8 -5 -7 -5 -7 -5 -7 -5 -7 -5 -7 -5 -7 -5 -6 -5 -6 -5 -6 -5 -5 -5 -5 -5 -5 -5 -5 -5 -4 -5 -4 -5 -4 -5 -3 -5 -3 -5 -3 -5 -2 -5 0 0 0 0 0 0 0 0 0 0 ]
CSI_DATA,AP,10:B4:1D:CC:60:E0,-30,11,1,7,1,1,1,1,0,0,1,-92,0,6,2,13929078,0,68,0,0,13.6385,384,[0 0 0 0 0 0 0 0 0 0 0 0 7 -9 6 -9 6 -9 6 -9 6 -9 6 -8 6 -8 6 -8 6 -8 5 -8 5 -8 5 -8 4 -8 4 -8 4 -8 4 -8 4 -8 4 -8 3 -8 3 -8 3 -8 3 -8 3 -8 3 -8 3 -8 3 -8 0 0 4 -8 3 -8 3 -8 3 -8 3 -8 4 -8 4 -8 4 -7 4 -7 4 -7 4 -6 4 -7 4 -6 4 -6 4 -5 4 -5 4 -5 4 -5 4 -5 4 -4 4 -4 4 -4 4 -4 4 -3 4 -3 4 -2 0 0 0 0 0 0 0 0 0 0 ]
CSI_DATA,AP,10:B4:1D:CC:60:E0,-30,11,1,7,1,1,1,1,0,0,1,-92,0,6,2,14019079,0,68,0,0,13.7285,384,[0 0 0 0 0 0 0 0 0 0 0 0 1 -12 1 -11 1 -11 1 -11 1 -11 1 -11 1 -10 1 -10 1 -10 0 -10 0 -10 0 -10 0 -10 -1 -10 -1 -10 -1 -9 -1 -9 -1 -9 -1 -9 -2 -9 -1 -9 -2 -9 -2 -9 -2 -9 -2 -9 -2 -9 0 0 -2 -9 -2 -9 -2 -9 -2 -9 -1 -9 -1 -9 -1 -9 -1 -9 -1 -8 -1 -8 -1 -8 0 -8 0 -8 0 -8 0 -8 0 -7 0 -7 1 -7 1 -7 1 -6 1 -6 1 -6 1 -6 2 -5 1 -5 2 -5 0 0 0 0 0 0 0 0 0 0 ]
CSI_DATA,AP,10:B4:1D:CC:60:E0,-30,11,1,7,1,1,1,1,0,0,1,-92,0,6,2,14109278,0,68,0,0,13.8187,384,[0 0 0 0 0 0 0 0 0 0 0 0 2 -11 2 -11 2 -11 2 -11 2 -11 2 -11 2 -10 2 -10 2 -10 1 -10 1 -10 1 -10 1 -10 0 -10 0 -10 0 -9 0 -10 0 -9 0 -9 0 -9 -1 -9 -1 -9 -1 -9 -1 -9 -1 -9 -1 -9 0 0 -1 -9 -1 -9 -1 -9 -1 -9 0 -9 0 -9 0 -9 0 -9 0 -9 1 -8 0 -8 1 -8 1 -8 1 -8 1 -7 1 -7 1 -7 1 -7 2 -6 2 -6 2 -6 2 -6 2 -5 2 -5 2 -5 3 -5 0 0 0 0 0 0 0 0 0 0 ]
CSI_DATA,AP,10:B4:1D:CC:60:E0,-30,11,1,7,1,1,1,1,0,0,1,-92,0,6,2,14199079,0,68,0,0,13.9085,384,[0 0 0 0 0 0 0 0 0 0 0 0 -9 -8 -9 -8 -9 -8 -8 -8 -8 -7 -8 -7 -8 -7 -8 -7 -8 -7 -8 -6 -8 -6 -8 -6 -8 -6 -8 -6 -8 -6 -8 -5 -8 -5 -8 -5 -8 -5 -8 -5 -8 -5 -8 -5 -8 -5 -8 -5 -8 -4 -8 -4 0 0 -8 -5 -8 -5 -8 -5 -8 -5 -8 -5 -8 -5 -7 -5 -7 -5 -7 -5 -7 -5 -7 -5 -7 -5 -6 -5 -6 -5 -6 -6 -5 -5 -5 -5 -5 -5 -5 -5 -4 -5 -4 -5 -4 -5 -3 -5 -3 -5 -3 -5 -2 -5 0 0 0 0 0 0 0 0 0 0 ]
CSI_DATA,AP,10:B4:1D:CC:60:E0,-30,11,1,7,1,1,1,1,0,0,1,-92,0,6,2,14289182,0,68,0,0,13.9986,384,[0 0 0 0 0 0 0 0 0 0 0 0 10 4 10 3 10 4 9 3 9 3 9 3 9 3 9 3 9 2 9 3 9 2 9 2 8 2 8 1 8 1 8 1 8 1 8 1 8 0 8 0 8 0 8 0 8 0 8 0 8 0 8 0 0 0 8 0 8 0 8 0 8 0 8 0 8 0 8 1 8 1 8 1 8 1 8 1 7 2 7 1 6 1 6 2 6 1 6 2 6 2 5 2 5 2 5 2 4 2 4 3 4 2 4 3 3 3 0 0 0 0 0 0 0 0 0 0 ]
CSI_DATA,AP,10:B4:1D:CC:60:E0,-30,11,1,7,1,1,1,1,0,0,1,-92,0,6,2,14379100,0,68,0,0,14.0885,384,[0 0 0 0 0 0 0 0 0 0 0 0 -5 10 -4 10 -4 10 -4 9 -4 9 -4 9 -4 9 -4 9 -4 9 -3 8 -3 8 -3 8 -3 9 -2 8 -3 8 -3 8 -2 8 -2 8 -2 8 -2 8 -2 8 -2 8 -1 8 -2 8 -2 8 -1 8 0 0 -2 8 -2 8 -2 8 -2 8 -2 8 -2 8 -2 8 -2 8 -3 7 -3 7 -3 7 -3 7 -3 6 -3 6 -3 6 -3 5 -4 5 -3 5 -4 5 -4 4 -4 4 -4 4 -4 4 -4 4 -4 3 -4 3 0 0 0 0 0 0 0 0 0 0 ]
CSI_DATA,AP,10:B4:1D:CC:60:E0,-30,11,1,7,1,1,1,1,0,0,1,-92,0,6,2,14469405,0,68,0,0,14.1788,384,[0 0 0 0 0 0 0 0 0 0 0 0 5 -11 5 -10 5 -10 5 -10 4 -10 4 -9 4 -10 4 -9 3 -9 3 -10 4 -9 3 -9 3 -9 3 -9 2 -9 2 -9 2 -9 2 -9 1 -9 1 -9 1 -9 1 -9 1 -9 1 -9 1 -9 1 -9 0 0 1 -9 1 -9 1 -9 1 -9 1 -9 1 -9 2 -9 2 -8 2 -8 2 -8 2 -8 2 -8 2 -8 2 -7 2 -7 3 -6 2 -6 2 -6 2 -6 3 -6 3 -5 3 -5 3 -5 3 -5 3 -4 3 -4 0 0 0 0 0 0 0 0 0 0 ]
CSI_DATA,AP,10:B4:1D:CC:60:E0,-31,11,1,7,1,1,1,1,0,0,1,-92,0,6,2,14559205,0,68,0,0,14.2686,384,[0 0 0 0 0 0 0 0 0 0 0 0 -11 -3 -11 -3 -11 -3 -11 -3 -10 -3 -11 -3 -10 -2 -10 -2 -10 -2 -9 -2 -10 -2 -10 -2 -9 -1 -9 -1 -9 -1 -9 -1 -9 -1 -9 -1 -9 0 -9 0 -9 0 -9 0 -9 0 -9 0 -9 0 -9 0 0 0 -9 0 -8 0 -9 0 -9 0 -9 0 -8 -1 -8 -1 -8 -1 -8 -1 -8 -1 -8 -1 -7 -1 -7 -2 -7 -2 -7 -2 -7 -2 -6 -2 -6 -2 -6 -2 -6 -2 -6 -2 -5 -3 -5 -2 -5 -3 -5 -3 -4 -3 0 0 0 0 0 0 0 0 0 0 ]
CSI_DATA,AP,10:B4:1D:CC:60:E0,-31,11,1,7,1,1,1,1,0,0,1,-92,0,6,2,14649181,0,68,0,0,14.3586,384,[0 0 0 0 0 0 0 0 0 0 0 0 3 -11 3 -11 3 -11 3 -11 3 -11 3 -11 3 -10 2 -10 2 -10 2 -10 1 -10 1 -10 1 -10 1 -9 1 -10 1 -9 1 -10 0 -9 0 -10 0 -9 0 -9 0 -9 0 -9 0 -9 0 -9 0 -9 0 0 0 -9 0 -9 0 -9 0 -9 0 -9 1 -9 1 -9 1 -9 1 -8 1 -8 1 -8 1 -8 1 -8 1 -8 2 -7 2 -7 2 -7 2 -7 2 -6 2 -6 3 -6 2 -6 2 -5 2 -5 3 -5 3 -4 0 0 0 0 0 0 0 0 0 0 ]
CSI_DATA,AP,10:B4:1D:CC:60:E0,-30,11,1,7,1,1,1,1,0,0,1,-92,0,6,2,14739142,0,68,0,0,14.4485,384,[0 0 0 0 0 0 0 0 0 0 0 0 -10 -7 -10 -7 -10 -6 -10 -6 -9 -6 -9 -6 -9 -6 -9 -6 -9 -5 -9 -5 -9 -5 -9 -5 -9 -5 -9 -4 -9 -4 -9 -4 -9 -4 -9 -4 -9 -4 -9 -4 -9 -4 -9 -3 -9 -3 -9 -3 -9 -3 -9 -3 0 0 -9 -3 -8 -4 -9 -3 -8 -3 -8 -4 -8 -4 -8 -4 -8 -4 -8 -4 -8 -4 -7 -4 -7 -4 -7 -4 -7 -5 -6 -4 -6 -5 -6 -4 -5 -5 -5 -4 -5 -5 -5 -5 -5 -5 -4 -5 -4 -5 -4 -5 -3 -5 0 0 0 0 0 0 0 0 0 0 ]
CSI_DATA,AP,10:B4:1D:CC:60:E0,-31,11,1,7,1,1,1,1,0,0,1,-92,0,6,2,14829183,0,68,0,0,14.5386,384,[0 0 0 0 0 0 0 0 0 0 0 0 9 5 9 5 9 5 8 5 8 5 8 5 8 4 8 4 8 4 8 4 8 3 8 3 8 3 8 3 8 3 8 3 8 3 8 2 8 2 8 2 7 2 7 2 8 2 8 2 7 2 8 2 0 0 8 2 7 2 7 2 8 2 7 2 7 3 7 3 7 3 7 3 6 3 6 3 6 3 6 3 5 3 5 3 5 3 4 3 4 3 4 3 4 3 3 3 3 3 3 3 3 3 2 3 2 3 0 0 0 0 0 0 0 0 0 0 ]
CSI_DATA,AP,10:B4:1D:CC:60:E0,-31,11,1,7,1,1,1,1,0,0,1,-92,0,6,2,14919319,0,68,0,0,14.6287,384,[0 0 0 0 0 0 0 0 0 0 0 0 2 10 2 10 2 10 2 10 2 10 2 9 2 9 2 9 2 9 2 9 3 8 3 8 2 8 3 8 3 8 3 8 3 7 3 7 3 7 3 7 3 7 3 7 3 7 3 7 3 7 3 7 0 0 3 7 4 7 3 7 3 7 3 7 3 7 3 7 2 7 2 7 2 7 2 6 1 6 1 6 1 6 1 6 1 6 0 6 0 5 0 5 0 5 0 5 -1 5 -1 5 -1 5 -1 4 -1 4 0 0 0 0 0 0 0 0 0 0 ]
CSI_DATA,AP,10:B4:1D:CC:60:E0,-31,11,1,7,1,1,1,1,0,0,1,-92,0,6,2,15009221,0,68,0,0,14.7186,384,[0 0 0 0 0 0 0 0 0 0 0 0 -9 7 -9 6 -9 6 -9 6 -9 6 -9 6 -8 6 -8 6 -8 6 -7 6 -7 6 -7 6 -7 6 -7 6 -7 6 -6 6 -6 6 -6 6 -6 7 -6 7 -6 6 -5 6 -6 7 -5 7 -5 7 -5 7 0 0 -6 7 -5 6 -5 7 -6 6 -5 6 -6 6 -5 6 -6 6 -6 5 -6 5 -6 5 -5 5 -5 5 -5 4 -6 4 -6 4 -6 4 -5 3 -5 3 -5 3 -5 2 -5 2 -5 2 -5 2 -5 1 -5 1 0 0 0 0 0 0 0 0 0 0 ]
CSI_DATA,AP,10:B4:1D:CC:60:E0,-31,11,1,7,1,1,1,1,0,0,1,-92,0,6,2,15099322,0,68,0,0,14.8087,384,[0 0 0 0 0 0 0 0 0 0 0 0 -7 -10 -7 -10 -7 -9 -7 -9 -6 -9 -7 -9 -7 -8 -7 -8 -7 -8 -6 -8 -7 -8 -7 -8 -6 -8 -7 -7 -7 -7 -7 -7 -7 -7 -7 -6 -7 -7 -7 -6 -7 -6 -7 -6 -7 -6 -7 -6 -7 -6 -7 -6 0 0 -7 -6 -7 -6 -7 -7 -6 -6 -7 -7 -6 -6 -6 -7 -6 -6 -6 -6 -5 -6 -5 -6 -5 -7 -4 -6 -4 -6 -4 -6 -4 -6 -3 -6 -3 -6 -3 -6 -3 -6 -3 -6 -2 -6 -2 -5 -2 -5 -1 -5 -1 -5 0 0 0 0 0 0 0 0 0 0 ]
CSI_DATA,AP,10:B4:1D:CC:60:E0,-31,11,1,7,1,1,1,1,0,0,1,-92,0,6,2,15189188,0,68,0,0,14.8986,384,[0 0 0 0 0 0 0 0 0 0 0 0 10 -2 10 -2 10 -2 10 -2 10 -2 9 -2 9 -2 9 -2 9 -2 8 -2 9 -3 8 -3 8 -3 8 -3 8 -3 8 -3 8 -3 7 -3 7 -4 7 -4 7 -3 7 -4 7 -4 7 -4 7 -4 7 -4 0 0 7 -4 7 -4 7 -4 7 -4 7 -3 7 -3 7 -3 7 -3 7 -3 7 -2 7 -2 6 -2 6 -2 6 -2 6 -1 6 -1 5 -1 5 -1 5 -1 5 0 5 0 5 0 5 0 4 0 4 0 4 1 0 0 0 0 0 0 0 0 0 0 ]
CSI_DATA,AP,10:B4:1D:CC:60:E0,-31,11,1,7,1,1,1,1,0,0,1,-92,0,6,2,15279149,0,68,0,0,14.9886,384,[0 0 0 0 0 0 0 0 0 0 0 0 6 -10 6 -10 6 -9 6 -9 5 -9 5 -9 5 -9 5 -9 5 -9 5 -9 4 -9 4 -9 4 -9 4 -9 3 -8 3 -9 3 -8 3 -9 3 -8 3 -9 3 -8 3 -9 3 -8 2 -9 2 -8 2 -8 0 0 3 -8 3 -9 3 -8 3 -8 3 -8 3 -8 3 -8 3 -8 3 -7 3 -7 3 -7 3 -7 3 -6 3 -6 4 -6 3 -5 4 -5 3 -5 4 -5 3 -4 3 -4 4 -4 4 -4 3 -4 3 -3 4 -3 0 0 0 0 0 0 0 0 0 0 ]
CSI_DATA,AP,10:B4:1D:CC:60:E0,-31,11,1,7,1,1,1,1,0,0,1,-92,0,6,2,15369135,0,68,0,0,15.0785,384,[0 0 0 0 0 0 0 0 0 0 0 0 -11 -4 -11 -3 -11 -3 -11 -4 -11 -3 -11 -3 -10 -3 -10 -3 -10 -3 -10 -3 -10 -2 -10 -2 -10 -2 -9 -2 -9 -2 -9 -2 -9 -2 -9 -1 -9 -1 -9 -1 -9 -1 -9 -1 -9 -1 -9 -1 -9 -1 -9 -1 0 0 -9 -1 -9 -1 -9 -1 -9 -1 -9 -1 -9 -1 -8 -2 -8 -2 -8 -2 -8 -2 -8 -2 -7 -2 -7 -2 -7 -3 -7 -3 -7 -3 -6 -3 -6 -3 -6 -3 -6 -3 -5 -3 -5 -3 -5 -3 -5 -3 -4 -4 -4 -4 0 0 0 0 0 0 0 0 0 0 ]
CSI_DATA,AP,10:B4:1D:CC:60:E0,-31,11,1,7,1,1,1,1,0,0,1,-92,0,6,2,15459294,0,68,0,0,15.1687,384,[0 0 0 0 0 0 0 0 0 0 0 0 -12 2 -11 2 -11 2 -11 2 -11 2 -10 2 -10 2 -10 2 -10 2 -10 2 -10 2 -9 3 -9 2 -9 3 -9 3 -9 3 -8 3 -9 3 -8 3 -8 3 -8 3 -8 3 -8 3 -8 3 -8 3 -8 3 0 0 -8 3 -8 3 -8 3 -8 3 -8 3 -8 3 -8 3 -8 2 -8 2 -8 2 -8 2 -7 2 -7 1 -7 1 -7 1 -7 1 -7 1 -6 0 -6 0 -6 0 -6 0 -6 0 -6 -1 -5 -1 -5 -1 -5 -2 0 0 0 0 0 0 0 0 0 0 ]
CSI_DATA,AP,10:B4:1D:CC:60:E0,-31,11,1,7,1,1,1,1,0,0,1,-92,0,6,2,15549031,0,68,0,0,15.2584,384,[0 0 0 0 0 0 0 0 0 0 0 0 0 11 -1 10 -1 10 -1 10 -1 10 0 10 0 10 0 9 0 9 0 9 0 9 1 8 1 9 1 8 1 8 1 8 1 8 1 8 1 8 1 8 1 8 2 8 2 8 2 8 2 8 2 8 0 0 2 8 2 8 2 8 2 8 1 8 1 8 1 8 1 7 0 7 1 7 0 7 0 7 0 7 0 6 0 6 -1 6 -1 6 -1 5 -1 5 -1 5 -1 5 -2 5 -2 5 -2 4 -2 4 -2 4 0 0 0 0 0 0 0 0 0 0 ]
CSI_DATA,AP,10:B4:1D:CC:60:E0,-31,11,1,7,1,1,1,1,0,0,1,-92,0,6,2,15639305,0,68,0,0,15.3487,384,[0 0 0 0 0 0 0 0 0 0 0 0 -5 -11 -5 -10 -5 -10 -5 -10 -5 -10 -5 -10 -5 -9 -5 -9 -5 -9 -5 -9 -5 -9 -5 -8 -5 -8 -6 -8 -6 -8 -6 -8 -6 -7 -6 -7 -6 -7 -6 -7 -6 -7 -6 -7 -6 -7 -6 -7 -6 -7 -6 -7 0 0 -6 -7 -6 -7 -6 -7 -6 -7 -6 -7 -6 -7 -5 -7 -5 -7 -5 -7 -5 -7 -5 -7 -4 -7 -4 -7 -4 -7 -4 -6 -3 -6 -3 -6 -3 -6 -3 -6 -3 -6 -2 -6 -2 -6 -2 -6 -2 -5 -2 -5 -1 -5 0 0 0 0 0 0 0 0 0 0 ]
CSI_DATA,AP,10:B4:1D:CC:60:E0,-31,11,1,7,1,1,1,1,0,0,1,-92,0,6,2,15729161,0,68,0,0,15.4386,384,[0 0 0 0 0 0 0 0 0 0 0 0 9 -7 9 -7 8 -7 8 -7 8 -7 8 -6 8 -6 8 -6 8 -6 7 -6 7 -7 7 -7 6 -7 6 -7 6 -6 6 -7 6 -7 6 -7 5 -7 5 -7 5 -7 5 -7 5 -7 5 -7 5 -7 5 -7 0 0 5 -7 5 -7 5 -7 5 -7 5 -7 5 -6 5 -6 5 -6 5 -6 6 -6 5 -5 5 -5 5 -5 5 -4 5 -4 5 -4 5 -4 5 -4 5 -3 5 -3 4 -3 4 -3 4 -2 4 -2 4 -2 4 -1 0 0 0 0 0 0 0 0 0 0 ]
CSI_DATA,AP,10:B4:1D:CC:60:E0,-31,11,1,7,1,1,1,1,0,0,1,-92,0,6,2,15819349,0,68,0,0,15.5288,384,[0 0 0 0 0 0 0 0 0 0 0 0 -9 -8 -9 -8 -9 -7 -9 -7 -9 -7 -9 -7 -9 -7 -9 -6 -9 -6 -8 -6 -8 -6 -8 -6 -8 -6 -8 -5 -8 -5 -8 -5 -8 -4 -9 -4 -8 -4 -9 -4 -8 -4 -8 -4 -9 -4 -9 -4 -8 -4 -8 -4 0 0 -8 -4 -8 -4 -8 -4 -8 -4 -8 -4 -8 -4 -8 -4 -7 -4 -7 -4 -7 -4 -7 -4 -6 -5 -6 -5 -6 -5 -6 -5 -6 -4 -5 -5 -5 -5 -5 -4 -5 -5 -4 -5 -4 -4 -4 -5 -3 -4 -3 -5 -3 -5 0 0 0 0 0 0 0 0 0 0 ]
CSI_DATA,AP,10:B4:1D:CC:60:E0,-31,11,1,7,1,1,1,1,0,0,1,-92,0,6,2,15909117,0,68,0,0,15.6185,384,[0 0 0 0 0 0 0 0 0 0 0 0 1 10 1 11 1 10 1 10 1 10 1 10 1 9 1 9 1 9 1 9 1 9 1 8 2 8 2 8 2 8 2 8 2 8 2 8 2 8 2 8 2 8 2 8 3 7 3 7 3 7 3 7 0 0 2 7 2 8 2 8 2 7 2 8 2 8 2 8 1 7 1 7 1 7 1 7 1 7 0 7 0 6 0 6 0 6 0 6 0 6 -1 5 -1 5 -1 5 -1 5 -1 5 -2 4 -1 4 -2 4 0 0 0 0 0 0 0 0 0 0 ]
CSI_DATA,AP,10:B4:1D:CC:60:E0,-31,11,1,7,1,1,1,1,0,0,1,-92,0,6,2,15999146,0,68,0,0,15.7086,384,[0 0 0 0 0 0 0 0 0 0 0 0 0 -12 -1 -12 -1 -11 -1 -11 -1 -11 -1 -11 -1 -11 -1 -10 -1 -10 -1 -10 -1 -10 -2 -10 -2 -10 -2 -9 -2 -9 -2 -9 -2 -9 -2 -9 -2 -9 -2 -9 -2 -9 -2 -9 -2 -9 -3 -9 -3 -9 -3 -9 0 0 -2 -9 -3 -9 -2 -9 -2 -8 -2 -9 -2 -9 -2 -9 -2 -8 -1 -8 -1 -8 -1 -8 -1 -8 -1 -8 0 -7 0 -7 0 -7 0 -7 0 -6 0 -6 0 -6 1 -6 1 -6 1 -5 1 -5 1 -5 1 -5 0 0 0 0 0 0 0 0 0 0 ]
CSI_DATA,AP,10:B4:1D:CC:60:E0,-31,11,1,7,1,1,1,1,0,0,1,-92,0,6,2,16089197,0,68,0,0,15.7986,384,[0 0 0 0 0 0 0 0 0 0 0 0 7 8 7 8 7 8 7 7 7 7 7 7 7 7 6 7 7 6 6 6 7 6 6 6 6 6 7 5 7 5 7 5 7 5 7 4 7 4 7 4 7 4 7 4 7 4 7 4 7 4 7 4 0 0 7 4 7 4 7 4 7 4 7 4 6 4 6 4 6 4 6 4 6 4 5 4 5 4 5 4 4 4 4 4 4 4 4 4 4 4 3 4 3 4 3 4 3 4 2 4 2 4 2 4 2 4 0 0 0 0 0 0 0 0 0 0 ]
CSI_DATA,AP,10:B4:1D:CC:60:E0,-31,11,1,7,1,1,1,1,0,0,1,-92,0,6,2,16179131,0,68,0,0,15.8886,384,[0 0 0 0 0 0 0 0 0 0 0 0 7 9 6 8 6 8 6 8 6 8 6 7 6 7 6 7 6 7 6 7 6 6 6 6 6 6 6 6 6 6 6 6 6 5 6 5 6 5 6 5 6 5 6 5 7 4 6 5 6 5 6 4 0 0 6 4 6 4 6 4 6 4 6 4 6 5 6 5 6 5 5 5 5 5 5 5 4 5 4 5 4 5 4 5 4 4 3 5 3 4 3 4 3 4 2 4 2 4 2 4 1 4 1 4 1 4 0 0 0 0 0 0 0 0 0 0 ]
CSI_DATA,AP,10:B4:1D:CC:60:E0,-32,11,1,7,1,1,1,1,0,0,1,-92,0,6,2,16270316,0,68,0,0,15.9797,384,[0 0 0 0 0 0 0 0 0 0 0 0 -10 -5 -10 -6 -10 -5 -10 -5 -10 -5 -10 -5 -9 -5 -9 -5 -9 -5 -9 -4 -9 -4 -9 -4 -9 -4 -9 -4 -9 -3 -9 -3 -9 -3 -9 -3 -9 -3 -9 -3 -9 -3 -9 -3 -9 -2 -9 -2 -9 -2 -9 -2 0 0 -9 -3 -8 -3 -8 -3 -9 -3 -8 -3 -8 -3 -8 -3 -8 -3 -8 -3 -8 -3 -7 -3 -7 -4 -7 -4 -6 -4 -6 -4 -6 -4 -6 -4 -6 -4 -5 -4 -5 -4 -5 -4 -4 -4 -4 -4 -4 -4 -4 -4 -3 -4 0 0 0 0 0 0 0 0 0 0 ]
CSI_DATA,AP,10:B4:1D:CC:60:E0,-33,11,1,7,1,1,1,1,0,0,1,-92,0,6,2,16359163,0,68,0,0,16.0686,384,[0 0 0 0 0 0 0 0 0 0 0 0 -1 10 -1 10 -1 10 -1 10 -1 10 -1 9 -1 9 -1 9 0 9 0 9 0 8 0 8 0 8 1 8 1 8 1 8 1 8 1 8 1 8 1 8 1 7 1 7 2 7 2 7 1 7 1 7 0 0 1 7 2 7 1 7 1 7 1 7 1 7 1 7 1 7 0 7 0 7 0 7 0 7 0 6 0 6 0 6 -1 6 -1 6 -1 5 -1 5 -1 5 -1 5 -2 5 -2 5 -2 4 -2 4 -2 4 0 0 0 0 0 0 0 0 0 0 ]
CSI_DATA,AP,10:B4:1D:CC:60:E0,-30,11,1,7,1,1,1,1,0,0,1,-92,0,6,2,16449085,0,68,0,0,16.1585,384,[0 0 0 0 0 0 0 0 0 0 0 0 3 10 3 10 3 10 2 10 2 10 2 9 2 9 2 9 2 9 2 8 3 8 3 8 3 8 3 8 3 8 3 7 3 7 3 7 3 7 3 7 3 7 3 7 4 7 4 7 4 7 4 7 0 0 4 7 3 7 3 7 3 7 3 7 3 7 3 7 2 7 2 7 2 6 2 6 1 6 2 6 1 6 1 6 1 6 0 6 0 5 0 5 0 5 -1 5 -1 5 -1 5 -1 4 -1 4 -1 4 0 0 0 0 0 0 0 0 0 0 ]
CSI_DATA,AP,10:B4:1D:CC:60:E0,-37,11,1,7,1,1,1,1,0,0,1,-92,0,6,2,16539154,0,68,0,0,16.2486,384,[0 0 0 0 0 0 0 0 0 0 0 0 7 7 7 7 7 7 7 6 7 6 6 6 6 6 6 6 6 6 6 5 6 5 6 5 6 5 6 4 6 4 6 4 6 4 6 4 6 4 5 4 5 3 5 3 6 3 6 3 5 3 6 3 0 0 6 3 5 3 5 3 5 3 5 3 5 3 5 3 5 3 5 3 5 3 5 3 4 3 4 3 4 3 4 3 4 3 3 3 3 3 3 3 3 3 3 3 2 3 2 3 2 3 2 3 1 3 0 0 0 0 0 0 0 0 0 0 ]
CSI_DATA,AP,10:B4:1D:CC:60:E0,-33,11,1,7,1,1,1,1,0,0,1,-92,0,6,2,16629217,0,68,0,0,16.3386,384,[0 0 0 0 0 0 0 0 0 0 0 0 9 -5 9 -5 8 -5 8 -4 8 -4 8 -5 7 -4 8 -4 7 -4 7 -4 7 -5 7 -5 6 -5 6 -5 6 -5 6 -5 6 -5 6 -5 5 -5 5 -5 5 -5 5 -5 5 -6 5 -6 5 -6 5 -6 0 0 5 -6 5 -6 5 -6 5 -6 5 -6 5 -6 5 -5 5 -5 5 -5 5 -5 5 -5 5 -5 5 -4 5 -4 5 -4 5 -3 5 -3 5 -3 5 -3 5 -2 5 -2 5 -2 5 -2 4 -2 4 -1 4 -1 0 0 0 0 0 0 0 0 0 0 ]
CSI_DATA,AP,10:B4:1D:CC:60:E0,-33,11,1,7,1,1,1,1,0,0,1,-92,0,6,2,16719358,0,68,0,0,16.4288,384,[0 0 0 0 0 0 0 0 0 0 0 0 10 -4 10 -4 9 -4 9 -4 9 -4 8 -4 9 -3 8 -4 8 -4 8 -4 8 -4 7 -4 7 -4 7 -4 7 -4 7 -5 7 -4 6 -5 6 -5 6 -5 6 -5 6 -5 6 -5 6 -5 6 -5 6 -5 0 0 6 -5 6 -5 6 -5 6 -5 6 -5 6 -4 7 -4 6 -4 7 -4 7 -4 6 -4 6 -3 6 -3 6 -3 6 -3 6 -2 6 -2 6 -2 6 -1 5 -1 5 -1 5 -1 5 -1 5 0 5 0 5 0 0 0 0 0 0 0 0 0 0 0 ]
CSI_DATA,AP,10:B4:1D:CC:60:E0,-33,11,1,7,1,1,1,1,0,0,1,-92,0,6,2,16809207,0,68,0,0,16.5186,384,[0 0 0 0 0 0 0 0 0 0 0 0 2 10 2 10 2 10 2 10 2 9 2 9 2 9 2 9 2 8 2 8 2 8 2 8 2 8 3 8 3 8 3 7 3 7 3 7 3 7 3 7 3 7 3 7 3 6 4 7 3 7 4 6 0 0 3 7 3 6 3 7 3 6 3 7 3 7 3 7 2 7 2 6 2 6 2 6 2 6 2 6 1 6 1 6 1 6 1 6 1 5 1 5 0 5 0 5 0 5 0 5 -1 5 0 4 -1 4 0 0 0 0 0 0 0 0 0 0 ]
CSI_DATA,AP,10:B4:1D:CC:60:E0,-33,11,1,7,1,1,1,1,0,0,1,-92,0,6,2,16899167,0,68,0,0,16.6086,384,[0 0 0 0 0 0 0 0 0 0 0 0 10 2 10 2 10 2 9 2 9 2 9 2 9 2 9 2 9 2 9 1 9 1 8 1 8 1 8 1 8 1 8 0 8 0 8 0 8 0 8 0 8 0 8 0 8 0 8 0 8 -1 8 -1 0 0 8 0 7 0 8 0 8 0 7 0 7 0 7 0 7 0 7 1 7 1 7 1 6 1 6 1 6 1 6 1 6 1 5 1 5 1 5 1 5 2 5 2 4 2 4 2 4 2 4 2 3 2 0 0 0 0 0 0 0 0 0 0 ]
CSI_DATA,AP,10:B4:1D:CC:60:E0,-33,11,1,7,1,1,1,1,0,0,1,-92,0,6,2,16989101,0,68,0,0,16.6985,384,[0 0 0 0 0 0 0 0 0 0 0 0 4 -11 4 -10 3 -11 3 -10 3 -10 3 -10 3 -10 3 -10 3 -9 3 -10 2 -10 2 -9 2 -9 2 -9 1 -9 1 -9 1 -9 1 -9 1 -9 1 -9 1 -9 1 -9 1 -9 0 -9 0 -9 0 -9 0 0 0 -9 0 -9 0 -9 1 -9 1 -8 1 -9 1 -8 1 -8 1 -8 1 -8 1 -8 1 -7 1 -7 1 -7 2 -7 2 -6 2 -6 2 -6 2 -6 2 -5 2 -5 2 -5 2 -5 2 -5 2 -5 2 -4 0 0 0 0 0 0 0 0 0 0 ]
CSI_DATA,AP,10:B4:1D:CC:60:E0,-33,11,1,7,1,1,1,1,0,0,1,-92,0,6,2,17079221,0,68,0,0,16.7886,384,[0 0 0 0 0 0 0 0 0 0 0 0 -2 -12 -2 -11 -2 -11 -2 -11 -2 -11 -2 -11 -2 -11 -2 -10 -2 -10 -2 -10 -3 -10 -3 -9 -3 -10 -3 -9 -3 -9 -3 -9 -3 -9 -3 -9 -3 -9 -4 -9 -3 -8 -3 -9 -4 -8 -4 -9 -4 -8 -4 -8 0 0 -3 -8 -4 -8 -3 -8 -3 -8 -3 -8 -3 -9 -3 -9 -2 -8 -2 -8 -2 -8 -2 -8 -2 -8 -2 -7 -1 -7 -1 -7 -1 -7 -1 -7 -1 -6 -1 -6 0 -6 0 -6 0 -6 0 -5 1 -5 0 -5 1 -5 0 0 0 0 0 0 0 0 0 0 ]
CSI_DATA,AP,10:B4:1D:CC:60:E0,-33,11,1,7,1,1,1,1,0,0,1,-92,0,6,2,17169243,0,68,0,0,16.8786,384,[0 0 0 0 0 0 0 0 0 0 0 0 11 -2 11 -2 10 -2 10 -2 10 -2 10 -2 10 -2 10 -2 9 -2 9 -2 9 -2 9 -2 8 -2 8 -2 8 -3 8 -3 8 -3 8 -3 8 -3 7 -3 8 -3 7 -3 7 -3 7 -3 7 -3 7 -3 0 0 8 -3 7 -3 7 -3 7 -3 7 -2 7 -2 7 -2 7 -2 7 -2 7 -1 7 -1 6 -1 6 -1 6 -1 6 0 6 0 5 0 5 0 5 0 5 0 5 0 5 0 4 0 4 1 4 1 4 1 0 0 0 0 0 0 0 0 0 0 ]
CSI_DATA,AP,10:B4:1D:CC:60:E0,-32,11,1,7,1,1,1,1,0,0,1,-92,0,6,2,17259193,0,68,0,0,16.9686,384,[0 0 0 0 0 0 0 0 0 0 0 0 -12 -2 -12 -2 -11 -2 -11 -2 -11 -2 -11 -2 -11 -2 -10 -2 -10 -2 -10 -2 -10 -1 -10 -1 -10 -1 -9 -1 -9 -1 -9 -1 -9 -1 -9 0 -9 0 -9 0 -9 0 -9 0 -9 0 -9 0 -9 0 -9 0 0 0 -9 0 -8 0 -9 0 -9 0 -9 0 -8 0 -8 0 -8 -1 -8 -1 -8 -1 -8 -1 -7 -1 -7 -1 -7 -1 -7 -2 -7 -2 -6 -2 -6 -2 -6 -2 -6 -2 -6 -2 -5 -2 -5 -2 -5 -2 -5 -3 -4 -3 0 0 0 0 0 0 0 0 0 0 ]
CSI_DATA,AP,10:B4:1D:CC:60:E0,-32,11,1,7,1,1,1,1,0,0,1,-92,0,6,2,17349184,0,68,0,0,17.0586,384,[0 0 0 0 0 0 0 0 0 0 0 0 11 -1 11 -1 11 -1 11 -1 10 -1 10 -1 10 -1 10 -1 10 -1 9 -1 9 -2 9 -2 9 -2 8 -2 9 -2 8 -2 8 -2 8 -2 8 -3 8 -3 8 -3 8 -3 8 -3 8 -3 8 -3 8 -3 0 0 8 -3 8 -3 8 -3 8 -3 8 -3 7 -2 7 -2 7 -2 7 -2 7 -2 7 -1 7 -1 6 -1 6 -1 6 -1 6 0 6 0 6 0 5 0 5 0 5 0 5 0 5 0 4 0 4 1 4 1 0 0 0 0 0 0 0 0 0 0 ]
CSI_DATA,AP,10:B4:1D:CC:60:E0,-32,11,1,7,1,1,1,1,0,0,1,-92,0,6,2,17439196,0,68,0,0,17.1486,384,[0 0 0 0 0 0 0 0 0 0 0 0 -9 7 -9 6 -9 7 -9 6 -9 6 -8 6 -8 6 -8 6 -8 6 -8 6 -8 6 -7 6 -7 6 -7 6 -7 6 -7 6 -7 6 -6 6 -6 6 -6 6 -6 6 -6 6 -6 6 -6 6 -6 6 -6 6 0 0 -6 6 -6 6 -6 6 -6 5 -6 5 -6 5 -6 5 -6 5 -6 4 -6 4 -6 4 -6 4 -6 3 -6 3 -6 3 -6 2 -6 2 -6 2 -6 2 -5 2 -5 1 -5 1 -5 1 -5 1 -5 0 -5 0 0 0 0 0 0 0 0 0 0 0 ]
CSI_DATA,AP,10:B4:1D:CC:60:E0,-33,11,1,7,1,1,1,1,0,0,1,-92,0,6,2,17529203,0,68,0,0,17.2386,384,[0 0 0 0 0 0 0 0 0 0 0 0 0 -12 0 -12 0 -11 0 -11 0 -11 0 -11 0 -10 -1 -10 -1 -10 -1 -10 -1 -10 -1 -10 -1 -10 -2 -9 -2 -9 -2 -9 -2 -9 -2 -9 -2 -9 -2 -9 -2 -9 -2 -9 -2 -9 -2 -9 -2 -8 -2 -8 0 0 -2 -8 -2 -8 -2 -8 -2 -8 -2 -8 -2 -8 -2 -8 -1 -8 -1 -8 -1 -8 -1 -7 -1 -7 -1 -7 -1 -7 0 -7 0 -6 0 -6 0 -6 0 -6 0 -6 0 -6 1 -5 1 -5 1 -5 1 -5 1 -4 0 0 0 0 0 0 0 0 0 0 ]
CSI_DATA,AP,10:B4:1D:CC:60:E0,-32,11,1,7,1,1,1,1,0,0,1,-92,0,6,2,17619081,0,68,0,0,17.3285,384,[0 0 0 0 0 0 0 0 0 0 0 0 -1 -12 -1 -11 -1 -11 -1 -11 -1 -11 -1 -11 -1 -10 -1 -10 -1 -10 -2 -10 -2 -10 -2 -10 -2 -9 -2 -9 -2 -9 -2 -9 -2 -9 -3 -9 -3 -9 -3 -9 -3 -8 -3 -9 -3 -8 -3 -9 -3 -9 -3 -8 0 0 -3 -8 -3 -8 -3 -8 -3 -8 -3 -8 -2 -8 -2 -8 -2 -8 -2 -8 -2 -8 -2 -8 -1 -7 -1 -7 -1 -7 -1 -7 -1 -7 -1 -7 -1 -6 0 -6 0 -6 0 -6 1 -6 1 -6 1 -5 1 -5 1 -5 0 0 0 0 0 0 0 0 0 0 ]
CSI_DATA,AP,10:B4:1D:CC:60:E0,-31,11,1,7,1,1,1,1,0,0,1,-92,0,6,2,17709135,0,68,0,0,17.4185,384,[0 0 0 0 0 0 0 0 0 0 0 0 8 -8 8 -8 7 -8 7 -8 7 -8 7 -8 7 -8 6 -7 6 -8 6 -7 6 -8 5 -7 5 -8 5 -8 5 -7 5 -8 4 -8 4 -8 4 -8 4 -8 4 -8 3 -8 4 -8 3 -8 3 -8 4 -8 0 0 3 -8 3 -8 3 -8 4 -8 3 -8 4 -8 4 -7 4 -7 4 -7 4 -7 4 -6 4 -6 4 -6 4 -6 4 -6 4 -5 4 -5 4 -5 4 -5 4 -4 4 -4 4 -4 4 -4 4 -3 4 -3 4 -3 0 0 0 0 0 0 0 0 0 0 ]
CSI_DATA,AP,10:B4:1D:CC:60:E0,-32,11,1,7,1,1,1,1,0,0,1,-92,0,6,2,17799145,0,68,0,0,17.5086,384,[0 0 0 0 0 0 0 0 0 0 0 0 9 5 9 5 9 5 9 5 9 4 9 4 8 4 8 4 8 4 8 4 8 3 8 3 8 3 8 3 8 3 8 3 8 2 8 2 8 2 8 2 7 2 8 2 8 2 8 2 7 2 8 2 0 0 8 2 7 2 7 2 8 2 7 2 7 2 7 2 7 2 7 3 7 3 6 3 6 3 6 3 5 3 5 3 5 3 5 3 5 3 4 3 4 3 4 3 3 3 3 3 3 3 3 3 3 4 0 0 0 0 0 0 0 0 0 0 ]
CSI_DATA,AP,10:B4:1D:CC:60:E0,-31,11,1,7,1,1,1,1,0,0,1,-92,0,6,2,17889952,0,68,0,0,17.5994,384,[0 0 0 0 0 0 0 0 0 0 0 0 -8 -9 -8 -8 -8 -9 -8 -8 -8 -8 -8 -8 -8 -8 -8 -8 -7 -7 -7 -7 -7 -7 -7 -7 -7 -7 -7 -6 -7 -6 -8 -6 -7 -6 -8 -6 -7 -6 -7 -6 -7 -6 -7 -5 -8 -5 -7 -5 -8 -5 -8 -5 0 0 -7 -5 -7 -5 -7 -5 -7 -5 -7 -6 -7 -6 -6 -6 -6 -6 -6 -6 -6 -6 -6 -6 -5 -6 -5 -6 -5 -6 -5 -6 -5 -5 -4 -6 -4 -5 -4 -5 -4 -5 -3 -5 -3 -5 -3 -5 -2 -5 -2 -5 -2 -5 0 0 0 0 0 0 0 0 0 0 ]
CSI_DATA,AP,10:B4:1D:CC:60:E0,-31,11,1,7,1,1,1,1,0,0,1,-92,0,6,2,17979121,0,68,0,0,17.6885,384,[0 0 0 0 0 0 0 0 0 0 0 0 -12 -3 -11 -2 -11 -2 -11 -2 -11 -2 -11 -2 -10 -2 -10 -2 -10 -2 -10 -2 -10 -1 -10 -1 -9 -1 -9 -1 -9 -1 -9 -1 -9 0 -9 0 -9 0 -9 0 -9 0 -9 0 -9 0 -9 0 -8 1 -9 1 0 0 -9 0 -8 0 -9 0 -9 0 -8 0 -8 0 -8 0 -8 0 -8 -1 -8 -1 -8 -1 -7 -1 -7 -1 -7 -1 -7 -1 -7 -2 -6 -2 -6 -2 -6 -2 -6 -2 -6 -2 -5 -2 -5 -2 -5 -2 -5 -3 -5 -3 0 0 0 0 0 0 0 0 0 0 ]
CSI_DATA,AP,10:B4:1D:CC:60:E0,-32,11,1,7,1,1,1,1,0,0,1,-92,0,6,2,18069125,0,68,0,0,17.7785,384,[0 0 0 0 0 0 0 0 0 0 0 0 -6 -11 -6 -10 -6 -10 -6 -10 -6 -10 -6 -9 -5 -9 -5 -9 -5 -9 -6 -9 -5 -8 -6 -8 -6 -8 -6 -8 -6 -8 -6 -8 -6 -7 -6 -7 -6 -7 -6 -7 -6 -7 -6 -7 -6 -7 -6 -7 -6 -7 -6 -7 0 0 -6 -7 -6 -7 -6 -7 -6 -7 -6 -7 -5 -7 -5 -7 -5 -7 -5 -7 -5 -7 -5 -7 -4 -7 -4 -7 -3 -7 -3 -7 -3 -6 -3 -6 -3 -6 -3 -6 -2 -6 -2 -6 -2 -6 -1 -6 -1 -6 -1 -5 -1 -5 0 0 0 0 0 0 0 0 0 0 ]
CSI_DATA,AP,10:B4:1D:CC:60:E0,-32,11,1,7,1,1,1,1,0,0,1,-92,0,6,2,18159251,0,68,0,0,17.8687,384,[0 0 0 0 0 0 0 0 0 0 0 0 7 8 7 8 7 7 6 7 6 7 6 7 6 7 6 7 6 6 6 6 6 6 6 6 6 5 6 5 6 5 6 5 6 5 6 5 6 4 6 5 6 4 6 4 6 4 6 4 6 4 6 4 0 0 6 4 6 4 6 4 6 4 6 4 6 5 6 5 5 5 5 5 5 5 5 5 4 5 4 5 4 5 4 5 3 5 3 5 3 4 3 4 2 4 2 4 2 4 2 4 1 4 1 4 1 4 0 0 0 0 0 0 0 0 0 0 ]
CSI_DATA,AP,10:B4:1D:CC:60:E0,-31,11,1,7,1,1,1,1,0,0,1,-92,0,6,2,18249073,0,68,0,0,17.9585,384,[0 0 0 0 0 0 0 0 0 0 0 0 2 -12 2 -11 2 -11 2 -11 2 -11 2 -11 2 -10 2 -10 1 -10 1 -10 1 -10 1 -10 0 -10 0 -9 0 -10 0 -9 0 -9 0 -9 -1 -9 -1 -9 -1 -9 -1 -9 -1 -9 -1 -9 -1 -9 -1 -9 0 0 -1 -9 -1 -9 -1 -9 -1 -9 -1 -9 0 -9 0 -9 0 -9 0 -8 0 -8 0 -8 0 -8 1 -8 1 -8 1 -7 1 -7 1 -7 1 -6 1 -6 1 -6 1 -6 2 -6 2 -6 2 -5 2 -5 2 -5 0 0 0 0 0 0 0 0 0 0 ]
CSI_DATA,AP,10:B4:1D:CC:60:E0,-31,11,1,7,1,1,1,1,0,0,1,-92,0,6,2,18340714,0,68,0,0,18.0501,384,[0 0 0 0 0 0 0 0 0 0 0 0 -8 8 -8 8 -7 8 -7 8 -7 8 -7 8 -7 7 -7 7 -7 7 -6 7 -6 7 -6 7 -5 7 -5 7 -5 7 -5 7 -5 7 -5 7 -4 7 -5 7 -4 7 -4 7 -4 7 -4 8 -4 8 -4 7 0 0 -4 8 -4 7 -4 8 -4 7 -4 7 -4 7 -5 7 -5 6 -5 6 -5 6 -5 6 -5 6 -5 6 -5 5 -5 5 -5 5 -5 5 -5 4 -5 4 -5 4 -5 3 -5 3 -5 3 -5 3 -5 2 -5 2 0 0 0 0 0 0 0 0 0 0 ]
CSI_DATA,AP,10:B4:1D:CC:60:E0,-31,11,1,7,1,1,1,1,0,0,1,-92,0,6,2,18429035,0,68,0,0,18.1384,384,[0 0 0 0 0 0 0 0 0 0 0 0 7 -9 7 -9 7 -9 7 -8 6 -8 6 -8 6 -8 6 -8 6 -8 5 -8 5 -8 5 -8 5 -8 4 -8 4 -8 4 -8 4 -8 4 -8 4 -8 3 -8 4 -8 3 -8 3 -8 3 -8 3 -8 3 -8 0 0 3 -8 3 -8 3 -8 3 -8 3 -8 3 -8 4 -8 4 -8 4 -7 4 -7 4 -7 4 -7 4 -6 4 -6 4 -6 4 -5 4 -6 4 -5 4 -5 4 -4 4 -4 4 -4 4 -4 4 -4 4 -3 4 -3 0 0 0 0 0 0 0 0 0 0 ]
CSI_DATA,AP,10:B4:1D:CC:60:E0,-31,11,1,7,1,1,1,1,0,0,1,-92,0,6,2,18520353,0,68,0,0,18.2298,384,[0 0 0 0 0 0 0 0 0 0 0 0 4 -11 4 -10 4 -10 4 -10 4 -10 4 -10 4 -10 4 -10 3 -10 3 -10 3 -10 3 -9 2 -9 2 -9 2 -9 2 -9 2 -9 2 -9 1 -9 1 -9 1 -9 1 -9 1 -9 1 -9 1 -9 1 -9 0 0 1 -9 1 -9 1 -9 1 -9 1 -9 2 -9 2 -9 2 -9 2 -8 2 -8 2 -8 2 -8 2 -7 2 -7 3 -7 3 -6 3 -6 3 -6 3 -6 3 -5 3 -5 3 -5 3 -5 3 -5 3 -4 3 -4 0 0 0 0 0 0 0 0 0 0 ]
CSI_DATA,AP,10:B4:1D:CC:60:E0,-31,11,1,7,1,1,1,1,0,0,1,-92,0,6,2,18609508,0,68,0,0,18.3189,384,[0 0 0 0 0 0 0 0 0 0 0 0 -10 6 -9 6 -9 6 -9 6 -9 6 -9 6 -8 6 -9 6 -8 6 -8 6 -8 6 -8 6 -7 6 -7 6 -7 6 -7 6 -6 6 -6 6 -6 6 -6 7 -6 6 -6 7 -6 6 -6 7 -6 6 -6 6 0 0 -6 7 -6 6 -6 7 -6 7 -6 6 -6 6 -6 6 -6 5 -6 5 -6 5 -6 5 -6 5 -6 4 -6 4 -6 4 -6 3 -6 4 -6 3 -6 3 -6 3 -6 2 -6 2 -6 2 -6 2 -6 1 -6 1 0 0 0 0 0 0 0 0 0 0 ]
CSI_DATA,AP,10:B4:1D:CC:60:E0,-31,11,1,7,1,1,1,1,0,0,1,-92,0,6,2,18699047,0,68,0,0,18.4085,384,[0 0 0 0 0 0 0 0 0 0 0 0 0 11 0 11 0 10 0 10 0 10 0 10 0 10 0 9 0 10 1 9 1 9 1 9 1 9 1 8 2 9 2 8 2 8 2 8 2 8 2 8 2 8 2 8 2 8 3 8 3 8 3 7 0 0 2 8 3 8 2 8 2 8 2 8 2 8 2 8 1 8 1 7 1 7 1 7 1 7 1 7 0 7 0 6 0 6 0 6 0 6 0 6 -1 5 -1 5 -1 5 -1 5 -2 5 -1 5 -2 5 0 0 0 0 0 0 0 0 0 0 ]
CSI_DATA,AP,10:B4:1D:CC:60:E0,-31,11,1,7,1,1,1,1,0,0,1,-92,0,6,2,18789142,0,68,0,0,18.4985,384,[0 0 0 0 0 0 0 0 0 0 0 0 -12 -1 -11 -1 -11 -1 -11 -1 -11 -1 -11 -1 -10 -1 -10 -1 -10 0 -10 0 -10 0 -10 0 -10 0 -9 0 -9 0 -9 1 -9 1 -9 1 -9 1 -9 1 -9 1 -9 1 -9 1 -9 2 -9 2 -9 1 0 0 -9 1 -9 1 -9 1 -9 1 -9 1 -9 1 -9 1 -8 0 -9 0 -8 0 -8 0 -8 0 -8 0 -7 -1 -7 -1 -7 -1 -7 -1 -7 -1 -7 -2 -6 -2 -6 -2 -6 -2 -6 -2 -6 -2 -5 -2 -5 -3 0 0 0 0 0 0 0 0 0 0 ]
CSI_DATA,AP,10:B4:1D:CC:60:E0,-31,11,1,7,1,1,1,1,0,0,1,-92,0,6,2,18879105,0,68,0,0,18.5885,384,[0 0 0 0 0 0 0 0 0 0 0 0 -8 8 -8 7 -8 7 -8 7 -8 7 -8 7 -7 7 -7 7 -7 7 -7 7 -7 7 -6 7 -6 7 -6 7 -6 7 -6 7 -6 7 -5 7 -5 7 -5 7 -5 7 -5 7 -5 7 -5 7 -5 7 -5 7 0 0 -5 7 -5 7 -5 7 -5 7 -5 7 -5 7 -5 6 -5 6 -6 6 -6 6 -6 5 -5 5 -6 5 -6 5 -6 4 -6 4 -6 4 -5 3 -5 3 -5 3 -5 3 -5 3 -5 2 -5 2 -5 2 -5 1 0 0 0 0 0 0 0 0 0 0 ]
CSI_DATA,AP,10:B4:1D:CC:60:E0,-31,11,1,7,1,1,1,1,0,0,1,-92,0,6,2,18969323,0,68,0,0,18.6787,384,[0 0 0 0 0 0 0 0 0 0 0 0 10 -6 9 -6 9 -6 9 -6 9 -6 9 -6 8 -6 8 -5 8 -6 8 -6 8 -6 7 -6 7 -6 7 -6 7 -6 7 -6 6 -6 6 -6 6 -6 6 -7 6 -6 6 -6 6 -7 6 -7 6 -7 6 -7 0 0 6 -7 6 -7 6 -6 6 -6 6 -6 6 -6 6 -6 6 -5 6 -5 6 -5 6 -5 6 -5 6 -5 6 -4 6 -4 5 -4 6 -4 5 -3 5 -3 5 -3 5 -2 5 -2 5 -2 5 -2 5 -2 5 -1 0 0 0 0 0 0 0 0 0 0 ]
CSI_DATA,AP,10:B4:1D:CC:60:E0,-31,11,1,7,1,1,1,1,0,0,1,-92,0,6,2,19059227,0,68,0,0,18.7686,384,[0 0 0 0 0 0 0 0 0 0 0 0 11 -1 11 -1 10 -1 10 -1 10 -1 10 -1 10 -1 10 -1 9 -1 9 -1 9 -2 9 -2 9 -2 9 -2 9 -2 8 -2 8 -2 8 -2 8 -3 8 -3 8 -3 8 -3 8 -3 8 -3 8 -3 8 -3 0 0 8 -3 8 -3 8 -3 8 -3 8 -3 8 -2 8 -2 8 -2 8 -2 7 -2 7 -2 7 -1 7 -1 7 -1 6 -1 7 -1 6 -1 6 0 6 0 5 0 5 0 5 0 5 1 5 1 5 1 4 1 0 0 0 0 0 0 0 0 0 0 ]
CSI_DATA,AP,10:B4:1D:CC:60:E0,-31,11,1,7,1,1,1,1,0,0,1,-92,0,6,2,19149753,0,68,0,0,18.8592,384,[0 0 0 0 0 0 0 0 0 0 0 0 -6 10 -6 9 -5 9 -6 9 -5 9 -5 9 -5 9 -5 9 -5 9 -4 9 -4 9 -4 8 -4 8 -4 8 -3 8 -3 8 -3 8 -3 8 -2 8 -2 8 -2 8 -2 8 -2 8 -2 8 -2 8 -2 8 0 0 -2 8 -2 8 -2 8 -2 8 -2 8 -2 8 -2 8 -3 8 -3 7 -3 7 -3 7 -3 7 -3 7 -3 6 -3 6 -3 6 -3 6 -3 5 -3 5 -3 5 -4 4 -3 4 -4 4 -4 4 -4 3 -4 3 0 0 0 0 0 0 0 0 0 0 ]
CSI_DATA,AP,10:B4:1D:CC:60:E0,-31,11,1,7,1,1,1,1,0,0,1,-92,0,6,2,19239852,0,68,0,0,18.9493,384,[0 0 0 0 0 0 0 0 0 0 0 0 -11 -5 -11 -5 -11 -5 -11 -5 -10 -4 -10 -4 -10 -4 -10 -4 -10 -4 -10 -4 -10 -3 -10 -3 -9 -3 -9 -3 -9 -3 -9 -2 -9 -3 -9 -2 -9 -2 -9 -2 -9 -2 -9 -2 -9 -2 -9 -2 -9 -2 -9 -2 0 0 -9 -2 -9 -2 -9 -2 -9 -2 -9 -2 -8 -2 -8 -2 -8 -2 -8 -3 -8 -3 -8 -3 -7 -3 -7 -3 -7 -3 -7 -3 -6 -3 -6 -3 -6 -3 -6 -3 -5 -3 -5 -3 -5 -4 -5 -4 -4 -3 -4 -4 -4 -4 0 0 0 0 0 0 0 0 0 0 ]
CSI_DATA,AP,10:B4:1D:CC:60:E0,-30,11,1,7,1,1,1,1,0,0,1,-92,0,6,2,19329157,0,68,0,0,19.0386,384,[0 0 0 0 0 0 0 0 0 0 0 0 -11 4 -11 4 -11 4 -10 4 -10 3 -10 4 -10 4 -10 4 -10 3 -9 4 -9 4 -9 4 -9 4 -8 4 -8 4 -8 4 -8 4 -8 4 -8 4 -8 4 -8 4 -7 4 -7 4 -7 5 -7 5 -7 5 0 0 -8 5 -7 4 -7 4 -8 4 -7 4 -7 4 -7 4 -7 3 -8 3 -7 3 -7 3 -7 3 -7 3 -7 2 -7 2 -7 2 -6 2 -6 1 -6 1 -6 1 -6 0 -6 0 -6 0 -6 0 -6 0 -5 -1 0 0 0 0 0 0 0 0 0 0 ]
CSI_DATA,AP,10:B4:1D:CC:60:E0,-31,11,1,7,1,1,1,1,0,0,1,-92,0,6,2,19419085,0,68,0,0,19.1285,384,[0 0 0 0 0 0 0 0 0 0 0 0 -11 4 -11 4 -10 3 -10 3 -10 3 -10 3 -10 3 -9 3 -9 3 -9 3 -9 3 -9 3 -8 4 -8 4 -8 4 -8 4 -8 4 -8 4 -7 4 -7 4 -7 4 -7 4 -7 4 -7 4 -7 4 -7 4 0 0 -7 4 -7 4 -7 4 -7 4 -7 4 -7 3 -7 3 -7 3 -7 3 -7 3 -7 2 -7 2 -7 2 -6 2 -7 1 -6 1 -6 1 -6 1 -6 1 -6 0 -6 0 -5 0 -5 0 -5 0 -5 -1 -5 -1 0 0 0 0 0 0 0 0 0 0 ]
CSI_DATA,AP,10:B4:1D:CC:60:E0,-32,11,1,7,1,1,1,1,0,0,1,-92,0,6,2,19509147,0,68,0,0,19.2186,384,[0 0 0 0 0 0 0 0 0 0 0 0 9 -8 8 -7 8 -7 8 -7 8 -7 8 -7 8 -7 7 -7 7 -6 7 -7 7 -7 7 -6 6 -7 6 -7 6 -6 6 -7 6 -7 6 -7 5 -7 5 -7 5 -7 5 -7 5 -7 5 -7 5 -7 5 -7 0 0 5 -7 5 -7 5 -6 5 -6 5 -6 5 -6 5 -6 5 -5 5 -5 5 -5 5 -5 5 -5 5 -4 5 -4 5 -4 5 -3 4 -4 4 -3 4 -3 4 -3 4 -2 4 -2 4 -2 4 -2 4 -1 4 -1 0 0 0 0 0 0 0 0 0 0 ]
CSI_DATA,AP,10:B4:1D:CC:60:E0,-31,11,1,7,1,1,1,1,0,0,1,-91,0,6,2,19599116,0,68,0,0,19.3085,384,[0 0 0 0 0 0 0 0 0 0 0 0 2 -11 2 -11 2 -11 2 -11 1 -11 2 -10 1 -10 1 -10 1 -10 1 -10 1 -10 1 -10 1 -9 0 -9 0 -9 0 -9 0 -9 0 -9 0 -9 -1 -9 0 -9 0 -9 0 -9 -1 -9 -1 -9 -1 -9 0 0 0 -9 0 -9 0 -8 0 -8 0 -8 0 -8 0 -8 0 -8 1 -8 1 -8 1 -7 1 -7 1 -7 1 -7 1 -7 1 -6 2 -6 1 -6 1 -5 2 -5 2 -5 2 -5 2 -5 2 -5 2 -4 2 -4 0 0 0 0 0 0 0 0 0 0 ]
CSI_DATA,AP,10:B4:1D:CC:60:E0,-31,11,1,7,1,1,1,1,0,0,1,-91,0,6,2,19689136,0,68,0,0,19.3985,384,[0 0 0 0 0 0 0 0 0 0 0 0 -12 -1 -12 -1 -11 -1 -11 -1 -11 -1 -11 -1 -11 -1 -11 -1 -10 -1 -10 -1 -10 0 -10 0 -10 0 -9 0 -9 0 -9 0 -9 0 -9 0 -9 1 -9 1 -9 1 -9 1 -9 1 -9 1 -9 1 -9 1 0 0 -9 1 -9 1 -9 1 -9 1 -9 0 -9 0 -8 0 -8 0 -8 -1 -8 -1 -8 -1 -8 -1 -7 -1 -7 -1 -7 -1 -7 -2 -7 -1 -6 -2 -6 -2 -6 -2 -6 -2 -6 -2 -5 -2 -5 -2 -5 -3 -5 -3 0 0 0 0 0 0 0 0 0 0 ]
CSI_DATA,AP,10:B4:1D:CC:60:E0,-31,11,1,7,1,1,1,1,0,0,1,-91,0,6,2,19779305,0,68,0,0,19.4887,384,[0 0 0 0 0 0 0 0 0 0 0 0 -11 -6 -11 -5 -10 -5 -10 -5 -10 -5 -10 -5 -10 -5 -10 -5 -10 -4 -9 -4 -9 -4 -9 -4 -9 -3 -9 -3 -9 -3 -9 -3 -9 -3 -9 -3 -9 -2 -9 -2 -9 -3 -9 -2 -9 -2 -9 -2 -9 -2 -9 -2 0 0 -9 -2 -9 -2 -9 -2 -9 -2 -8 -2 -8 -3 -8 -3 -8 -3 -8 -3 -8 -3 -8 -3 -7 -3 -7 -3 -7 -4 -7 -3 -6 -3 -6 -4 -6 -4 -6 -4 -5 -4 -5 -4 -5 -4 -4 -4 -4 -4 -4 -4 -4 -4 0 0 0 0 0 0 0 0 0 0 ]

