--- Warning: GDB cannot open serial ports accessed as COMx
--- Using \\.\COM5 instead...
--- esp-idf-monitor 1.9.0 on \\.\COM5 115200
--- Quit: Ctrl+] | Menu: Ctrl+T | Help: Ctrl+T followed by Ctrl+H
Executing action: monitor
Running idf_monitor in directory C:\ESP32-CSI-Tool\active_ap
Executing "C:\Espressif\python_env\idf5.5_py3.11_env\Scripts\python.exe C:\Espressif\frameworks\esp-idf-v5.5.4-3\tools/idf_monitor.py -p COM5 -b 115200 --toolchain-prefix xtensa-esp32s3-elf- --target esp32s3 --revision 0 C:\ESP32-CSI-Tool\active_ap\build\active-ap.elf C:\ESP32-CSI-Tool\active_ap\build\bootloader\bootloader.elf --force-color -m 'C:\Espressif\python_env\idf5.5_py3.11_env\Scripts\python.exe' 'C:\Espressif\frameworks\esp-idf-v5.5.4-3\tools\idf.py' '-p' 'COM5'"...
ESP-ROM:esp32s3-20210327
Build:Mar 27 2021
rst:0x1 (POWERON),boot:0x8 (SPI_FAST_FLASH_BOOT)
SPIWP:0xee
mode:DIO, clock div:1
load:0x3fce2820,len:0x14f0
load:0x403c8700,len:0xd24
--- 0x403c8700: _stext at ??:?
load:0x403cb700,len:0x2ef0
entry 0x403c8924
--- 0x403c8924: call_start_cpu0 at C:/Espressif/frameworks/esp-idf-v5.5.4-3/components/bootloader/subproject/main/bootloader_start.c:27
I (24) boot: ESP-IDF v5.5.4 2nd stage bootloader
I (25) boot: compile time Jun 25 2026 19:04:14
I (25) boot: Multicore bootloader
I (25) boot: chip revision: v0.2
I (28) boot: efuse block revision: v1.3
I (31) boot.esp32s3: Boot SPI Speed : 80MHz
I (35) boot.esp32s3: SPI Mode       : DIO
I (39) boot.esp32s3: SPI Flash Size : 2MB
I (43) boot: Enabling RNG early entropy source...
I (47) boot: Partition Table:
I (50) boot: ## Label            Usage          Type ST Offset   Length
I (56) boot:  0 nvs              WiFi data        01 02 00009000 00006000
I (63) boot:  1 phy_init         RF data          01 01 0000f000 00001000
I (69) boot:  2 factory          factory app      00 00 00010000 00100000
I (76) boot: End of partition table
I (79) esp_image: segment 0: paddr=00010020 vaddr=3c0c0020 size=1e414h (123924) map
I (108) esp_image: segment 1: paddr=0002e43c vaddr=3fc9a400 size=01bdch (  7132) load
I (110) esp_image: segment 2: paddr=00030020 vaddr=42000020 size=b082ch (722988) map
I (239) esp_image: segment 3: paddr=000e0854 vaddr=3fc9bfdc size=03320h ( 13088) load
I (242) esp_image: segment 4: paddr=000e3b7c vaddr=40374000 size=1631ch ( 90908) load
I (263) esp_image: segment 5: paddr=000f9ea0 vaddr=50000000 size=00020h (    32) load
I (272) boot: Loaded app from partition at offset 0x10000
I (272) boot: Disabling RNG early entropy source...
I (282) cpu_start: Multicore app
I (291) cpu_start: GPIO 44 and 43 are used as console UART I/O pins
I (292) cpu_start: Pro cpu start user code
I (292) cpu_start: cpu freq: 160000000 Hz
I (293) app_init: Application information:
I (297) app_init: Project name:     active-ap
I (301) app_init: App version:      cce5b1a-dirty
I (305) app_init: Compile time:     Jul  2 2026 19:28:44
I (311) app_init: ELF file SHA256:  509764614...
I (315) app_init: ESP-IDF:          v5.5.4
I (319) efuse_init: Min chip rev:     v0.0
I (322) efuse_init: Max chip rev:     v0.99 
I (326) efuse_init: Chip rev:         v0.2
I (330) heap_init: Initializing. RAM available for dynamic allocation:
I (337) heap_init: At 3FCA4190 len 00045580 (277 KiB): RAM
I (342) heap_init: At 3FCE9710 len 00005724 (21 KiB): RAM
I (347) heap_init: At 3FCF0000 len 00008000 (32 KiB): DRAM
I (352) heap_init: At 600FE000 len 00001FE8 (7 KiB): RTCRAM
I (359) spi_flash: detected chip: generic
I (361) spi_flash: flash io: dio
W (364) spi_flash: Detected size(16384k) larger than the size in the binary image header(2048k). Using the size in the binary image header.
I (377) sleep_gpio: Configure to isolate all GPIO pins in sleep state
I (383) sleep_gpio: Enable automatic switching of GPIO sleep configuration
I (390) main_task: Started on CPU0
I (410) main_task: Calling app_main()








-----------------------
ESP32 CSI Tool Settings
-----------------------
PROJECT_NAME: ACTIVE_AP
CONFIG_ESPTOOLPY_MONITOR_BAUD: 115200
CONFIG_ESP_CONSOLE_UART_BAUDRATE: 115200
IDF_VER: v5.5.4
-----------------------
WIFI_CHANNEL: 6
ESP_WIFI_SSID: testopen
ESP_WIFI_PASSWORD: 
SHOULD_COLLECT_CSI: 1
SHOULD_COLLECT_ONLY_LLTF: 1
SEND_CSI_TO_SERIAL: 1
SEND_CSI_TO_SD: 0
-----------------------








I (460) pp: pp rom version: e7ae62f
I (460) net80211: net80211 rom version: e7ae62f
I (470) wifi:wifi driver task: 3fced484, prio:23, stack:6656, core=0
I (470) wifi:wifi firmware version: 0947e8b
I (470) wifi:wifi certification version: v7.0
I (470) wifi:config NVS flash: enabled
I (470) wifi:config nano formatting: disabled
I (480) wifi:Init data frame dynamic rx buffer num: 32
I (480) wifi:Init static rx mgmt buffer num: 5
I (490) wifi:Init management short buffer num: 32
I (490) wifi:Init dynamic tx buffer num: 32
I (500) wifi:Init static tx FG buffer num: 2
I (500) wifi:Init static rx buffer size: 2212
I (500) wifi:Init static rx buffer num: 10
I (510) wifi:Init dynamic rx buffer num: 32
I (510) wifi_init: rx ba win: 6
I (510) wifi_init: accept mbox: 6
I (520) wifi_init: tcpip mbox: 32
I (520) wifi_init: udp mbox: 6
I (520) wifi_init: tcp mbox: 6
I (530) wifi_init: tcp tx win: 5760
I (530) wifi_init: tcp rx win: 5760
I (530) wifi_init: tcp mss: 1440
I (540) wifi_init: WiFi IRAM OP enabled
I (540) wifi_init: WiFi RX IRAM OP enabled
W (550) wifi:Affected by the ESP-NOW encrypt num, set the max connection num to 10
I (550) phy_init: phy_version 711,97bcf0a2,Aug 25 2025,19:04:10
I (600) wifi:mode : softAP (10:b4:1d:cc:60:ad)
I (610) wifi:Total power save buffer number: 16
I (610) wifi:Init max length of beacon: 752/752
I (610) wifi:Init max length of beacon: 752/752
I (610) wifi:Set ps type: 0, coexist: 0
I (610) esp_netif_lwip: DHCP server started on interface WIFI_AP_DEF with IP: 192.168.4.1

I (620) Active CSI collection (AP): softap_init finished. SSID:testopen password:
type,role,mac,rssi,rate,sig_mode,mcs,bandwidth,smoothing,not_sounding,aggregation,stbc,fec_coding,sgi,noise_floor,ampdu_cnt,channel,secondary_channel,local_timestamp,ant,sig_len,rx_state,real_time_set,real_timestamp,len,CSI_DATA
I (650) main_task: Returned from app_main()
I (3090) wifi:new:<6,2>, old:<6,2>, ap:<6,2>, sta:<255,255>, prof:6, snd_ch_cfg:0x0
I (3100) wifi:station: 10:b4:1d:cc:60:e0 join, AID=1, bgn, 40D
I (3100) Active CSI collection (AP): station join, AID=1
CSI_DATA,AP,00:00:00:00:00:00,-18,11,0,0,0,0,0,0,0,0,0,-93,0,6,2,3098269,0,14,0,0,2.80908,128,[0 0 0 0 0 0 0 0 0 0 0 0 -4 15 -4 15 -4 14 -4 14 -3 14 -3 14 -3 14 -3 14 -2 13 -2 13 -2 14 -1 13 -1 13 -1 13 -1 13 0 13 0 13 0 13 1 13 1 13 1 13 1 13 2 13 2 13 2 13 2 13 0 0 2 14 2 14 2 14 2 14 2 14 1 14 1 14 1 14 0 13 0 13 0 13 0 13 0 12 -1 12 -1 12 -1 11 -1 11 -2 11 -2 11 -3 10 -3 10 -3 9 -3 9 -3 9 -4 8 -4 8 0 0 0 0 0 0 0 0 0 0 ]
CSI_DATA,AP,10:B4:1D:CC:60:E0,-18,11,0,0,0,0,0,0,0,0,0,-93,0,6,2,3124055,0,374,0,0,2.84914,128,[0 0 0 0 0 0 0 0 0 0 0 0 5 14 5 14 5 14 5 13 6 13 6 13 6 12 6 12 6 12 6 11 7 11 7 11 7 11 7 11 7 11 8 10 8 10 8 10 8 10 8 9 9 9 9 9 9 9 9 9 9 9 10 9 0 0 10 10 10 9 9 10 9 10 9 10 9 10 9 10 9 10 8 10 8 10 8 10 7 10 7 10 6 10 6 10 6 10 5 9 5 9 5 9 4 9 4 9 3 9 3 9 2 9 2 9 1 9 0 0 0 0 0 0 0 0 0 0 ]
CSI_DATA,AP,00:00:00:00:00:00,-18,11,0,0,0,0,0,0,0,0,0,-93,0,6,2,3180549,0,14,0,0,2.88995,128,[0 0 0 0 0 0 0 0 0 0 0 0 8 13 8 12 8 12 8 12 8 12 8 11 8 11 8 11 9 10 9 10 9 10 9 9 9 9 9 9 9 9 10 8 10 8 10 8 10 8 10 8 10 8 11 7 11 7 11 7 11 7 11 7 0 0 11 7 12 7 11 7 12 8 11 8 11 8 11 8 10 8 10 8 10 8 10 8 9 9 9 8 8 8 8 8 7 8 7 8 7 8 6 8 6 8 5 8 5 8 5 8 4 8 3 8 3 8 0 0 0 0 0 0 0 0 0 0 ]
CSI_DATA,AP,10:B4:1D:CC:60:E0,-18,11,0,0,0,0,0,0,0,0,0,-93,0,6,2,3182113,0,374,0,0,2.91677,128,[0 0 0 0 0 0 0 0 0 0 0 0 -16 2 -16 2 -16 2 -16 2 -15 2 -15 2 -15 2 -15 3 -14 3 -14 3 -14 4 -13 4 -13 4 -13 5 -13 5 -13 5 -13 5 -13 5 -13 5 -13 6 -12 6 -13 6 -12 6 -12 7 -12 7 -12 7 0 0 -13 7 -13 7 -13 7 -13 7 -13 6 -13 6 -13 6 -13 6 -14 5 -13 5 -13 5 -13 5 -13 4 -13 4 -12 3 -12 3 -12 2 -12 2 -11 2 -11 1 -11 1 -11 0 -10 0 -10 0 -10 0 -10 -1 0 0 0 0 0 0 0 0 0 0 ]
I (3250) esp_netif_lwip: DHCP server assigned IP to a client, IP is: 192.168.4.2
CSI_DATA,AP,00:00:00:00:00:00,-18,11,0,0,0,0,0,0,0,0,0,-93,0,6,2,3252531,0,14,0,0,2.96195,128,[0 0 0 0 0 0 0 0 0 0 0 0 4 -16 4 -15 4 -15 3 -15 3 -15 3 -15 3 -15 3 -14 2 -14 2 -14 2 -14 1 -14 1 -14 1 -14 1 -14 0 -14 0 -14 0 -14 -1 -14 -1 -14 -1 -14 -1 -14 -1 -14 -2 -15 -2 -14 -2 -14 0 0 -1 -15 -2 -15 -1 -14 -1 -15 -1 -15 0 -15 0 -15 0 -15 0 -14 0 -14 0 -14 1 -14 1 -13 1 -13 2 -13 2 -12 2 -12 2 -12 3 -11 3 -11 3 -10 3 -10 4 -10 4 -9 4 -9 4 -8 0 0 0 0 0 0 0 0 0 0 ]
CSI_DATA,AP,10:B4:1D:CC:60:E0,-18,11,0,0,0,0,0,0,0,0,0,-93,0,6,2,3253330,0,66,0,0,3.00444,128,[0 0 0 0 0 0 0 0 0 0 0 0 -14 8 -14 8 -13 8 -13 8 -13 8 -12 8 -12 8 -12 8 -12 8 -11 8 -11 9 -11 9 -11 9 -10 9 -10 9 -10 9 -9 9 -10 9 -9 10 -9 10 -9 10 -9 10 -9 10 -9 11 -9 11 -9 11 0 0 -9 11 -9 11 -9 11 -10 11 -10 11 -10 10 -10 10 -10 10 -11 9 -10 9 -10 9 -10 8 -10 8 -10 8 -10 7 -10 7 -10 6 -10 6 -10 5 -10 5 -10 5 -10 4 -10 4 -10 3 -9 3 -9 2 0 0 0 0 0 0 0 0 0 0 ]
CSI_DATA,AP,10:B4:1D:CC:60:E0,-18,11,0,0,0,0,0,0,0,0,0,-93,0,6,2,3750167,0,66,0,0,3.45964,128,[0 0 0 0 0 0 0 0 0 0 0 0 -2 -16 -2 -16 -2 -15 -2 -16 -2 -15 -3 -15 -3 -15 -3 -14 -3 -14 -4 -14 -4 -14 -4 -14 -4 -14 -5 -13 -5 -13 -5 -13 -5 -13 -5 -13 -6 -13 -6 -12 -6 -13 -6 -12 -7 -12 -7 -13 -7 -12 -7 -13 0 0 -7 -13 -7 -13 -7 -13 -7 -13 -7 -13 -7 -13 -6 -13 -6 -13 -6 -13 -5 -13 -5 -13 -5 -13 -4 -13 -4 -13 -3 -12 -3 -12 -3 -12 -3 -12 -2 -11 -2 -11 -2 -11 -1 -11 -1 -10 -1 -10 0 -10 1 -10 0 0 0 0 0 0 0 0 0 0 ]
CSI_DATA,AP,10:B4:1D:CC:60:E0,-18,11,0,0,0,0,0,0,0,0,0,-93,0,6,2,3950092,0,66,0,0,3.65955,128,[0 0 0 0 0 0 0 0 0 0 0 0 13 -9 12 -9 12 -9 12 -9 12 -9 11 -9 11 -9 11 -9 10 -9 10 -9 10 -10 10 -10 9 -10 9 -10 9 -10 9 -10 8 -10 8 -11 8 -11 8 -11 8 -11 7 -11 8 -11 8 -12 7 -12 8 -12 0 0 8 -12 8 -12 8 -12 8 -12 8 -12 8 -12 8 -11 9 -11 9 -11 9 -10 9 -10 9 -10 9 -9 9 -9 9 -8 9 -8 9 -7 9 -7 8 -7 9 -6 8 -6 8 -5 8 -5 8 -4 8 -4 8 -3 0 0 0 0 0 0 0 0 0 0 ]
CSI_DATA,AP,10:B4:1D:CC:60:E0,-18,11,0,0,0,0,0,0,0,0,0,-92,0,6,2,4636418,0,66,0,0,4.34589,128,[0 0 0 0 0 0 0 0 0 0 0 0 -9 -14 -9 -14 -9 -14 -9 -13 -9 -13 -9 -13 -9 -13 -9 -12 -9 -12 -9 -12 -9 -11 -10 -11 -10 -11 -10 -11 -10 -10 -10 -10 -10 -10 -10 -10 -10 -9 -11 -9 -11 -9 -11 -9 -11 -9 -12 -9 -12 -9 -12 -9 0 0 -12 -9 -12 -9 -12 -9 -12 -10 -12 -10 -11 -10 -11 -10 -11 -10 -10 -10 -10 -10 -10 -10 -10 -10 -9 -10 -8 -10 -8 -10 -7 -10 -7 -10 -7 -10 -6 -10 -6 -10 -5 -10 -5 -10 -5 -10 -4 -10 -4 -10 -3 -9 0 0 0 0 0 0 0 0 0 0 ]
CSI_DATA,AP,00:00:00:00:00:00,-18,11,0,0,0,0,0,0,0,0,0,-92,0,6,2,4674856,0,14,0,0,4.38431,128,[0 0 0 0 0 0 0 0 0 0 0 0 15 -1 15 -1 15 -1 15 -1 14 -2 14 -2 14 -2 14 -3 14 -2 13 -3 13 -3 13 -4 13 -4 13 -4 13 -4 12 -4 12 -5 12 -5 12 -5 12 -6 12 -6 12 -6 11 -6 12 -7 12 -7 12 -7 0 0 12 -7 12 -7 13 -7 12 -7 13 -7 12 -6 13 -6 12 -6 13 -6 12 -5 12 -5 12 -4 12 -4 12 -4 11 -3 11 -3 11 -3 11 -3 10 -2 10 -2 10 -2 10 -1 10 -1 9 0 9 0 9 0 0 0 0 0 0 0 0 0 0 0 ]
CSI_DATA,AP,00:00:00:00:00:00,-19,9,0,0,0,0,0,0,0,0,0,-92,0,6,2,4675087,0,14,0,0,4.42173,128,[0 0 0 0 0 0 0 0 0 0 0 0 15 1 15 1 15 1 15 1 14 1 14 1 14 1 14 0 14 0 14 0 14 -1 13 -1 13 -1 13 -2 13 -2 13 -2 13 -2 13 -3 13 -3 13 -3 13 -3 13 -3 13 -4 13 -4 13 -4 13 -4 0 0 13 -4 13 -4 13 -4 14 -4 14 -4 13 -3 14 -3 14 -3 13 -2 13 -2 13 -2 13 -2 13 -1 12 -1 12 0 11 0 11 0 11 0 11 1 10 1 10 1 10 2 9 2 9 2 9 3 8 3 0 0 0 0 0 0 0 0 0 0 ]
CSI_DATA,AP,10:B4:1D:CC:60:E0,-18,11,0,0,0,0,0,0,0,0,0,-92,0,6,2,4675321,0,37,0,0,4.45893,128,[0 0 0 0 0 0 0 0 0 0 0 0 15 0 15 -1 15 -1 14 -1 15 -1 14 -1 14 -1 14 -1 14 -2 13 -2 13 -2 13 -3 13 -3 13 -3 12 -3 13 -4 12 -4 12 -4 12 -4 12 -5 12 -5 12 -5 12 -5 12 -6 12 -6 12 -6 0 0 12 -6 13 -6 12 -6 13 -6 13 -5 13 -5 13 -5 13 -5 13 -4 13 -4 13 -4 12 -3 12 -3 12 -3 12 -2 11 -2 11 -2 11 -1 11 -1 10 -1 10 0 10 0 9 0 9 1 9 1 8 2 0 0 0 0 0 0 0 0 0 0 ]
CSI_DATA,AP,10:B4:1D:CC:60:E0,-18,11,0,0,0,0,0,0,0,0,0,-92,0,6,2,4676745,0,37,0,0,4.49773,128,[0 0 0 0 0 0 0 0 0 0 0 0 15 -1 15 -1 15 -1 15 -1 15 -1 14 -1 14 -1 14 -2 14 -2 13 -2 13 -2 13 -3 13 -3 13 -3 13 -3 13 -4 12 -4 12 -4 12 -4 12 -5 12 -5 12 -5 12 -5 12 -6 12 -6 13 -6 0 0 13 -6 13 -6 13 -5 13 -5 13 -5 13 -5 13 -4 13 -4 13 -4 13 -4 13 -3 12 -3 12 -3 12 -2 11 -2 12 -2 11 -1 11 -1 10 -1 10 0 10 0 10 0 9 1 9 1 9 2 8 2 0 0 0 0 0 0 0 0 0 0 ]
CSI_DATA,AP,10:B4:1D:CC:60:E0,-24,11,1,7,1,1,1,0,0,0,1,-92,0,6,2,4677026,0,68,0,0,4.53656,384,[0 0 0 0 0 0 0 0 0 0 0 0 -12 -3 -12 -3 -11 -3 -11 -3 -11 -3 -11 -2 -11 -2 -11 -2 -11 -2 -11 -2 -11 -1 -10 -1 -10 -1 -10 -1 -10 -1 -10 0 -10 0 -10 0 -10 0 -10 1 -10 0 -10 1 -10 1 -10 1 -10 1 -11 1 0 0 -11 1 -11 1 -11 1 -11 1 -11 1 -11 1 -11 0 -11 0 -11 0 -10 0 -11 0 -10 -1 -10 -1 -10 -1 -9 -1 -9 -2 -9 -2 -9 -2 -8 -2 -8 -2 -8 -2 -8 -3 -8 -3 -7 -3 -7 -3 -7 -4 0 0 0 0 0 0 0 0 0 0 ]
CSI_DATA,AP,10:B4:1D:CC:60:E0,-24,11,1,7,1,1,1,0,0,0,1,-92,0,6,2,4735662,0,68,0,0,4.57788,384,[0 0 0 0 0 0 0 0 0 0 0 0 -1 11 -1 11 -1 11 -1 10 -1 11 -1 10 0 10 0 10 0 10 0 10 0 10 0 10 1 9 1 9 1 9 2 9 2 9 2 9 2 9 3 9 3 9 3 9 3 9 3 9 3 9 3 9 0 0 3 9 3 10 3 9 3 9 3 9 3 10 3 10 3 10 2 9 2 10 2 9 1 9 1 9 1 9 1 9 1 8 0 8 0 8 0 8 0 7 -1 7 -1 7 -1 7 -2 7 -2 6 -2 6 0 0 0 0 0 0 0 0 0 0 ]
CSI_DATA,AP,10:B4:1D:CC:60:E0,-24,11,1,7,1,1,1,0,0,0,1,-92,0,6,2,4825495,0,68,0,0,4.61112,384,[0 0 0 0 0 0 0 0 0 0 0 0 11 -1 11 -1 11 -1 10 -1 10 -1 10 -2 10 -2 10 -2 10 -2 10 -2 10 -3 9 -3 9 -3 9 -3 9 -3 9 -3 9 -4 9 -4 9 -4 9 -4 9 -4 9 -4 9 -5 9 -5 9 -5 9 -5 0 0 9 -5 9 -5 9 -5 9 -5 9 -5 9 -4 9 -4 9 -4 9 -4 9 -3 9 -3 9 -3 9 -3 9 -2 9 -2 8 -2 8 -2 8 -1 8 -1 7 -1 7 -1 7 0 7 0 7 0 7 1 6 1 0 0 0 0 0 0 0 0 0 0 ]
CSI_DATA,AP,10:B4:1D:CC:60:E0,-23,11,1,7,1,1,1,0,0,0,1,-92,0,6,2,4915559,0,68,0,0,4.64853,384,[0 0 0 0 0 0 0 0 0 0 0 0 -12 0 -12 0 -12 0 -12 0 -12 0 -11 1 -11 0 -11 1 -11 1 -11 1 -11 2 -10 2 -10 2 -10 2 -10 2 -10 3 -10 3 -10 3 -10 3 -10 3 -10 3 -10 3 -10 4 -10 4 -10 4 -10 4 0 0 -10 4 -10 4 -10 4 -10 4 -10 4 -10 4 -10 3 -10 3 -10 3 -10 3 -10 3 -10 2 -10 2 -10 2 -10 2 -9 1 -9 1 -9 1 -9 0 -9 0 -8 0 -8 0 -8 -1 -8 -1 -8 -1 -7 -2 0 0 0 0 0 0 0 0 0 0 ]
CSI_DATA,AP,10:B4:1D:CC:60:E0,-18,11,0,0,0,0,0,0,0,0,0,-92,0,6,2,4950092,0,66,0,0,4.68641,128,[0 0 0 0 0 0 0 0 0 0 0 0 -16 -2 -16 -2 -16 -1 -15 -1 -15 -1 -15 -1 -15 -1 -15 0 -15 0 -14 0 -14 0 -14 0 -14 1 -14 1 -14 1 -13 2 -13 2 -13 2 -13 2 -13 3 -13 3 -13 3 -13 3 -13 3 -14 4 -14 4 0 0 -14 4 -14 4 -14 3 -14 3 -14 3 -14 3 -14 3 -14 2 -14 2 -14 2 -13 1 -13 1 -13 1 -13 1 -12 0 -12 0 -12 0 -12 -1 -11 -1 -11 -1 -11 -1 -10 -2 -10 -2 -10 -3 -10 -3 -9 -4 0 0 0 0 0 0 0 0 0 0 ]
CSI_DATA,AP,00:00:00:00:00:00,-18,11,0,0,0,0,0,0,0,0,0,-92,0,6,2,4977146,0,14,0,0,4.7282,128,[0 0 0 0 0 0 0 0 0 0 0 0 13 -10 12 -10 12 -10 12 -10 11 -10 11 -10 11 -10 10 -10 10 -10 10 -10 10 -10 9 -10 9 -10 9 -10 8 -10 8 -11 8 -11 8 -11 7 -11 7 -12 7 -12 7 -12 7 -12 7 -12 7 -12 7 -12 0 0 7 -13 7 -13 7 -12 7 -13 8 -13 8 -12 8 -12 8 -12 8 -12 8 -11 8 -11 8 -10 8 -10 8 -9 8 -9 8 -9 8 -8 8 -8 8 -8 8 -7 8 -7 8 -6 8 -6 8 -5 8 -5 8 -4 0 0 0 0 0 0 0 0 0 0 ]
CSI_DATA,AP,10:B4:1D:CC:60:E0,-24,11,1,7,1,1,1,1,0,0,1,-92,0,6,2,5007425,0,68,0,0,4.76662,384,[0 0 0 0 0 0 0 0 0 0 0 0 -7 9 -7 9 -6 9 -6 9 -6 9 -6 9 -6 9 -6 9 -6 9 -5 9 -5 9 -4 9 -4 9 -4 9 -4 9 -4 9 -3 9 -3 9 -3 9 -3 9 -3 9 -3 9 -2 9 -2 10 -2 10 -2 10 0 0 -2 10 -2 10 -2 10 -3 10 -3 10 -3 10 -3 10 -3 10 -4 9 -3 9 -4 9 -4 9 -4 9 -4 8 -4 8 -4 8 -4 7 -4 7 -5 7 -5 6 -5 6 -5 6 -5 6 -5 5 -5 5 -6 4 0 0 0 0 0 0 0 0 0 0 ]
I (5090) wifi:<ba-add>idx:2 (ifx:1, 10:b4:1d:cc:60:e0), tid:0, ssn:0, winSize:64
CSI_DATA,AP,10:B4:1D:CC:60:E0,-24,11,1,7,1,1,1,1,0,0,1,-92,0,6,2,5095752,0,68,0,0,4.81022,384,[0 0 0 0 0 0 0 0 0 0 0 0 11 0 10 0 11 0 10 0 11 0 10 -1 10 -1 10 -1 10 -1 10 -1 10 -1 9 -2 9 -2 9 -2 9 -2 9 -2 9 -3 9 -3 9 -3 9 -3 9 -3 9 -3 9 -4 9 -4 9 -4 9 -4 0 0 9 -4 9 -4 9 -4 10 -4 10 -4 9 -4 10 -3 9 -3 9 -3 10 -2 9 -2 9 -2 9 -2 8 -1 9 -1 8 -1 8 -1 8 -1 8 0 7 0 7 0 7 0 7 1 6 1 6 1 6 2 0 0 0 0 0 0 0 0 0 0 ]
CSI_DATA,AP,10:B4:1D:CC:60:E0,-24,11,1,7,1,1,1,1,0,0,0,-92,0,6,2,5110013,0,68,0,0,4.84561,384,[0 0 0 0 0 0 0 0 0 0 0 0 11 0 11 0 11 0 11 0 10 0 10 0 10 0 10 0 10 0 10 -1 10 -1 10 -1 10 -1 10 -2 10 -2 9 -2 10 -2 9 -2 9 -3 9 -3 9 -3 9 -3 9 -3 9 -3 10 -3 9 -4 0 0 10 -3 10 -3 10 -3 10 -3 10 -3 10 -3 10 -2 10 -2 10 -2 10 -2 9 -2 9 -1 9 -1 9 -1 9 -1 9 0 8 0 8 0 8 0 8 0 8 1 7 1 7 1 6 2 7 2 6 2 0 0 0 0 0 0 0 0 0 0 ]
CSI_DATA,AP,10:B4:1D:CC:60:E0,-24,11,1,7,1,1,1,1,0,0,1,-92,0,6,2,5185602,0,68,0,0,4.895,384,[0 0 0 0 0 0 0 0 0 0 0 0 -12 -1 -12 -1 -12 -1 -12 -1 -12 -1 -12 -1 -11 0 -11 0 -11 0 -11 0 -11 0 -11 1 -11 1 -11 1 -11 1 -11 1 -11 2 -10 2 -10 2 -10 2 -10 2 -10 2 -10 3 -10 3 -10 3 -10 3 0 0 -11 3 -11 3 -11 3 -11 3 -11 3 -11 2 -11 2 -11 2 -11 2 -11 2 -10 1 -10 1 -10 1 -10 1 -10 0 -10 0 -9 0 -9 0 -9 -1 -9 -1 -8 -1 -8 -2 -8 -2 -8 -2 -8 -2 -7 -3 0 0 0 0 0 0 0 0 0 0 ]
CSI_DATA,AP,10:B4:1D:CC:60:E0,-24,11,1,7,1,1,1,1,0,0,1,-92,0,6,2,5275559,0,68,0,0,4.98495,384,[0 0 0 0 0 0 0 0 0 0 0 0 -10 -6 -10 -6 -10 -6 -10 -6 -10 -6 -10 -6 -10 -6 -10 -5 -10 -5 -10 -5 -10 -4 -10 -4 -10 -4 -10 -4 -10 -4 -10 -3 -10 -3 -10 -3 -10 -3 -10 -3 -10 -2 -10 -2 -11 -2 -11 -2 -11 -2 -11 -2 0 0 -11 -2 -11 -2 -11 -2 -11 -2 -11 -2 -11 -2 -11 -3 -11 -3 -10 -3 -11 -3 -10 -3 -10 -3 -9 -3 -9 -4 -9 -4 -9 -4 -9 -4 -8 -4 -8 -4 -8 -4 -7 -4 -7 -4 -7 -5 -6 -5 -6 -5 -6 -5 0 0 0 0 0 0 0 0 0 0 ]
CSI_DATA,AP,10:B4:1D:CC:60:E0,-24,11,1,7,1,1,1,1,0,0,1,-92,0,6,2,5365664,0,68,0,0,5.07505,384,[0 0 0 0 0 0 0 0 0 0 0 0 2 11 2 10 2 11 3 10 3 10 3 10 3 10 3 9 3 9 3 9 3 9 3 9 4 9 4 8 4 8 4 8 4 8 4 8 5 8 5 8 5 8 5 8 5 8 6 8 5 8 6 8 0 0 6 8 6 8 6 8 6 8 5 8 5 8 5 8 5 8 4 8 4 8 4 8 4 8 3 8 3 8 3 8 3 8 2 8 2 7 2 7 1 7 1 7 1 7 1 7 0 7 0 7 -1 6 0 0 0 0 0 0 0 0 0 0 ]
CSI_DATA,AP,10:B4:1D:CC:60:E0,-23,11,1,7,1,1,1,1,0,0,1,-92,0,6,2,5455792,0,68,0,0,5.16521,384,[0 0 0 0 0 0 0 0 0 0 0 0 4 -11 4 -11 4 -11 4 -11 4 -11 3 -11 3 -11 3 -10 3 -10 3 -10 2 -10 2 -10 2 -10 1 -11 1 -10 1 -10 1 -10 1 -11 0 -10 0 -11 0 -10 0 -11 0 -11 0 -11 -1 -11 0 -11 0 0 0 -11 -1 -11 -1 -11 0 -11 0 -11 0 -11 0 -11 0 -11 1 -11 1 -11 1 -10 1 -10 1 -10 1 -10 1 -9 2 -9 2 -9 2 -9 2 -8 2 -8 3 -8 2 -8 3 -7 3 -7 3 -7 3 -6 0 0 0 0 0 0 0 0 0 0 ]
CSI_DATA,AP,10:B4:1D:CC:60:E0,-23,11,1,7,1,1,1,1,0,0,1,-92,0,6,2,5545665,0,68,0,0,5.25505,384,[0 0 0 0 0 0 0 0 0 0 0 0 -1 -12 -1 -12 -1 -12 -1 -12 -2 -12 -2 -11 -2 -11 -2 -11 -2 -11 -3 -11 -3 -10 -3 -10 -3 -10 -4 -10 -4 -10 -4 -10 -4 -10 -4 -9 -5 -10 -5 -10 -5 -10 -5 -10 -5 -9 -6 -10 -6 -10 -5 -9 0 0 -6 -10 -6 -10 -6 -10 -6 -10 -6 -10 -6 -10 -5 -10 -5 -10 -5 -10 -4 -10 -4 -10 -4 -10 -4 -10 -4 -10 -3 -9 -3 -9 -3 -9 -3 -9 -2 -9 -2 -8 -2 -8 -1 -8 -1 -8 -1 -8 0 -8 0 -7 0 0 0 0 0 0 0 0 0 0 ]
CSI_DATA,AP,10:B4:1D:CC:60:E0,-23,11,1,7,1,1,1,1,0,0,1,-92,0,6,2,5635684,0,68,0,0,5.34508,384,[0 0 0 0 0 0 0 0 0 0 0 0 10 4 10 4 10 4 10 4 10 4 10 3 9 3 9 3 9 3 9 2 9 2 9 2 9 2 9 1 10 1 9 1 9 1 10 1 10 0 9 0 9 0 10 0 10 0 10 -1 10 -1 10 0 0 0 10 0 10 0 10 0 10 0 10 0 10 0 10 0 10 0 10 1 10 1 9 1 9 1 9 1 9 1 8 2 8 2 8 2 8 2 7 2 7 2 7 3 6 3 6 3 6 3 6 3 5 4 0 0 0 0 0 0 0 0 0 0 ]
CSI_DATA,AP,10:B4:1D:CC:60:E0,-23,11,1,7,1,1,1,1,0,0,1,-92,0,6,2,5725505,0,68,0,0,5.43489,384,[0 0 0 0 0 0 0 0 0 0 0 0 9 5 9 5 9 5 9 5 9 5 9 5 9 4 9 4 8 4 8 4 9 4 9 3 9 3 9 3 9 3 9 2 9 2 9 2 9 2 9 2 9 1 9 1 9 1 10 1 10 1 9 1 0 0 10 1 10 1 10 1 10 1 10 1 10 2 10 2 9 2 9 2 9 2 9 2 9 2 8 3 8 3 8 3 8 3 7 3 7 3 7 3 6 3 6 3 6 4 5 4 5 4 5 4 4 4 0 0 0 0 0 0 0 0 0 0 ]
CSI_DATA,AP,10:B4:1D:CC:60:E0,-23,11,1,7,1,1,1,1,0,0,1,-92,0,6,2,5816882,0,68,0,0,5.52627,384,[0 0 0 0 0 0 0 0 0 0 0 0 -12 -3 -11 -2 -12 -2 -11 -2 -11 -2 -11 -2 -11 -1 -11 -1 -11 -1 -11 -1 -11 -1 -11 -1 -11 -1 -11 0 -11 0 -10 1 -10 0 -10 1 -10 1 -10 1 -10 2 -10 2 -10 2 -11 2 -10 2 -11 2 0 0 -11 2 -11 2 -11 2 -11 2 -11 2 -11 1 -11 1 -11 1 -11 1 -11 1 -11 1 -10 0 -10 0 -10 0 -10 0 -10 -1 -9 -1 -9 -1 -9 -1 -9 -1 -8 -2 -8 -2 -8 -2 -8 -2 -7 -3 -7 -3 0 0 0 0 0 0 0 0 0 0 ]
CSI_DATA,AP,10:B4:1D:CC:60:E0,-23,11,1,7,1,1,1,1,0,0,1,-92,0,6,2,5905490,0,68,0,0,5.61488,384,[0 0 0 0 0 0 0 0 0 0 0 0 -2 -12 -2 -12 -3 -12 -3 -12 -3 -11 -3 -11 -3 -11 -3 -11 -3 -11 -3 -10 -4 -10 -4 -10 -4 -10 -4 -10 -5 -10 -4 -10 -5 -10 -5 -9 -5 -9 -5 -9 -6 -9 -6 -9 -6 -9 -6 -9 -6 -9 -6 -9 0 0 -6 -9 -6 -10 -6 -10 -6 -9 -6 -10 -6 -10 -6 -10 -5 -10 -5 -10 -5 -10 -5 -9 -4 -10 -4 -10 -4 -10 -3 -9 -3 -9 -3 -9 -3 -9 -2 -9 -2 -8 -2 -8 -1 -8 -1 -8 -1 -8 -1 -8 0 -8 0 0 0 0 0 0 0 0 0 0 ]
CSI_DATA,AP,10:B4:1D:CC:60:E0,-18,11,0,0,0,0,0,0,0,0,0,-92,0,6,2,5950136,0,66,0,0,5.6596,128,[0 0 0 0 0 0 0 0 0 0 0 0 11 9 11 9 11 9 11 9 11 9 11 8 11 8 11 8 11 8 11 7 11 6 11 6 11 6 11 6 11 5 11 5 12 5 12 5 12 5 12 4 12 4 12 4 12 4 12 4 13 4 13 4 0 0 13 4 13 4 13 4 13 4 13 5 13 5 12 5 12 5 12 5 12 5 11 6 11 6 11 6 10 6 10 6 9 6 9 6 8 6 8 6 8 6 7 6 7 6 6 7 6 7 5 7 5 7 0 0 0 0 0 0 0 0 0 0 ]
CSI_DATA,AP,10:B4:1D:CC:60:E0,-24,11,1,7,1,1,1,1,0,0,1,-92,0,6,2,5995641,0,68,0,0,5.70501,384,[0 0 0 0 0 0 0 0 0 0 0 0 -2 11 -2 11 -1 11 -1 11 -1 10 -1 10 -1 10 -1 10 0 10 0 10 0 10 0 10 0 10 0 9 1 9 1 9 1 9 1 9 2 9 2 9 2 9 2 9 2 9 2 10 2 9 2 9 0 0 2 10 3 10 3 10 2 10 2 10 2 10 2 10 1 10 1 10 1 10 1 9 0 9 0 9 0 9 0 9 0 8 -1 9 -1 8 -1 8 -1 7 -2 7 -2 7 -2 7 -2 7 -3 6 -3 6 0 0 0 0 0 0 0 0 0 0 ]
CSI_DATA,AP,10:B4:1D:CC:60:E0,-23,11,1,7,1,1,1,1,0,0,1,-92,0,6,2,6085752,0,68,0,0,5.79514,384,[0 0 0 0 0 0 0 0 0 0 0 0 11 1 11 1 11 1 11 1 10 0 10 0 10 0 10 0 10 0 10 -1 10 -1 10 -1 10 -1 9 -1 9 -2 9 -2 9 -2 9 -2 9 -3 9 -3 9 -3 9 -3 9 -3 9 -4 9 -4 9 -4 0 0 9 -4 10 -4 10 -4 10 -4 10 -3 10 -3 10 -3 10 -3 10 -2 10 -2 9 -2 9 -2 9 -2 9 -1 9 -1 9 -1 8 -1 8 -1 8 0 8 0 7 0 7 1 7 1 7 1 6 1 6 2 0 0 0 0 0 0 0 0 0 0 ]
CSI_DATA,AP,10:B4:1D:CC:60:E0,-23,11,1,7,1,1,1,1,0,0,1,-92,0,6,2,6175714,0,68,0,0,5.8851,384,[0 0 0 0 0 0 0 0 0 0 0 0 -12 2 -12 2 -12 2 -11 2 -11 2 -11 2 -11 2 -11 2 -11 2 -10 3 -10 3 -10 3 -10 3 -10 3 -10 3 -10 4 -10 4 -10 4 -9 4 -9 4 -9 4 -9 4 -9 5 -9 5 -9 5 -9 5 0 0 -10 5 -10 5 -9 5 -10 5 -10 5 -10 5 -10 4 -10 4 -10 4 -10 4 -10 4 -10 3 -10 3 -10 3 -10 2 -9 2 -9 2 -9 2 -9 1 -9 1 -9 0 -8 0 -8 0 -8 0 -8 -1 -8 -1 0 0 0 0 0 0 0 0 0 0 ]
CSI_DATA,AP,10:B4:1D:CC:60:E0,-23,11,1,7,1,1,1,1,0,0,1,-92,0,6,2,6265579,0,68,0,0,5.97497,384,[0 0 0 0 0 0 0 0 0 0 0 0 -10 7 -9 7 -9 7 -9 7 -9 7 -9 6 -9 7 -9 7 -8 7 -8 7 -8 7 -8 7 -7 7 -7 7 -7 7 -7 8 -6 8 -6 8 -6 8 -6 8 -6 8 -6 8 -6 8 -6 8 -6 9 -6 8 0 0 -6 8 -6 9 -6 9 -6 9 -6 8 -6 8 -6 8 -7 8 -7 8 -7 8 -7 7 -7 7 -7 7 -7 7 -7 6 -7 6 -7 6 -7 5 -7 5 -7 4 -7 4 -7 4 -7 4 -7 3 -7 3 -7 2 0 0 0 0 0 0 0 0 0 0 ]
CSI_DATA,AP,10:B4:1D:CC:60:E0,-24,11,1,7,1,1,1,1,0,0,1,-92,0,6,2,6357832,0,68,0,0,6.06722,384,[0 0 0 0 0 0 0 0 0 0 0 0 4 10 4 10 4 10 4 10 4 10 4 9 4 9 4 9 4 9 5 9 5 8 5 8 5 8 6 8 5 8 6 8 5 7 6 7 6 7 6 7 6 7 6 7 6 7 7 7 7 7 7 7 0 0 7 7 7 7 7 7 7 7 7 7 6 8 6 8 6 8 6 8 6 8 5 7 5 8 5 8 4 8 4 8 4 7 4 8 3 7 3 7 2 7 2 7 2 7 1 7 1 7 1 7 0 6 0 0 0 0 0 0 0 0 0 0 ]
CSI_DATA,AP,10:B4:1D:CC:60:E0,-23,11,1,7,1,1,1,1,0,0,1,-92,0,6,2,6445612,0,68,0,0,6.155,384,[0 0 0 0 0 0 0 0 0 0 0 0 9 -7 9 -7 8 -7 8 -7 8 -7 8 -7 8 -7 8 -7 7 -7 7 -7 7 -7 7 -7 7 -7 6 -7 6 -8 6 -7 6 -8 6 -8 6 -8 6 -8 5 -8 5 -8 5 -8 5 -9 5 -9 5 -9 0 0 5 -9 5 -9 5 -9 6 -9 6 -9 6 -9 6 -8 6 -8 6 -8 6 -8 6 -7 6 -7 6 -7 6 -7 6 -6 6 -6 6 -6 6 -5 6 -5 6 -5 6 -4 6 -4 6 -4 6 -3 6 -3 6 -2 0 0 0 0 0 0 0 0 0 0 ]
CSI_DATA,AP,10:B4:1D:CC:60:E0,-23,11,1,7,1,1,1,1,0,0,1,-92,0,6,2,6535591,0,68,0,0,6.24498,384,[0 0 0 0 0 0 0 0 0 0 0 0 -11 4 -11 4 -11 4 -11 4 -11 4 -11 4 -10 4 -10 4 -10 4 -9 4 -9 5 -9 5 -9 5 -9 5 -9 5 -8 5 -9 6 -8 6 -8 6 -8 6 -8 6 -8 6 -8 7 -8 7 -8 7 -8 7 0 0 -8 7 -8 7 -8 7 -8 7 -8 7 -9 7 -9 6 -9 6 -9 6 -8 6 -8 6 -8 5 -8 5 -9 5 -8 4 -8 4 -8 4 -8 3 -8 3 -8 3 -8 2 -8 2 -8 2 -8 1 -8 1 -7 0 0 0 0 0 0 0 0 0 0 0 ]
CSI_DATA,AP,10:B4:1D:CC:60:E0,-23,11,1,7,1,1,1,1,0,0,1,-92,0,6,2,6625662,0,68,0,0,6.33506,384,[0 0 0 0 0 0 0 0 0 0 0 0 -9 -8 -9 -8 -9 -8 -9 -8 -9 -7 -9 -7 -9 -7 -9 -7 -9 -6 -9 -7 -9 -6 -9 -6 -9 -6 -9 -6 -9 -5 -9 -5 -9 -5 -10 -4 -10 -5 -10 -5 -10 -4 -10 -4 -10 -4 -10 -4 -10 -4 -10 -4 0 0 -10 -4 -10 -4 -10 -4 -10 -4 -10 -5 -10 -5 -10 -5 -10 -5 -10 -5 -9 -5 -9 -5 -9 -6 -8 -6 -8 -6 -8 -6 -8 -6 -8 -6 -7 -6 -7 -6 -6 -6 -6 -6 -6 -6 -5 -6 -5 -6 -5 -6 -4 -6 0 0 0 0 0 0 0 0 0 0 ]
CSI_DATA,AP,10:B4:1D:CC:60:E0,-24,11,1,7,1,1,1,1,0,0,1,-92,0,6,2,6715607,0,68,0,0,6.425,384,[0 0 0 0 0 0 0 0 0 0 0 0 -11 4 -11 4 -11 4 -11 4 -10 4 -10 4 -10 5 -10 4 -10 5 -9 5 -9 5 -9 5 -9 5 -9 5 -8 6 -8 6 -8 6 -8 6 -8 6 -8 6 -8 6 -8 6 -8 7 -7 7 -8 7 -8 7 0 0 -8 7 -8 7 -8 7 -8 7 -8 7 -8 7 -8 6 -8 6 -8 6 -9 6 -8 5 -8 5 -8 5 -8 5 -8 4 -8 4 -8 4 -8 3 -8 3 -8 3 -8 2 -8 2 -8 2 -7 1 -8 1 -7 0 0 0 0 0 0 0 0 0 0 0 ]
CSI_DATA,AP,10:B4:1D:CC:60:E0,-23,11,1,7,1,1,1,1,0,0,1,-92,0,6,2,6805460,0,68,0,0,6.51485,384,[0 0 0 0 0 0 0 0 0 0 0 0 -11 -6 -11 -6 -11 -6 -10 -6 -10 -6 -10 -5 -10 -5 -10 -5 -10 -4 -10 -4 -10 -4 -10 -4 -10 -4 -10 -4 -10 -3 -10 -3 -10 -2 -10 -2 -10 -2 -11 -2 -10 -2 -10 -2 -11 -2 -11 -2 -11 -2 -11 -1 0 0 -11 -2 -11 -2 -11 -2 -11 -2 -11 -2 -11 -2 -11 -2 -11 -3 -10 -3 -11 -3 -10 -3 -10 -3 -10 -3 -9 -4 -9 -4 -9 -4 -9 -4 -8 -4 -8 -4 -8 -4 -7 -4 -7 -5 -7 -5 -6 -5 -6 -5 -6 -5 0 0 0 0 0 0 0 0 0 0 ]
CSI_DATA,AP,10:B4:1D:CC:60:E0,-23,11,1,7,1,1,1,1,0,0,1,-92,0,6,2,6895612,0,68,0,0,6.605,384,[0 0 0 0 0 0 0 0 0 0 0 0 -11 -5 -11 -5 -11 -5 -11 -5 -11 -4 -11 -4 -11 -4 -10 -4 -10 -4 -10 -4 -10 -3 -10 -3 -10 -3 -10 -2 -10 -2 -10 -2 -10 -2 -10 -1 -10 -1 -10 -1 -10 -1 -11 -1 -11 -1 -11 -1 -11 0 -11 0 0 0 -11 -1 -11 0 -11 -1 -11 0 -11 -1 -11 -1 -11 -1 -11 -1 -11 -2 -11 -2 -11 -2 -10 -2 -10 -2 -10 -2 -9 -2 -9 -3 -9 -3 -9 -3 -8 -3 -8 -3 -8 -4 -7 -4 -7 -4 -7 -4 -7 -4 -6 -4 0 0 0 0 0 0 0 0 0 0 ]
CSI_DATA,AP,10:B4:1D:CC:60:E0,-18,11,0,0,0,0,0,0,0,0,0,-92,0,6,2,6952959,0,66,0,0,6.66241,128,[0 0 0 0 0 0 0 0 0 0 0 0 -16 -5 -15 -4 -16 -4 -15 -4 -15 -4 -15 -4 -15 -3 -14 -3 -15 -3 -14 -2 -14 -2 -14 -2 -14 -2 -14 -1 -14 -1 -14 0 -14 0 -14 0 -14 0 -14 1 -14 1 -14 1 -14 1 -14 1 -14 2 -14 2 0 0 -14 2 -15 2 -14 2 -15 1 -15 1 -15 1 -15 1 -14 0 -14 0 -14 0 -14 0 -14 -1 -13 -1 -13 -1 -13 -1 -12 -2 -12 -2 -12 -2 -11 -2 -11 -3 -11 -3 -10 -3 -10 -3 -10 -4 -9 -4 -9 -5 0 0 0 0 0 0 0 0 0 0 ]
CSI_DATA,AP,10:B4:1D:CC:60:E0,-24,11,1,7,1,1,1,1,0,0,1,-92,0,6,2,6985721,0,68,0,0,6.69546,384,[0 0 0 0 0 0 0 0 0 0 0 0 10 -5 10 -5 10 -5 10 -5 10 -5 9 -5 9 -5 9 -5 9 -5 9 -5 8 -6 8 -6 8 -6 8 -6 8 -6 8 -6 7 -6 7 -7 7 -7 7 -7 7 -7 7 -7 7 -8 7 -8 7 -8 7 -8 0 0 7 -8 7 -8 7 -8 7 -8 7 -8 7 -8 8 -7 8 -7 8 -7 8 -6 8 -6 8 -6 8 -6 8 -5 7 -5 7 -5 7 -4 7 -4 7 -4 7 -3 7 -3 7 -3 7 -2 7 -2 6 -2 6 -1 0 0 0 0 0 0 0 0 0 0 ]
CSI_DATA,AP,10:B4:1D:CC:60:E0,-23,11,1,7,1,1,1,1,0,0,1,-92,0,6,2,7075629,0,68,0,0,6.78503,384,[0 0 0 0 0 0 0 0 0 0 0 0 2 -12 2 -12 2 -11 1 -12 1 -11 1 -11 1 -11 1 -11 1 -11 0 -11 0 -11 0 -11 0 -11 -1 -11 -1 -11 -1 -10 -1 -10 -1 -10 -2 -11 -2 -10 -2 -10 -2 -10 -2 -10 -3 -11 -2 -11 -3 -11 0 0 -2 -11 -3 -11 -2 -11 -2 -11 -2 -11 -2 -11 -1 -11 -1 -11 -1 -11 -1 -10 -1 -10 -1 -10 0 -10 0 -10 0 -9 0 -9 0 -9 1 -9 1 -8 1 -8 1 -8 2 -8 2 -8 2 -7 2 -7 2 -6 0 0 0 0 0 0 0 0 0 0 ]
CSI_DATA,AP,10:B4:1D:CC:60:E0,-24,11,1,7,1,1,1,1,0,0,1,-92,0,6,2,7165673,0,68,0,0,6.87507,384,[0 0 0 0 0 0 0 0 0 0 0 0 -3 10 -3 10 -3 10 -3 10 -3 10 -2 10 -2 10 -2 10 -2 9 -2 10 -1 10 -1 9 -1 9 0 9 0 9 0 9 0 9 0 9 1 9 1 9 1 9 1 9 1 9 2 9 2 9 1 9 0 0 1 10 2 10 2 9 1 10 1 10 1 10 1 10 1 10 0 9 0 10 0 9 0 9 0 9 -1 9 -1 8 -1 8 -1 8 -1 8 -2 7 -2 7 -2 7 -2 7 -3 7 -3 6 -3 6 -3 6 0 0 0 0 0 0 0 0 0 0 ]
CSI_DATA,AP,10:B4:1D:CC:60:E0,-24,11,1,7,1,1,1,1,0,0,1,-93,0,6,2,7258058,0,68,0,0,6.96745,384,[0 0 0 0 0 0 0 0 0 0 0 0 10 -5 10 -5 10 -5 10 -5 9 -5 10 -5 9 -5 9 -5 9 -5 8 -6 8 -6 8 -6 8 -6 8 -6 8 -7 7 -7 7 -7 7 -7 7 -7 7 -7 7 -7 7 -7 7 -8 6 -8 6 -8 7 -8 0 0 7 -8 6 -8 7 -8 7 -8 7 -8 7 -8 7 -8 7 -7 7 -7 7 -7 7 -7 7 -6 7 -6 7 -6 7 -6 7 -5 7 -5 7 -5 7 -4 7 -4 7 -4 7 -3 6 -3 6 -3 7 -2 6 -2 0 0 0 0 0 0 0 0 0 0 ]
CSI_DATA,AP,10:B4:1D:CC:60:E0,-24,11,1,7,1,1,1,1,0,0,1,-93,0,6,2,7345542,0,68,0,0,7.05493,384,[0 0 0 0 0 0 0 0 0 0 0 0 -5 10 -5 10 -5 10 -5 10 -4 10 -4 10 -4 10 -4 10 -4 9 -3 9 -3 9 -3 9 -3 9 -2 9 -2 9 -2 9 -2 9 -1 9 -1 9 -1 10 -1 9 -1 10 0 10 0 10 0 10 0 10 0 0 0 10 0 10 0 10 0 10 0 10 -1 10 -1 10 -1 10 -1 10 -1 10 -1 9 -2 9 -2 9 -2 9 -2 8 -2 8 -3 8 -2 8 -3 7 -3 7 -3 7 -3 7 -4 7 -4 6 -4 6 -4 5 0 0 0 0 0 0 0 0 0 0 ]
CSI_DATA,AP,10:B4:1D:CC:60:E0,-24,11,1,7,1,1,1,1,0,0,1,-93,0,6,2,7435543,0,68,0,0,7.14493,384,[0 0 0 0 0 0 0 0 0 0 0 0 9 6 9 6 9 6 9 6 9 5 9 5 8 5 9 5 8 5 9 4 9 4 9 4 9 4 9 3 9 3 9 3 9 3 9 2 9 2 9 2 9 2 9 2 9 2 10 1 10 2 10 1 0 0 10 2 10 2 10 2 10 2 10 2 10 2 10 3 9 3 9 3 9 3 9 3 9 3 8 3 8 3 8 4 7 3 7 4 7 3 7 4 6 4 6 4 5 4 5 4 5 4 5 4 4 5 0 0 0 0 0 0 0 0 0 0 ]
CSI_DATA,AP,10:B4:1D:CC:60:E0,-24,11,1,7,1,1,1,1,0,0,1,-93,0,6,2,7525641,0,68,0,0,7.23504,384,[0 0 0 0 0 0 0 0 0 0 0 0 -12 1 -12 1 -11 1 -11 1 -11 1 -11 1 -11 2 -11 2 -10 2 -10 2 -10 2 -10 2 -10 3 -10 3 -10 3 -10 3 -9 3 -9 4 -9 4 -9 4 -9 4 -9 4 -9 4 -9 5 -9 5 -9 5 0 0 -9 5 -9 5 -9 5 -9 5 -9 5 -9 5 -10 4 -9 4 -10 4 -9 3 -10 3 -9 3 -9 3 -9 3 -9 2 -9 2 -9 2 -9 2 -8 1 -8 1 -8 1 -8 0 -8 0 -8 0 -7 0 -7 -1 0 0 0 0 0 0 0 0 0 0 ]
CSI_DATA,AP,10:B4:1D:CC:60:E0,-24,11,1,7,1,1,1,1,0,0,1,-93,0,6,2,7615654,0,68,0,0,7.32505,384,[0 0 0 0 0 0 0 0 0 0 0 0 1 11 1 11 1 11 1 11 1 10 1 10 1 10 1 10 1 10 2 9 2 9 2 9 3 9 3 9 3 9 3 8 3 9 3 8 4 9 4 9 4 9 4 9 4 8 4 9 5 8 5 8 0 0 4 9 4 9 5 9 4 9 4 9 4 9 3 9 3 9 3 9 3 9 3 9 3 9 2 9 2 9 1 8 1 8 1 8 1 8 1 8 0 7 0 7 0 7 -1 7 -1 7 -1 7 -2 6 0 0 0 0 0 0 0 0 0 0 ]
CSI_DATA,AP,10:B4:1D:CC:60:E0,-24,11,1,7,1,1,1,1,0,0,1,-93,0,6,2,7705763,0,68,0,0,7.41515,384,[0 0 0 0 0 0 0 0 0 0 0 0 -10 -7 -10 -6 -10 -6 -10 -6 -10 -6 -10 -6 -10 -5 -10 -5 -10 -5 -10 -5 -10 -5 -10 -4 -10 -4 -10 -4 -10 -4 -10 -3 -10 -3 -10 -3 -10 -3 -10 -3 -10 -3 -10 -2 -10 -2 -10 -2 -10 -2 -10 -2 0 0 -11 -2 -11 -2 -11 -2 -11 -2 -11 -2 -11 -3 -11 -3 -10 -3 -10 -3 -10 -3 -10 -3 -10 -4 -9 -4 -9 -4 -9 -4 -9 -4 -8 -4 -8 -4 -7 -4 -7 -4 -7 -5 -6 -5 -6 -5 -6 -5 -6 -5 -5 -5 0 0 0 0 0 0 0 0 0 0 ]
CSI_DATA,AP,10:B4:1D:CC:60:E0,-24,11,1,7,1,1,1,1,0,0,1,-93,0,6,2,7795722,0,68,0,0,7.50511,384,[0 0 0 0 0 0 0 0 0 0 0 0 -10 -7 -10 -7 -10 -7 -10 -7 -10 -6 -10 -6 -10 -6 -10 -6 -10 -5 -10 -5 -10 -5 -10 -5 -10 -4 -10 -4 -10 -4 -10 -4 -10 -3 -10 -3 -10 -3 -10 -3 -10 -3 -10 -3 -10 -2 -10 -2 -11 -2 -11 -2 0 0 -11 -2 -11 -2 -11 -2 -11 -2 -11 -3 -11 -3 -11 -3 -10 -3 -10 -3 -10 -3 -10 -3 -10 -4 -9 -4 -9 -4 -9 -4 -8 -4 -8 -4 -8 -4 -8 -4 -7 -5 -7 -5 -7 -5 -7 -5 -6 -5 -6 -5 -5 -5 0 0 0 0 0 0 0 0 0 0 ]
CSI_DATA,AP,10:B4:1D:CC:60:E0,-24,11,1,7,1,1,1,1,0,0,1,-93,0,6,2,7885689,0,68,0,0,7.59508,384,[0 0 0 0 0 0 0 0 0 0 0 0 -9 -8 -9 -8 -9 -8 -9 -8 -9 -7 -9 -7 -9 -7 -9 -7 -9 -7 -9 -6 -9 -6 -9 -6 -9 -6 -9 -5 -9 -5 -10 -5 -9 -5 -10 -4 -10 -4 -10 -4 -10 -4 -10 -4 -10 -4 -10 -4 -10 -3 -10 -3 0 0 -10 -4 -10 -3 -10 -4 -11 -3 -11 -4 -10 -4 -10 -4 -10 -4 -10 -4 -10 -5 -10 -4 -9 -5 -9 -5 -9 -5 -9 -5 -8 -5 -8 -5 -8 -5 -7 -5 -7 -5 -7 -5 -6 -6 -6 -6 -5 -6 -5 -6 -5 -6 0 0 0 0 0 0 0 0 0 0 ]
CSI_DATA,AP,10:B4:1D:CC:60:E0,-24,11,1,7,1,1,1,1,0,0,1,-93,0,6,2,7977039,0,68,0,0,7.68642,384,[0 0 0 0 0 0 0 0 0 0 0 0 3 -12 3 -11 3 -11 3 -11 3 -11 3 -11 3 -11 2 -11 2 -11 2 -11 1 -10 1 -10 1 -10 0 -10 0 -10 0 -10 0 -10 0 -10 -1 -10 -1 -10 -1 -10 -1 -11 -1 -11 -1 -11 -1 -11 -1 -10 0 0 -1 -11 -1 -11 -1 -11 -1 -11 -1 -11 -1 -11 -1 -11 -1 -11 0 -11 0 -11 0 -10 0 -10 1 -10 1 -10 1 -9 1 -9 1 -9 1 -9 2 -8 2 -8 2 -8 2 -8 2 -8 3 -7 3 -7 3 -6 0 0 0 0 0 0 0 0 0 0 ]
CSI_DATA,AP,10:B4:1D:CC:60:E0,-24,11,1,7,1,1,1,1,0,0,1,-93,0,6,2,8065643,0,68,0,0,7.77503,384,[0 0 0 0 0 0 0 0 0 0 0 0 -11 -4 -11 -4 -11 -3 -11 -3 -11 -3 -11 -3 -11 -3 -11 -3 -11 -3 -11 -2 -11 -2 -10 -2 -10 -1 -10 -1 -10 -1 -10 -1 -10 -1 -10 0 -10 0 -10 0 -10 0 -10 0 -11 0 -10 0 -11 1 -11 1 0 0 -11 1 -11 1 -11 1 -11 1 -11 0 -11 0 -11 0 -11 0 -11 -1 -11 -1 -11 -1 -10 -1 -10 -1 -10 -2 -9 -2 -9 -2 -9 -2 -9 -2 -9 -3 -8 -3 -8 -3 -8 -3 -7 -3 -7 -4 -7 -4 -6 -4 0 0 0 0 0 0 0 0 0 0 ]
CSI_DATA,AP,10:B4:1D:CC:60:E0,-24,11,1,7,1,1,1,1,0,0,1,-93,0,6,2,8155721,0,68,0,0,7.86511,384,[0 0 0 0 0 0 0 0 0 0 0 0 11 1 11 0 11 0 10 0 10 0 10 0 10 0 10 0 10 -1 10 -1 10 -1 10 -1 9 -1 9 -2 9 -2 9 -2 9 -2 9 -3 9 -3 9 -3 9 -3 9 -3 9 -3 9 -4 9 -4 9 -4 0 0 9 -4 9 -4 9 -4 10 -4 9 -3 10 -3 10 -3 9 -3 10 -3 10 -2 9 -2 9 -2 9 -2 9 -2 9 -1 8 -1 8 -1 8 -1 8 0 7 0 7 0 7 0 7 1 7 1 7 1 6 2 0 0 0 0 0 0 0 0 0 0 ]
CSI_DATA,AP,10:B4:1D:CC:60:E0,-24,11,1,7,1,1,1,1,0,0,1,-93,0,6,2,8245495,0,68,0,0,7.95488,384,[0 0 0 0 0 0 0 0 0 0 0 0 0 -12 0 -12 0 -12 0 -11 -1 -11 0 -11 -1 -11 -1 -11 -1 -11 -1 -11 -1 -11 -2 -10 -2 -11 -2 -10 -2 -10 -3 -10 -3 -10 -3 -10 -3 -10 -3 -10 -4 -10 -4 -10 -4 -10 -4 -10 -4 -10 -4 -10 0 0 -4 -10 -4 -10 -4 -10 -4 -10 -4 -11 -4 -11 -4 -10 -3 -10 -3 -10 -3 -10 -3 -10 -3 -10 -2 -10 -2 -10 -2 -10 -1 -9 -1 -9 -1 -9 -1 -9 -1 -8 0 -8 0 -8 0 -8 1 -8 1 -7 1 -7 0 0 0 0 0 0 0 0 0 0 ]
CSI_DATA,AP,10:B4:1D:CC:60:E0,-24,11,1,7,1,1,1,1,0,0,1,-93,0,6,2,8335583,0,68,0,0,8.04497,384,[0 0 0 0 0 0 0 0 0 0 0 0 5 9 5 9 6 9 6 9 5 8 5 8 5 8 5 8 5 8 6 7 6 7 6 7 6 7 6 6 6 7 6 6 6 6 7 6 7 6 7 6 7 6 7 6 7 5 7 5 8 6 7 5 0 0 8 6 8 6 8 6 8 6 7 6 7 6 7 6 7 7 6 6 6 6 6 6 6 7 6 7 5 7 5 7 5 7 4 7 4 6 4 6 3 6 3 6 3 6 2 6 2 6 2 6 1 6 0 0 0 0 0 0 0 0 0 0 ]
CSI_DATA,AP,10:B4:1D:CC:60:E0,-24,11,1,7,1,1,1,1,0,0,1,-93,0,6,2,8425656,0,68,0,0,8.13504,384,[0 0 0 0 0 0 0 0 0 0 0 0 -9 -8 -9 -7 -10 -7 -9 -7 -9 -7 -10 -7 -9 -7 -9 -6 -9 -6 -9 -6 -9 -6 -9 -5 -9 -5 -9 -5 -9 -5 -10 -4 -9 -4 -10 -4 -10 -4 -10 -4 -10 -4 -10 -4 -10 -3 -10 -3 -10 -3 -10 -3 0 0 -10 -3 -11 -3 -11 -3 -11 -3 -10 -4 -11 -4 -10 -4 -10 -4 -10 -4 -10 -4 -10 -4 -9 -5 -9 -5 -9 -5 -8 -5 -8 -5 -8 -5 -8 -5 -7 -5 -7 -5 -6 -5 -6 -6 -6 -6 -6 -6 -5 -6 -5 -6 0 0 0 0 0 0 0 0 0 0 ]
CSI_DATA,AP,10:B4:1D:CC:60:E0,-24,11,1,7,1,1,1,1,0,0,1,-93,0,6,2,8515574,0,68,0,0,8.22497,384,[0 0 0 0 0 0 0 0 0 0 0 0 4 -11 4 -11 4 -11 4 -11 3 -11 3 -11 3 -11 3 -10 3 -10 2 -10 2 -10 2 -10 2 -10 1 -10 1 -10 1 -10 1 -10 1 -10 0 -10 0 -10 0 -10 0 -11 0 -10 -1 -11 -1 -11 0 -10 0 0 0 -11 -1 -11 0 -11 0 -11 0 -11 0 -11 0 -11 1 -11 1 -11 1 -10 1 -10 1 -10 1 -10 1 -10 2 -9 2 -9 2 -9 2 -8 2 -8 2 -8 3 -8 3 -7 3 -7 3 -7 3 -7 3 -6 0 0 0 0 0 0 0 0 0 0 ]
CSI_DATA,AP,10:B4:1D:CC:60:E0,-24,11,1,7,1,1,1,1,0,0,1,-93,0,6,2,8605597,0,68,0,0,8.31499,384,[0 0 0 0 0 0 0 0 0 0 0 0 -10 -8 -9 -8 -10 -7 -9 -7 -9 -7 -9 -7 -9 -7 -9 -6 -9 -6 -9 -6 -9 -5 -9 -5 -9 -5 -9 -5 -10 -5 -10 -4 -9 -4 -10 -4 -10 -4 -10 -4 -10 -3 -10 -4 -10 -3 -10 -3 -10 -3 -10 -3 0 0 -11 -3 -10 -3 -11 -3 -10 -3 -11 -3 -11 -4 -10 -4 -10 -4 -10 -4 -10 -4 -10 -4 -9 -4 -9 -4 -9 -5 -8 -5 -8 -5 -8 -5 -8 -5 -7 -5 -7 -5 -7 -5 -6 -5 -6 -5 -6 -5 -5 -5 -5 -6 0 0 0 0 0 0 0 0 0 0 ]
CSI_DATA,AP,10:B4:1D:CC:60:E0,-24,11,1,7,1,1,1,1,0,0,1,-93,0,6,2,8696284,0,68,0,0,8.40567,384,[0 0 0 0 0 0 0 0 0 0 0 0 -9 -8 -9 -8 -9 -8 -9 -8 -9 -8 -9 -7 -9 -7 -8 -7 -9 -7 -9 -7 -9 -6 -9 -6 -9 -6 -9 -6 -9 -6 -9 -5 -9 -5 -9 -5 -10 -5 -10 -5 -10 -5 -10 -4 -10 -4 -10 -4 -10 -4 -10 -4 0 0 -10 -4 -10 -4 -10 -4 -10 -4 -10 -4 -10 -4 -10 -5 -10 -5 -10 -5 -9 -5 -9 -5 -9 -5 -9 -5 -8 -5 -8 -5 -8 -5 -8 -6 -7 -5 -7 -6 -7 -6 -6 -6 -6 -6 -6 -6 -5 -6 -5 -6 -4 -6 0 0 0 0 0 0 0 0 0 0 ]
CSI_DATA,AP,10:B4:1D:CC:60:E0,-24,11,1,7,1,1,1,1,0,0,1,-93,0,6,2,8785998,0,68,0,0,8.49539,384,[0 0 0 0 0 0 0 0 0 0 0 0 -1 -12 -1 -12 -2 -12 -2 -12 -2 -11 -2 -11 -2 -11 -2 -11 -2 -11 -3 -11 -3 -10 -3 -10 -3 -10 -3 -10 -4 -10 -4 -10 -4 -9 -4 -9 -5 -10 -5 -10 -5 -10 -5 -9 -5 -9 -5 -10 -5 -9 -5 -9 0 0 -5 -10 -5 -10 -6 -10 -5 -10 -5 -10 -5 -10 -5 -10 -5 -10 -4 -10 -4 -10 -4 -10 -4 -10 -3 -10 -3 -10 -3 -9 -3 -9 -2 -9 -2 -9 -2 -9 -2 -8 -1 -8 -1 -8 -1 -8 0 -8 0 -8 0 -7 0 0 0 0 0 0 0 0 0 0 ]
CSI_DATA,AP,10:B4:1D:CC:60:E0,-24,11,1,7,1,1,1,1,0,0,1,-93,0,6,2,8875733,0,68,0,0,8.58512,384,[0 0 0 0 0 0 0 0 0 0 0 0 -6 -11 -6 -10 -6 -10 -7 -10 -6 -9 -6 -10 -6 -9 -7 -9 -7 -9 -7 -8 -7 -8 -7 -8 -7 -8 -7 -8 -7 -8 -7 -7 -8 -7 -8 -7 -8 -7 -8 -7 -8 -7 -8 -7 -8 -6 -9 -7 -9 -7 -9 -6 0 0 -9 -7 -9 -7 -9 -7 -9 -7 -9 -7 -9 -7 -9 -7 -8 -7 -8 -7 -8 -7 -8 -7 -7 -7 -7 -7 -7 -8 -6 -7 -6 -7 -6 -7 -6 -7 -5 -7 -5 -7 -5 -7 -4 -7 -4 -7 -3 -7 -3 -7 -3 -7 0 0 0 0 0 0 0 0 0 0 ]
CSI_DATA,AP,10:B4:1D:CC:60:E0,-24,11,1,7,1,1,1,1,0,0,1,-93,0,6,2,8965632,0,68,0,0,8.67502,384,[0 0 0 0 0 0 0 0 0 0 0 0 9 -8 8 -7 9 -8 8 -7 8 -8 8 -8 8 -8 7 -8 7 -8 7 -8 7 -8 6 -8 6 -8 6 -8 6 -8 5 -9 5 -8 5 -9 5 -9 5 -9 5 -9 4 -9 5 -9 4 -10 4 -9 4 -9 0 0 4 -10 4 -10 4 -10 5 -10 4 -9 5 -10 5 -9 5 -9 5 -9 5 -9 5 -9 5 -8 5 -8 5 -8 6 -7 5 -7 6 -7 5 -6 6 -6 6 -6 5 -5 6 -5 6 -5 5 -5 6 -4 6 -4 0 0 0 0 0 0 0 0 0 0 ]
CSI_DATA,AP,10:B4:1D:CC:60:E0,-24,11,1,7,1,1,1,1,0,0,1,-93,0,6,2,9055539,0,68,0,0,8.76493,384,[0 0 0 0 0 0 0 0 0 0 0 0 5 9 5 9 5 9 5 9 5 9 5 8 5 8 5 8 5 8 5 8 5 8 6 7 6 7 6 7 6 7 6 6 6 6 6 6 7 6 6 6 7 6 7 6 7 6 7 6 7 6 7 6 0 0 7 6 7 6 7 6 7 6 7 6 7 6 7 7 6 7 6 7 6 7 6 7 5 7 5 7 5 7 5 7 4 6 4 7 4 6 3 6 3 6 3 6 2 6 2 6 2 6 1 6 1 6 0 0 0 0 0 0 0 0 0 0 ]
CSI_DATA,AP,10:B4:1D:CC:60:E0,-24,11,1,7,1,1,1,1,0,0,1,-93,0,6,2,9145672,0,68,0,0,8.85506,384,[0 0 0 0 0 0 0 0 0 0 0 0 -10 -7 -10 -6 -10 -7 -10 -6 -10 -6 -10 -6 -10 -6 -10 -6 -10 -5 -10 -5 -10 -4 -10 -4 -10 -4 -10 -4 -10 -4 -10 -3 -10 -3 -10 -3 -10 -3 -10 -3 -10 -3 -10 -3 -10 -2 -10 -2 -10 -2 -11 -2 0 0 -11 -2 -11 -3 -11 -3 -11 -3 -11 -3 -11 -3 -11 -3 -10 -4 -10 -4 -10 -3 -10 -4 -10 -4 -9 -4 -9 -4 -9 -4 -8 -4 -8 -5 -8 -5 -8 -5 -7 -5 -7 -5 -7 -5 -6 -5 -6 -5 -6 -5 -5 -6 0 0 0 0 0 0 0 0 0 0 ]
CSI_DATA,AP,10:B4:1D:CC:60:E0,-24,11,1,7,1,1,1,1,0,0,1,-93,0,6,2,9235574,0,68,0,0,8.94496,384,[0 0 0 0 0 0 0 0 0 0 0 0 11 -2 11 -2 11 -2 11 -2 10 -2 10 -2 10 -3 10 -3 10 -3 9 -3 9 -3 9 -4 9 -4 9 -4 9 -4 8 -5 8 -5 8 -5 8 -5 8 -5 8 -5 8 -6 8 -6 8 -6 8 -6 8 -6 0 0 8 -6 8 -6 8 -7 8 -7 8 -6 8 -6 8 -6 8 -6 8 -6 8 -5 8 -5 8 -5 8 -4 8 -4 8 -4 8 -4 8 -4 8 -3 7 -3 7 -3 7 -2 7 -2 7 -2 7 -2 7 -1 6 -1 0 0 0 0 0 0 0 0 0 0 ]
CSI_DATA,AP,10:B4:1D:CC:60:E0,-24,11,1,7,1,1,1,1,0,0,1,-93,0,6,2,9325645,0,68,0,0,9.03504,384,[0 0 0 0 0 0 0 0 0 0 0 0 0 -12 0 -12 0 -12 0 -11 0 -12 0 -11 0 -11 -1 -11 -1 -11 -1 -11 -1 -11 -2 -10 -2 -10 -2 -10 -2 -10 -2 -10 -3 -10 -3 -10 -3 -10 -3 -10 -4 -10 -4 -10 -4 -10 -4 -10 -4 -10 -4 -10 0 0 -4 -10 -4 -11 -4 -10 -4 -10 -4 -10 -4 -11 -3 -11 -3 -10 -3 -10 -3 -10 -2 -10 -2 -10 -2 -10 -2 -10 -2 -10 -1 -9 -1 -9 -1 -9 -1 -9 -1 -8 0 -8 0 -8 0 -8 1 -8 1 -7 1 -7 0 0 0 0 0 0 0 0 0 0 ]
CSI_DATA,AP,10:B4:1D:CC:60:E0,-24,11,1,7,1,1,1,1,0,0,1,-93,0,6,2,9415619,0,68,0,0,9.125,384,[0 0 0 0 0 0 0 0 0 0 0 0 10 -6 9 -7 9 -7 9 -6 9 -6 9 -6 8 -7 8 -7 8 -7 8 -7 8 -7 7 -7 7 -7 7 -7 7 -7 6 -8 6 -8 6 -8 6 -8 5 -8 6 -8 5 -9 5 -9 5 -9 5 -9 5 -9 0 0 6 -9 6 -9 5 -9 6 -9 5 -9 6 -9 6 -9 6 -9 6 -8 6 -8 6 -8 6 -8 6 -7 6 -7 6 -7 6 -6 6 -6 6 -6 6 -5 6 -5 6 -5 6 -4 6 -4 6 -4 6 -3 6 -3 0 0 0 0 0 0 0 0 0 0 ]
CSI_DATA,AP,10:B4:1D:CC:60:E0,-24,11,1,7,1,1,1,1,0,0,1,-93,0,6,2,9505457,0,68,0,0,9.21486,384,[0 0 0 0 0 0 0 0 0 0 0 0 -12 0 -12 0 -12 0 -11 0 -11 0 -11 0 -11 0 -11 1 -11 1 -10 1 -10 1 -10 1 -10 1 -10 2 -10 2 -10 2 -10 2 -10 3 -10 3 -9 3 -9 3 -9 3 -9 4 -9 4 -10 4 -10 4 0 0 -10 4 -10 4 -10 4 -10 4 -10 4 -10 3 -10 3 -10 3 -10 3 -10 3 -10 2 -9 2 -9 2 -9 2 -9 1 -9 1 -9 1 -9 0 -9 0 -8 0 -8 0 -8 -1 -8 -1 -8 -1 -8 -1 -7 -2 0 0 0 0 0 0 0 0 0 0 ]
CSI_DATA,AP,10:B4:1D:CC:60:E0,-24,11,1,7,1,1,1,1,0,0,1,-93,0,6,2,9595599,0,68,0,0,9.30499,384,[0 0 0 0 0 0 0 0 0 0 0 0 4 -11 4 -11 3 -11 3 -11 3 -11 3 -10 3 -11 3 -10 2 -10 2 -10 2 -10 2 -10 2 -10 1 -10 1 -10 1 -10 1 -10 0 -10 0 -10 0 -10 0 -10 0 -10 0 -10 -1 -10 0 -11 0 -10 0 0 0 -11 -1 -11 -1 -11 0 -11 0 -11 0 -11 0 -11 0 -11 0 -10 1 -10 1 -10 1 -10 2 -10 2 -9 2 -9 2 -9 2 -9 2 -8 2 -8 2 -8 3 -7 3 -7 3 -7 3 -7 3 -6 4 -6 0 0 0 0 0 0 0 0 0 0 ]
CSI_DATA,AP,10:B4:1D:CC:60:E0,-24,11,1,7,1,1,1,1,0,0,1,-93,0,6,2,9685536,0,68,0,0,9.39492,384,[0 0 0 0 0 0 0 0 0 0 0 0 11 4 10 3 10 3 10 3 10 3 10 3 10 3 10 3 10 2 10 2 9 2 9 1 10 1 9 1 9 1 9 1 9 0 9 0 9 0 10 0 9 0 10 -1 10 -1 10 -1 10 -1 10 -1 0 0 10 -1 10 -1 10 -1 10 -1 10 -1 10 0 10 0 10 0 10 0 10 1 10 1 9 1 9 1 9 1 9 1 8 2 8 2 8 2 8 2 7 2 7 2 6 3 6 3 6 3 6 3 5 4 0 0 0 0 0 0 0 0 0 0 ]
CSI_DATA,AP,10:B4:1D:CC:60:E0,-24,11,1,7,1,1,1,1,0,0,1,-93,0,6,2,9775496,0,68,0,0,9.48489,384,[0 0 0 0 0 0 0 0 0 0 0 0 -3 11 -3 10 -3 10 -3 10 -3 10 -3 10 -3 10 -2 10 -2 10 -2 10 -1 9 -1 9 -1 9 -1 9 -1 9 0 9 0 9 0 9 0 9 1 9 0 9 1 9 1 9 1 9 1 9 1 9 0 0 1 10 1 10 1 10 1 10 1 10 1 10 0 10 0 10 0 9 0 9 0 9 0 9 -1 9 -1 9 -1 8 -1 8 -2 8 -2 8 -2 7 -2 7 -2 7 -3 7 -3 7 -3 6 -3 6 -4 6 0 0 0 0 0 0 0 0 0 0 ]
CSI_DATA,AP,10:B4:1D:CC:60:E0,-24,11,1,7,1,1,1,1,0,0,1,-93,0,6,2,9865556,0,68,0,0,9.57495,384,[0 0 0 0 0 0 0 0 0 0 0 0 6 9 6 9 6 9 6 9 6 8 6 8 6 8 6 8 6 8 6 7 6 7 7 7 7 6 7 6 7 6 7 6 7 6 7 5 8 5 8 5 8 5 8 5 8 5 8 5 8 5 8 5 0 0 9 5 9 5 9 5 8 5 8 5 9 5 8 6 8 6 8 6 8 6 7 6 7 6 7 6 7 6 6 6 6 6 5 6 5 6 5 6 4 6 4 6 4 6 4 6 3 6 3 6 2 6 0 0 0 0 0 0 0 0 0 0 ]
CSI_DATA,AP,10:B4:1D:CC:60:E0,-24,11,1,7,1,1,1,1,0,0,1,-93,0,6,2,9955715,0,68,0,0,9.66511,384,[0 0 0 0 0 0 0 0 0 0 0 0 -6 -11 -6 -10 -6 -10 -6 -10 -6 -10 -6 -10 -6 -9 -6 -9 -6 -9 -7 -9 -6 -9 -6 -8 -7 -8 -7 -8 -7 -8 -7 -8 -7 -7 -7 -7 -8 -7 -8 -7 -8 -7 -8 -7 -8 -7 -8 -7 -8 -7 -8 -7 0 0 -8 -7 -9 -7 -8 -7 -9 -7 -8 -7 -8 -8 -8 -8 -8 -8 -7 -8 -7 -8 -7 -8 -7 -8 -6 -8 -6 -8 -6 -8 -5 -8 -5 -8 -5 -7 -4 -8 -4 -7 -4 -8 -3 -8 -3 -8 -3 -7 -2 -7 -2 -7 0 0 0 0 0 0 0 0 0 0 ]
CSI_DATA,AP,10:B4:1D:CC:60:E0,-24,11,1,7,1,1,1,1,0,0,1,-93,0,6,2,10045582,0,68,0,0,9.75497,384,[0 0 0 0 0 0 0 0 0 0 0 0 -11 0 -12 0 -11 0 -11 0 -11 0 -11 1 -11 0 -11 1 -11 1 -10 1 -10 1 -10 2 -10 2 -10 2 -10 2 -10 2 -10 2 -10 3 -10 3 -9 3 -9 3 -9 3 -9 3 -9 4 -10 4 -10 4 0 0 -10 4 -10 4 -10 4 -10 3 -10 3 -10 3 -10 3 -10 3 -10 2 -10 2 -10 2 -10 2 -10 1 -10 1 -9 1 -9 0 -9 0 -9 0 -8 0 -8 0 -8 -1 -8 -1 -8 -1 -7 -1 -7 -2 -7 -2 0 0 0 0 0 0 0 0 0 0 ]
CSI_DATA,AP,10:B4:1D:CC:60:E0,-24,11,1,7,1,1,1,1,0,0,1,-93,0,6,2,10136616,0,68,0,0,9.84601,384,[0 0 0 0 0 0 0 0 0 0 0 0 -10 5 -10 5 -10 5 -10 5 -10 5 -10 5 -9 5 -9 5 -9 5 -9 5 -8 5 -8 6 -8 6 -8 6 -7 6 -8 6 -7 6 -7 6 -7 7 -7 7 -7 7 -7 7 -7 7 -7 7 -7 7 -7 7 0 0 -7 7 -7 8 -7 8 -7 8 -7 7 -7 7 -8 7 -7 7 -8 6 -8 6 -8 6 -8 6 -8 6 -7 5 -8 5 -7 5 -7 4 -7 4 -7 3 -7 3 -7 3 -7 3 -7 2 -7 2 -7 2 -7 1 0 0 0 0 0 0 0 0 0 0 ]
CSI_DATA,AP,10:B4:1D:CC:60:E0,-24,11,1,7,1,1,1,1,0,0,1,-93,0,6,2,10230672,0,68,0,0,9.94005,384,[0 0 0 0 0 0 0 0 0 0 0 0 -8 -9 -8 -9 -8 -9 -8 -9 -8 -8 -8 -8 -8 -8 -8 -8 -8 -7 -9 -7 -8 -7 -9 -7 -9 -7 -9 -6 -9 -6 -9 -6 -9 -6 -9 -5 -10 -5 -9 -5 -9 -5 -9 -5 -9 -5 -10 -5 -10 -5 -10 -5 0 0 -10 -5 -10 -5 -10 -5 -10 -5 -10 -6 -10 -6 -10 -6 -9 -6 -9 -6 -9 -6 -9 -6 -8 -7 -8 -7 -8 -7 -7 -6 -7 -7 -7 -7 -7 -7 -6 -6 -6 -7 -5 -7 -5 -7 -5 -7 -4 -7 -4 -7 -4 -7 0 0 0 0 0 0 0 0 0 0 ]
CSI_DATA,AP,10:B4:1D:CC:60:E0,-24,11,1,7,1,1,1,1,0,0,1,-93,0,6,2,10315620,0,68,0,0,10.025,384,[0 0 0 0 0 0 0 0 0 0 0 0 -1 11 -1 10 0 11 0 10 -1 10 0 10 0 10 0 10 0 10 1 10 1 10 1 9 1 9 1 9 1 9 1 9 2 9 2 9 2 9 2 9 2 9 2 9 3 9 3 9 3 9 3 9 0 0 2 9 3 9 3 9 2 9 2 10 2 10 2 10 2 10 1 9 1 9 1 9 1 9 0 9 0 9 0 8 -1 8 -1 8 -1 8 -1 7 -2 7 -2 7 -2 7 -2 7 -3 7 -3 6 -3 6 0 0 0 0 0 0 0 0 0 0 ]
CSI_DATA,AP,10:B4:1D:CC:60:E0,-24,11,1,7,1,1,1,1,0,0,1,-93,0,6,2,10405544,0,68,0,0,10.1149,384,[0 0 0 0 0 0 0 0 0 0 0 0 9 -7 9 -8 8 -7 8 -8 8 -7 8 -8 8 -7 8 -8 7 -8 7 -8 7 -8 7 -8 6 -8 6 -8 6 -8 6 -8 6 -8 5 -9 5 -9 5 -9 5 -9 5 -9 5 -9 5 -9 5 -10 5 -10 0 0 5 -10 5 -10 5 -10 5 -9 5 -10 5 -10 5 -9 5 -9 6 -9 6 -9 6 -8 6 -8 6 -8 6 -8 6 -7 6 -7 6 -7 6 -6 6 -6 6 -5 6 -5 6 -5 6 -5 6 -4 6 -4 6 -3 0 0 0 0 0 0 0 0 0 0 ]
CSI_DATA,AP,10:B4:1D:CC:60:E0,-24,11,1,7,1,1,1,1,0,0,1,-93,0,6,2,10495642,0,68,0,0,10.205,384,[0 0 0 0 0 0 0 0 0 0 0 0 9 -7 9 -7 9 -6 9 -7 8 -6 8 -7 8 -6 8 -7 8 -7 7 -7 7 -7 7 -7 7 -7 6 -8 6 -8 6 -8 6 -8 5 -8 6 -8 6 -8 5 -8 5 -8 5 -9 5 -9 5 -9 5 -9 0 0 5 -9 5 -9 5 -9 5 -9 5 -9 6 -9 6 -9 6 -8 6 -8 6 -8 6 -8 6 -8 6 -7 6 -7 6 -7 6 -6 6 -6 6 -6 6 -5 6 -5 6 -5 6 -4 6 -4 6 -4 6 -3 6 -3 0 0 0 0 0 0 0 0 0 0 ]
CSI_DATA,AP,10:B4:1D:CC:60:E0,-24,11,1,7,1,1,1,1,0,0,1,-93,0,6,2,10585576,0,68,0,0,10.295,384,[0 0 0 0 0 0 0 0 0 0 0 0 -4 -11 -5 -11 -5 -11 -5 -11 -5 -11 -5 -10 -5 -10 -5 -10 -5 -9 -5 -9 -5 -9 -5 -9 -6 -9 -6 -9 -6 -9 -6 -8 -6 -8 -6 -8 -7 -8 -7 -8 -7 -8 -7 -8 -7 -8 -8 -8 -7 -8 -8 -8 0 0 -8 -8 -8 -8 -8 -8 -8 -8 -8 -8 -8 -8 -7 -8 -7 -8 -7 -8 -7 -8 -6 -8 -6 -8 -6 -8 -5 -8 -5 -8 -5 -8 -5 -8 -4 -8 -4 -8 -4 -7 -3 -8 -3 -8 -3 -8 -2 -8 -2 -7 -2 -7 0 0 0 0 0 0 0 0 0 0 ]
CSI_DATA,AP,10:B4:1D:CC:60:E0,-24,11,1,7,1,1,1,1,0,0,1,-93,0,6,2,10675539,0,68,0,0,10.3849,384,[0 0 0 0 0 0 0 0 0 0 0 0 -11 5 -10 5 -11 5 -10 5 -10 5 -10 5 -10 5 -10 5 -9 5 -9 5 -9 6 -9 5 -8 6 -8 6 -8 6 -8 6 -8 6 -7 7 -7 7 -7 7 -7 7 -7 7 -7 7 -7 8 -7 7 -7 8 0 0 -7 7 -7 8 -7 8 -7 8 -7 8 -7 8 -8 7 -8 7 -8 7 -8 7 -8 6 -8 6 -8 6 -7 5 -8 5 -7 5 -8 5 -7 4 -8 4 -7 4 -8 3 -7 3 -7 3 -7 2 -7 2 -7 1 0 0 0 0 0 0 0 0 0 0 ]
CSI_DATA,AP,10:B4:1D:CC:60:E0,-24,11,1,7,1,1,1,1,0,0,1,-93,0,6,2,10765678,0,68,0,0,10.4751,384,[0 0 0 0 0 0 0 0 0 0 0 0 -11 4 -11 4 -11 4 -10 4 -11 4 -10 4 -10 4 -10 4 -10 4 -9 4 -9 4 -9 5 -9 5 -9 5 -8 5 -8 6 -8 5 -8 6 -8 6 -8 6 -8 6 -8 6 -8 7 -7 7 -8 7 -7 7 0 0 -8 7 -8 7 -7 7 -8 7 -8 7 -8 7 -8 6 -8 6 -8 6 -8 6 -8 5 -8 5 -8 5 -8 5 -8 5 -8 4 -8 4 -8 4 -8 3 -8 3 -7 3 -7 2 -7 2 -7 2 -7 1 -7 1 0 0 0 0 0 0 0 0 0 0 ]
CSI_DATA,AP,10:B4:1D:CC:60:E0,-24,11,1,7,1,1,1,1,0,0,1,-93,0,6,2,10855595,0,68,0,0,10.565,384,[0 0 0 0 0 0 0 0 0 0 0 0 -12 -2 -12 -1 -12 -1 -12 -1 -12 -1 -11 -1 -11 -1 -11 -1 -11 -1 -11 0 -11 0 -10 1 -10 1 -10 1 -10 1 -10 1 -10 1 -10 2 -10 2 -10 2 -10 2 -10 2 -10 3 -10 3 -10 3 -10 3 0 0 -10 3 -10 3 -10 3 -11 3 -10 3 -11 2 -11 2 -11 2 -10 2 -10 2 -10 2 -10 1 -10 1 -10 1 -10 1 -9 0 -9 0 -9 0 -9 0 -9 -1 -8 -1 -8 -1 -8 -1 -8 -1 -8 -2 -7 -2 0 0 0 0 0 0 0 0 0 0 ]
CSI_DATA,AP,10:B4:1D:CC:60:E0,-21,11,1,7,0,1,1,1,0,0,1,-93,0,6,2,10947369,0,68,0,0,10.6568,256,[0 0 0 0 0 0 0 0 0 0 0 0 8 -14 8 -14 7 -14 7 -13 7 -14 6 -13 6 -13 6 -13 6 -13 5 -13 5 -13 4 -13 4 -13 4 -14 4 -13 3 -13 3 -13 3 -14 2 -14 2 -14 2 -14 2 -14 1 -14 1 -14 1 -14 1 -14 0 0 1 -14 1 -15 1 -14 1 -15 2 -15 2 -14 2 -14 2 -14 3 -14 3 -14 3 -14 3 -13 3 -13 4 -13 4 -12 4 -12 4 -11 4 -11 4 -11 4 -10 5 -10 5 -9 5 -9 5 -9 5 -8 6 -8 0 0 0 0 0 0 0 0 0 0 ]
CSI_DATA,AP,10:B4:1D:CC:60:E0,-24,11,1,7,1,1,1,1,0,0,1,-93,0,6,2,11035564,0,68,0,0,10.745,384,[0 0 0 0 0 0 0 0 0 0 0 0 -11 -6 -11 -6 -11 -5 -11 -5 -10 -5 -10 -5 -10 -5 -10 -5 -10 -5 -10 -4 -10 -4 -10 -4 -10 -4 -10 -3 -10 -3 -10 -3 -10 -3 -10 -2 -10 -2 -10 -2 -10 -2 -10 -2 -10 -2 -11 -2 -11 -2 -11 -1 0 0 -11 -2 -11 -2 -11 -2 -11 -2 -11 -2 -11 -2 -11 -3 -11 -3 -11 -3 -10 -3 -10 -3 -10 -3 -10 -4 -9 -4 -9 -4 -9 -4 -8 -4 -8 -4 -8 -4 -7 -4 -7 -5 -7 -5 -7 -5 -6 -5 -6 -5 -6 -5 0 0 0 0 0 0 0 0 0 0 ]
CSI_DATA,AP,10:B4:1D:CC:60:E0,-24,11,1,7,1,1,1,1,0,0,1,-93,0,6,2,11125689,0,68,0,0,10.8351,384,[0 0 0 0 0 0 0 0 0 0 0 0 -10 6 -10 6 -9 6 -9 6 -9 6 -9 6 -9 6 -9 6 -8 6 -8 7 -8 7 -8 7 -7 7 -7 7 -7 7 -7 7 -7 7 -6 8 -6 8 -6 8 -6 8 -6 8 -6 8 -6 8 -6 8 -6 8 0 0 -6 8 -6 9 -6 8 -6 8 -6 8 -7 8 -7 8 -7 8 -7 8 -7 7 -7 7 -7 7 -7 7 -7 6 -7 6 -7 6 -7 5 -7 5 -7 5 -7 4 -7 4 -7 4 -7 3 -7 3 -7 2 -7 2 0 0 0 0 0 0 0 0 0 0 ]
CSI_DATA,AP,10:B4:1D:CC:60:E0,-24,11,1,7,1,1,1,1,0,0,1,-93,0,6,2,11215583,0,68,0,0,10.925,384,[0 0 0 0 0 0 0 0 0 0 0 0 -12 -1 -11 -1 -12 -1 -11 -1 -11 0 -11 0 -11 0 -11 0 -11 0 -10 0 -11 1 -10 1 -10 1 -10 2 -10 2 -10 2 -10 2 -10 2 -10 3 -10 3 -10 3 -10 3 -10 3 -10 3 -9 4 -9 3 0 0 -10 4 -10 4 -10 4 -10 4 -10 4 -10 3 -10 3 -10 3 -10 3 -10 3 -10 2 -10 2 -9 2 -9 1 -9 1 -9 1 -9 1 -9 1 -8 0 -8 0 -8 0 -8 0 -8 -1 -8 -1 -7 -1 -7 -2 0 0 0 0 0 0 0 0 0 0 ]
CSI_DATA,AP,10:B4:1D:CC:60:E0,-24,11,1,7,1,1,1,1,0,0,1,-93,0,6,2,11305598,0,68,0,0,11.015,384,[0 0 0 0 0 0 0 0 0 0 0 0 9 5 9 5 9 5 9 5 9 4 9 4 9 4 9 4 9 4 9 4 9 3 9 3 9 3 9 3 9 2 9 2 9 2 9 2 9 1 9 1 9 1 9 1 9 1 9 1 9 1 9 1 0 0 10 1 9 1 10 1 10 1 10 1 10 1 9 2 9 2 9 2 9 2 9 2 9 2 8 3 8 3 8 3 8 3 7 3 7 3 7 3 6 3 6 3 6 4 5 4 5 4 5 4 4 4 0 0 0 0 0 0 0 0 0 0 ]
CSI_DATA,AP,10:B4:1D:CC:60:E0,-24,11,1,7,1,1,1,1,0,0,1,-93,0,6,2,11395539,0,68,0,0,11.1049,384,[0 0 0 0 0 0 0 0 0 0 0 0 8 7 8 7 8 7 8 6 8 6 8 6 8 6 8 6 8 5 8 5 8 5 8 5 8 4 8 4 8 4 8 4 8 4 8 3 9 3 9 3 9 3 9 3 9 3 9 3 9 2 9 2 0 0 9 3 9 3 10 3 9 3 9 3 9 3 9 4 9 4 9 4 9 4 9 4 8 4 8 4 8 4 7 4 7 5 7 4 6 4 6 5 6 5 5 5 5 5 5 5 4 5 4 5 3 5 0 0 0 0 0 0 0 0 0 0 ]
CSI_DATA,AP,10:B4:1D:CC:60:E0,-24,11,1,7,1,1,1,1,0,0,1,-93,0,6,2,11486607,0,68,0,0,11.196,384,[0 0 0 0 0 0 0 0 0 0 0 0 -10 6 -9 6 -10 6 -9 6 -9 6 -9 7 -9 6 -9 6 -8 6 -8 7 -8 7 -7 7 -7 7 -7 7 -7 7 -7 7 -6 7 -6 8 -6 8 -6 8 -6 8 -6 8 -6 8 -6 8 -6 8 -6 8 0 0 -6 8 -6 9 -6 8 -6 9 -6 8 -6 8 -6 8 -6 8 -7 8 -7 7 -7 7 -7 7 -7 7 -7 6 -7 6 -7 5 -7 5 -7 5 -7 5 -7 4 -7 4 -7 4 -7 4 -7 3 -7 3 -7 2 0 0 0 0 0 0 0 0 0 0 ]
CSI_DATA,AP,10:B4:1D:CC:60:E0,-24,11,1,7,1,1,1,1,0,0,1,-93,0,6,2,11575635,0,68,0,0,11.285,384,[0 0 0 0 0 0 0 0 0 0 0 0 0 11 0 11 0 11 0 11 0 10 0 10 0 10 1 10 1 10 1 9 1 10 1 9 2 9 2 9 2 9 2 9 2 9 2 9 3 9 3 9 3 9 3 9 3 8 4 9 4 9 4 9 0 0 4 9 4 9 4 9 3 9 4 9 3 9 3 9 3 9 3 9 2 9 2 9 2 9 2 9 1 9 1 8 1 8 0 8 0 8 0 7 0 7 0 7 -1 7 -1 7 -1 7 -1 6 -2 6 0 0 0 0 0 0 0 0 0 0 ]
CSI_DATA,AP,10:B4:1D:CC:60:E0,-24,11,1,7,1,1,1,1,0,0,1,-93,0,6,2,11665597,0,68,0,0,11.375,384,[0 0 0 0 0 0 0 0 0 0 0 0 -11 5 -11 5 -11 5 -10 5 -10 5 -10 5 -10 5 -10 5 -9 5 -9 5 -9 5 -9 5 -9 5 -8 6 -8 6 -8 6 -8 6 -8 6 -8 6 -8 6 -7 6 -7 7 -7 7 -7 7 -7 7 -7 7 0 0 -8 7 -7 7 -7 7 -8 7 -8 7 -8 7 -8 7 -8 6 -8 6 -8 6 -8 6 -8 5 -8 5 -8 5 -8 5 -8 4 -8 4 -8 4 -8 3 -8 3 -8 2 -8 2 -7 2 -7 2 -7 1 -7 1 0 0 0 0 0 0 0 0 0 0 ]
CSI_DATA,AP,10:B4:1D:CC:60:E0,-24,11,1,7,1,1,1,1,0,0,1,-93,0,6,2,11756092,0,68,0,0,11.4655,384,[0 0 0 0 0 0 0 0 0 0 0 0 -11 5 -10 5 -10 5 -10 5 -10 5 -10 5 -9 5 -9 6 -9 5 -9 6 -9 6 -8 6 -8 6 -8 6 -8 6 -8 6 -7 6 -7 7 -7 7 -7 7 -7 7 -7 7 -7 8 -6 8 -6 8 -6 8 0 0 -7 8 -7 8 -7 8 -7 8 -7 8 -7 8 -7 8 -7 7 -7 7 -8 7 -8 7 -8 6 -7 6 -7 6 -8 5 -7 5 -7 5 -7 4 -7 4 -7 4 -7 3 -7 3 -7 3 -7 2 -7 2 -7 1 0 0 0 0 0 0 0 0 0 0 ]
CSI_DATA,AP,10:B4:1D:CC:60:E0,-24,11,1,7,1,1,1,1,0,0,1,-93,0,6,2,11845567,0,68,0,0,11.555,384,[0 0 0 0 0 0 0 0 0 0 0 0 -6 -11 -6 -10 -6 -11 -6 -10 -6 -10 -6 -10 -6 -10 -6 -10 -6 -9 -6 -9 -6 -9 -6 -9 -7 -8 -7 -8 -7 -8 -7 -8 -7 -8 -7 -8 -7 -8 -7 -8 -7 -8 -8 -8 -8 -7 -8 -7 -8 -7 -8 -7 0 0 -8 -7 -8 -8 -8 -8 -8 -8 -8 -8 -8 -8 -7 -8 -7 -8 -7 -8 -7 -8 -7 -8 -6 -8 -6 -8 -5 -8 -5 -8 -5 -8 -5 -8 -4 -8 -4 -8 -4 -7 -3 -8 -3 -8 -3 -8 -2 -8 -2 -7 -2 -7 0 0 0 0 0 0 0 0 0 0 ]
CSI_DATA,AP,10:B4:1D:CC:60:E0,-24,11,1,7,1,1,1,1,0,0,1,-93,0,6,2,11935618,0,68,0,0,11.645,384,[0 0 0 0 0 0 0 0 0 0 0 0 -12 -3 -12 -3 -12 -2 -11 -2 -11 -2 -11 -2 -11 -2 -11 -2 -11 -2 -11 -1 -11 -1 -11 -1 -10 0 -10 0 -10 0 -10 0 -10 1 -10 1 -10 1 -10 1 -10 1 -10 1 -10 2 -10 2 -10 2 -10 2 0 0 -11 2 -11 2 -11 2 -11 2 -11 2 -11 2 -11 1 -11 1 -11 1 -11 1 -10 1 -10 0 -10 0 -10 0 -10 0 -9 -1 -9 -1 -9 -1 -9 -1 -8 -1 -8 -1 -8 -2 -8 -2 -7 -2 -7 -3 -7 -3 0 0 0 0 0 0 0 0 0 0 ]
CSI_DATA,AP,10:B4:1D:CC:60:E0,-24,11,1,7,1,1,1,1,0,0,1,-93,0,6,2,12025602,0,68,0,0,11.735,384,[0 0 0 0 0 0 0 0 0 0 0 0 -8 -10 -8 -9 -8 -9 -8 -9 -8 -9 -8 -8 -8 -8 -8 -8 -8 -8 -8 -8 -8 -7 -8 -7 -8 -7 -8 -7 -8 -7 -8 -6 -8 -6 -9 -6 -9 -6 -9 -6 -9 -6 -9 -6 -9 -6 -9 -6 -9 -6 -9 -5 0 0 -9 -6 -10 -6 -9 -6 -9 -6 -9 -6 -9 -7 -9 -7 -9 -7 -9 -7 -8 -7 -8 -7 -8 -7 -7 -7 -7 -7 -7 -7 -6 -7 -6 -7 -6 -7 -6 -7 -5 -7 -5 -7 -5 -7 -4 -7 -4 -7 -4 -7 -3 -7 0 0 0 0 0 0 0 0 0 0 ]
CSI_DATA,AP,10:B4:1D:CC:60:E0,-24,11,1,7,1,1,1,1,0,0,1,-93,0,6,2,12115638,0,68,0,0,11.825,384,[0 0 0 0 0 0 0 0 0 0 0 0 -7 -10 -7 -10 -7 -10 -7 -10 -7 -9 -7 -9 -7 -9 -7 -9 -7 -8 -7 -9 -7 -8 -7 -8 -7 -8 -8 -8 -8 -7 -8 -7 -8 -7 -8 -7 -8 -7 -8 -6 -8 -7 -8 -6 -9 -6 -9 -6 -9 -6 -9 -6 0 0 -9 -6 -9 -7 -9 -7 -9 -7 -9 -7 -9 -7 -9 -7 -8 -7 -8 -7 -8 -7 -7 -7 -7 -8 -7 -8 -7 -8 -6 -7 -6 -7 -6 -8 -5 -7 -5 -7 -5 -7 -4 -7 -4 -7 -4 -7 -3 -7 -3 -7 -2 -7 0 0 0 0 0 0 0 0 0 0 ]
CSI_DATA,AP,10:B4:1D:CC:60:E0,-24,11,1,7,1,1,1,1,0,0,1,-93,0,6,2,12205758,0,68,0,0,11.9151,384,[0 0 0 0 0 0 0 0 0 0 0 0 0 11 0 10 0 11 0 10 0 10 0 10 0 10 0 10 0 10 1 10 1 9 1 9 1 9 1 9 2 9 2 9 2 8 2 9 2 9 3 9 3 9 3 9 3 9 3 9 3 9 3 9 0 0 3 9 3 9 3 9 3 9 3 9 3 9 2 9 2 9 2 9 2 9 2 9 1 9 1 9 1 8 1 8 0 8 0 8 0 7 -1 7 -1 7 -1 7 -1 7 -2 7 -2 6 -2 6 -2 6 0 0 0 0 0 0 0 0 0 0 ]
CSI_DATA,AP,10:B4:1D:CC:60:E0,-24,11,1,7,1,1,1,1,0,0,1,-93,0,6,2,12295620,0,68,0,0,12.005,384,[0 0 0 0 0 0 0 0 0 0 0 0 11 0 11 0 10 0 10 0 10 0 10 -1 10 0 10 -1 10 -1 9 -1 9 -2 9 -2 9 -2 9 -2 9 -2 9 -2 9 -3 9 -3 9 -3 9 -3 9 -3 9 -3 9 -4 9 -4 9 -4 9 -4 0 0 9 -4 9 -4 9 -4 9 -4 9 -4 9 -3 9 -3 9 -3 9 -3 9 -3 9 -3 9 -2 9 -2 9 -2 8 -1 8 -1 8 -1 8 -1 7 0 7 0 7 0 7 0 7 0 6 1 6 1 6 1 0 0 0 0 0 0 0 0 0 0 ]
CSI_DATA,AP,10:B4:1D:CC:60:E0,-24,11,1,7,1,1,1,1,0,0,1,-93,0,6,2,12387077,0,68,0,0,12.0965,384,[0 0 0 0 0 0 0 0 0 0 0 0 10 4 10 4 10 4 10 4 10 3 9 3 9 3 9 3 9 2 9 2 9 2 9 2 9 2 9 1 9 1 9 1 9 0 9 0 9 0 9 0 9 0 9 -1 9 -1 9 -1 9 -1 10 -1 0 0 9 -1 10 -1 10 -1 10 -1 10 -1 10 -1 10 0 10 0 10 0 9 0 9 0 9 1 9 1 8 1 8 1 8 1 8 1 8 1 7 1 7 2 7 2 7 2 6 2 6 3 6 3 5 3 0 0 0 0 0 0 0 0 0 0 ]
CSI_DATA,AP,10:B4:1D:CC:60:E0,-24,11,1,7,1,1,1,1,0,0,1,-93,0,6,2,12475531,0,68,0,0,12.1849,384,[0 0 0 0 0 0 0 0 0 0 0 0 -4 -12 -4 -11 -4 -11 -4 -11 -4 -11 -4 -11 -4 -10 -4 -10 -4 -10 -5 -10 -4 -10 -5 -10 -5 -10 -5 -9 -6 -9 -5 -9 -6 -9 -6 -9 -6 -9 -7 -9 -6 -9 -7 -8 -7 -8 -7 -9 -7 -9 -7 -8 0 0 -7 -9 -7 -9 -7 -9 -7 -9 -7 -9 -7 -9 -7 -9 -6 -9 -6 -9 -6 -9 -5 -9 -5 -9 -5 -9 -5 -9 -4 -9 -4 -9 -4 -9 -4 -8 -3 -8 -3 -8 -3 -8 -2 -8 -2 -8 -1 -8 -1 -8 -1 -7 0 0 0 0 0 0 0 0 0 0 ]
CSI_DATA,AP,10:B4:1D:CC:60:E0,-24,11,1,7,1,1,1,1,0,0,1,-93,0,6,2,12565543,0,68,0,0,12.2749,384,[0 0 0 0 0 0 0 0 0 0 0 0 -4 -11 -4 -11 -4 -11 -4 -11 -4 -11 -4 -10 -4 -10 -4 -10 -4 -10 -5 -10 -5 -10 -5 -9 -5 -9 -5 -9 -5 -9 -6 -9 -5 -9 -6 -8 -6 -8 -6 -8 -6 -8 -6 -8 -7 -8 -7 -8 -7 -8 -7 -8 0 0 -7 -8 -7 -9 -7 -8 -7 -9 -7 -9 -7 -9 -6 -9 -6 -9 -6 -9 -6 -9 -5 -9 -5 -9 -5 -9 -5 -9 -4 -9 -4 -8 -4 -9 -3 -8 -3 -8 -3 -8 -3 -8 -2 -8 -2 -8 -1 -8 -1 -7 -1 -7 0 0 0 0 0 0 0 0 0 0 ]
CSI_DATA,AP,10:B4:1D:CC:60:E0,-24,11,1,7,1,1,1,1,0,0,1,-93,0,6,2,12655516,0,68,0,0,12.3649,384,[0 0 0 0 0 0 0 0 0 0 0 0 7 -9 7 -9 7 -9 7 -9 6 -9 6 -9 6 -9 6 -9 6 -9 5 -9 5 -9 5 -9 5 -9 4 -9 4 -9 4 -9 4 -9 4 -9 3 -9 3 -10 3 -9 3 -10 3 -10 3 -10 3 -10 3 -10 0 0 3 -10 3 -10 3 -10 3 -10 3 -10 3 -10 4 -10 4 -10 4 -9 4 -9 4 -9 4 -9 4 -9 4 -8 5 -8 5 -8 5 -7 5 -7 5 -7 5 -6 5 -6 5 -6 5 -5 5 -5 5 -5 5 -4 0 0 0 0 0 0 0 0 0 0 ]
CSI_DATA,AP,10:B4:1D:CC:60:E0,-24,11,1,7,1,1,1,1,0,0,1,-93,0,6,2,12746085,0,68,0,0,12.4555,384,[0 0 0 0 0 0 0 0 0 0 0 0 -12 -1 -12 -1 -12 -1 -11 -1 -12 -1 -11 0 -11 0 -11 0 -11 0 -11 0 -11 0 -11 1 -11 1 -10 1 -10 1 -10 2 -10 2 -10 2 -10 2 -10 3 -10 3 -10 3 -10 3 -10 3 -10 3 -10 3 0 0 -10 3 -10 3 -10 3 -10 3 -10 3 -11 3 -11 3 -11 2 -11 2 -11 2 -10 2 -10 1 -10 1 -10 1 -10 1 -9 1 -9 0 -9 0 -9 0 -9 0 -8 -1 -8 -1 -8 -1 -8 -2 -8 -2 -7 -2 0 0 0 0 0 0 0 0 0 0 ]
CSI_DATA,AP,10:B4:1D:CC:60:E0,-24,11,1,7,1,1,1,1,0,0,1,-93,0,6,2,12835614,0,68,0,0,12.545,384,[0 0 0 0 0 0 0 0 0 0 0 0 -12 -3 -12 -3 -12 -3 -12 -3 -11 -3 -11 -3 -11 -2 -11 -2 -11 -2 -11 -2 -11 -2 -11 -1 -10 -1 -10 -1 -11 -1 -11 0 -10 0 -10 0 -10 0 -11 0 -10 0 -11 0 -11 1 -11 0 -11 1 -11 1 0 0 -11 1 -11 1 -11 1 -11 1 -11 1 -11 0 -11 0 -11 0 -11 0 -11 -1 -11 -1 -10 -1 -10 -2 -10 -2 -10 -2 -9 -2 -9 -2 -9 -2 -8 -2 -8 -3 -8 -3 -8 -3 -8 -3 -7 -4 -7 -4 -6 -4 0 0 0 0 0 0 0 0 0 0 ]
CSI_DATA,AP,10:B4:1D:CC:60:E0,-24,11,1,7,1,1,1,1,0,0,1,-93,0,6,2,12925563,0,68,0,0,12.635,384,[0 0 0 0 0 0 0 0 0 0 0 0 7 -9 7 -9 7 -9 7 -9 6 -9 6 -9 6 -8 6 -8 6 -9 5 -9 5 -9 5 -9 5 -9 4 -9 4 -9 4 -9 4 -9 4 -9 3 -9 3 -10 3 -9 3 -10 3 -10 2 -10 3 -10 3 -10 0 0 3 -10 2 -10 3 -10 3 -10 3 -10 3 -10 3 -10 3 -10 4 -10 4 -9 4 -9 4 -9 4 -9 4 -8 4 -8 4 -8 4 -8 4 -7 4 -7 4 -6 5 -6 5 -6 4 -6 5 -6 5 -5 5 -5 0 0 0 0 0 0 0 0 0 0 ]
CSI_DATA,AP,10:B4:1D:CC:60:E0,-24,11,1,7,1,1,1,1,0,0,1,-93,0,6,2,13015625,0,68,0,0,12.725,384,[0 0 0 0 0 0 0 0 0 0 0 0 0 -12 0 -12 0 -12 0 -12 -1 -11 0 -11 -1 -11 -1 -11 -1 -11 -1 -11 -1 -10 -2 -10 -2 -10 -2 -10 -2 -10 -2 -10 -2 -10 -3 -10 -3 -10 -3 -10 -3 -10 -3 -10 -3 -10 -4 -10 -4 -10 -4 -10 0 0 -4 -10 -4 -10 -4 -11 -4 -10 -3 -11 -3 -11 -3 -11 -3 -11 -2 -10 -2 -10 -2 -10 -2 -10 -2 -10 -1 -10 -1 -9 -1 -9 -1 -9 0 -9 0 -8 0 -8 0 -8 1 -8 1 -8 1 -7 1 -7 2 -7 0 0 0 0 0 0 0 0 0 0 ]
CSI_DATA,AP,10:B4:1D:CC:60:E0,-24,11,1,7,1,1,1,1,0,0,1,-93,0,6,2,13106542,0,68,0,0,12.8159,384,[0 0 0 0 0 0 0 0 0 0 0 0 9 7 8 7 9 7 8 6 8 6 8 6 8 6 8 6 8 5 8 5 8 5 8 4 8 4 8 4 9 4 9 3 8 3 9 3 9 3 9 3 9 3 9 2 9 2 9 2 9 2 9 2 0 0 9 2 10 2 9 2 10 2 10 2 10 3 9 3 9 3 9 3 9 3 9 3 8 3 8 3 8 4 8 4 7 3 7 4 7 4 6 4 6 4 6 4 6 4 5 4 5 4 4 5 4 5 0 0 0 0 0 0 0 0 0 0 ]
CSI_DATA,AP,10:B4:1D:CC:60:E0,-24,11,1,7,1,1,1,1,0,0,1,-93,0,6,2,13200308,0,68,0,0,12.9097,384,[0 0 0 0 0 0 0 0 0 0 0 0 -12 1 -12 1 -12 1 -11 1 -11 1 -11 1 -11 1 -11 1 -10 2 -10 2 -10 2 -10 2 -10 2 -10 2 -10 3 -10 3 -9 3 -9 4 -9 4 -9 4 -9 4 -9 4 -9 4 -9 5 -9 5 -9 5 0 0 -9 5 -9 5 -9 5 -9 5 -9 5 -10 4 -10 4 -10 4 -10 4 -10 4 -10 3 -9 3 -9 3 -9 2 -9 2 -9 2 -9 2 -9 2 -8 1 -8 1 -8 1 -8 1 -8 0 -8 0 -8 -1 -7 -1 0 0 0 0 0 0 0 0 0 0 ]
CSI_DATA,AP,10:B4:1D:CC:60:E0,-24,11,1,7,1,1,1,1,0,0,1,-93,0,6,2,13285561,0,68,0,0,12.995,384,[0 0 0 0 0 0 0 0 0 0 0 0 -5 -11 -5 -11 -5 -11 -5 -11 -5 -10 -5 -10 -5 -10 -5 -10 -5 -10 -5 -9 -5 -9 -6 -9 -6 -9 -6 -9 -6 -9 -6 -8 -6 -8 -6 -8 -7 -8 -7 -8 -7 -8 -7 -8 -7 -7 -8 -8 -8 -8 -8 -7 0 0 -8 -8 -8 -8 -8 -8 -8 -8 -8 -8 -7 -8 -7 -9 -7 -8 -7 -8 -6 -8 -6 -8 -6 -9 -6 -8 -6 -8 -5 -8 -5 -8 -4 -8 -4 -8 -4 -8 -3 -8 -3 -8 -3 -8 -3 -8 -2 -7 -2 -7 -2 -7 0 0 0 0 0 0 0 0 0 0 ]
CSI_DATA,AP,10:B4:1D:CC:60:E0,-24,11,1,7,1,1,1,1,0,0,1,-93,0,6,2,13376989,0,68,0,0,13.0864,384,[0 0 0 0 0 0 0 0 0 0 0 0 11 -2 11 -2 10 -2 11 -2 10 -2 10 -3 10 -3 10 -3 9 -3 9 -3 9 -4 9 -4 9 -4 8 -4 9 -4 8 -5 8 -5 8 -5 8 -5 8 -5 8 -6 8 -6 8 -6 8 -6 8 -6 8 -6 0 0 8 -6 8 -6 8 -6 8 -6 8 -6 8 -6 8 -6 8 -6 9 -5 8 -5 8 -5 8 -5 8 -4 8 -4 8 -4 8 -3 8 -3 7 -3 7 -3 7 -2 7 -2 7 -2 7 -2 7 -1 7 -1 6 0 0 0 0 0 0 0 0 0 0 0 ]
CSI_DATA,AP,10:B4:1D:CC:60:E0,-24,11,1,7,1,1,1,1,0,0,1,-93,0,6,2,13465480,0,68,0,0,13.1749,384,[0 0 0 0 0 0 0 0 0 0 0 0 -5 -11 -5 -11 -5 -11 -5 -11 -5 -11 -5 -10 -5 -10 -5 -10 -5 -10 -6 -9 -6 -9 -6 -9 -6 -9 -7 -9 -7 -9 -7 -8 -7 -8 -7 -8 -8 -8 -8 -8 -8 -7 -8 -7 -8 -7 -8 -8 -8 -7 -8 -7 0 0 -8 -7 -8 -7 -9 -8 -8 -7 -8 -8 -8 -8 -8 -8 -8 -8 -8 -8 -7 -8 -7 -8 -7 -8 -7 -8 -7 -8 -6 -8 -6 -8 -5 -8 -5 -8 -5 -8 -5 -7 -4 -7 -4 -8 -4 -7 -3 -7 -3 -7 -2 -7 0 0 0 0 0 0 0 0 0 0 ]
CSI_DATA,AP,10:B4:1D:CC:60:E0,-24,11,1,7,1,1,1,1,0,0,1,-93,0,6,2,13556868,0,68,0,0,13.2663,384,[0 0 0 0 0 0 0 0 0 0 0 0 5 10 5 9 5 9 5 9 5 9 5 9 5 8 6 8 5 8 6 8 6 8 6 7 6 7 6 7 6 7 7 7 6 6 7 6 7 6 7 6 7 6 7 6 8 6 8 6 8 6 8 6 0 0 8 6 8 6 8 6 8 6 8 6 8 6 8 6 7 6 7 6 7 7 7 7 6 7 6 7 6 7 6 7 5 6 5 7 5 6 4 6 4 6 4 6 3 7 3 6 2 6 2 6 2 6 0 0 0 0 0 0 0 0 0 0 ]
CSI_DATA,AP,10:B4:1D:CC:60:E0,-24,11,1,7,1,1,1,1,0,0,1,-93,0,6,2,13645509,0,68,0,0,13.3549,384,[0 0 0 0 0 0 0 0 0 0 0 0 -1 11 -1 11 0 11 0 11 0 10 0 10 0 10 0 10 0 10 1 10 1 10 1 9 1 9 1 9 2 10 2 9 2 9 2 9 3 9 3 9 3 9 3 9 3 9 3 9 3 9 3 9 0 0 3 9 3 9 3 10 3 10 3 10 3 10 2 10 2 10 2 9 2 9 1 9 1 9 1 9 1 9 0 9 0 8 0 8 0 8 -1 8 -1 7 -1 7 -2 7 -2 7 -2 7 -2 7 -3 6 0 0 0 0 0 0 0 0 0 0 ]
CSI_DATA,AP,10:B4:1D:CC:60:E0,-24,11,1,7,1,1,1,1,0,0,1,-93,0,6,2,13735644,0,68,0,0,13.445,384,[0 0 0 0 0 0 0 0 0 0 0 0 10 3 10 3 10 3 10 3 10 3 10 2 10 2 10 2 9 2 10 2 10 2 10 1 9 1 9 1 9 0 10 0 9 0 9 -1 9 -1 9 -1 9 -1 9 -1 10 -1 10 -1 10 -1 10 -1 0 0 10 -1 10 -2 10 -2 10 -2 10 -1 10 -1 10 -1 10 -1 10 0 10 0 10 0 9 0 9 0 9 1 9 0 8 1 8 1 8 1 8 1 7 1 7 2 7 2 7 2 6 2 6 3 5 3 0 0 0 0 0 0 0 0 0 0 ]
CSI_DATA,AP,10:B4:1D:CC:60:E0,-24,11,1,7,1,1,1,1,0,0,1,-93,0,6,2,13825503,0,68,0,0,13.5349,384,[0 0 0 0 0 0 0 0 0 0 0 0 5 9 5 9 5 9 6 8 5 8 6 8 5 8 6 8 6 7 6 7 6 7 6 7 6 7 6 7 6 6 7 6 7 6 7 6 7 6 7 6 7 6 7 5 8 5 8 5 8 5 8 5 0 0 8 5 8 5 8 5 8 5 8 6 8 6 7 6 7 6 7 6 7 6 7 6 6 6 6 6 6 6 5 6 5 6 5 6 5 6 4 6 4 6 3 6 3 6 3 6 3 6 2 6 2 6 0 0 0 0 0 0 0 0 0 0 ]
CSI_DATA,AP,10:B4:1D:CC:60:E0,-24,11,1,7,1,1,1,1,0,0,1,-93,0,6,2,13916160,0,68,0,0,13.6255,384,[0 0 0 0 0 0 0 0 0 0 0 0 10 -4 10 -4 10 -4 10 -4 10 -4 10 -4 9 -4 9 -4 9 -4 9 -5 9 -5 8 -5 8 -5 8 -5 8 -5 8 -6 7 -6 8 -6 7 -6 7 -7 7 -6 7 -7 7 -7 7 -7 7 -7 7 -7 0 0 7 -7 7 -7 7 -7 7 -8 7 -7 8 -7 8 -7 8 -7 7 -6 8 -6 8 -6 8 -6 8 -5 7 -5 8 -5 7 -5 7 -4 7 -4 7 -4 7 -3 7 -3 7 -3 7 -3 7 -2 6 -2 6 -1 0 0 0 0 0 0 0 0 0 0 ]
CSI_DATA,AP,10:B4:1D:CC:60:E0,-24,11,1,7,1,1,1,1,0,0,1,-93,0,6,2,14005626,0,68,0,0,13.715,384,[0 0 0 0 0 0 0 0 0 0 0 0 -6 -11 -6 -11 -6 -10 -6 -10 -6 -10 -6 -10 -6 -10 -6 -10 -7 -9 -7 -9 -7 -9 -7 -9 -7 -8 -7 -8 -7 -8 -7 -8 -8 -8 -8 -7 -8 -7 -8 -8 -8 -7 -8 -7 -8 -7 -9 -7 -9 -7 -9 -7 0 0 -9 -7 -9 -7 -9 -7 -9 -7 -9 -8 -8 -8 -8 -8 -8 -8 -8 -8 -8 -8 -7 -8 -7 -8 -7 -8 -7 -8 -6 -8 -6 -8 -5 -8 -5 -8 -5 -8 -4 -8 -4 -8 -4 -8 -4 -8 -3 -8 -3 -7 -2 -7 0 0 0 0 0 0 0 0 0 0 ]
CSI_DATA,AP,10:B4:1D:CC:60:E0,-24,11,1,7,1,1,1,1,0,0,1,-93,0,6,2,14095694,0,68,0,0,13.8051,384,[0 0 0 0 0 0 0 0 0 0 0 0 2 -11 2 -11 2 -12 2 -11 2 -11 2 -11 1 -11 1 -11 1 -11 1 -11 1 -11 0 -10 0 -10 0 -10 0 -10 -1 -10 -1 -10 -1 -10 -1 -10 -1 -10 -1 -10 -2 -10 -2 -10 -2 -11 -2 -10 -2 -10 0 0 -2 -11 -2 -11 -2 -11 -1 -11 -2 -11 -1 -11 -1 -11 -1 -11 -1 -10 0 -11 0 -10 0 -10 0 -10 0 -10 0 -9 1 -9 1 -10 1 -9 1 -8 1 -8 2 -8 2 -8 2 -8 2 -7 2 -7 3 -6 0 0 0 0 0 0 0 0 0 0 ]
CSI_DATA,AP,10:B4:1D:CC:60:E0,-24,11,1,7,1,1,1,1,0,0,1,-93,0,6,2,14185613,0,68,0,0,13.895,384,[0 0 0 0 0 0 0 0 0 0 0 0 -12 -3 -12 -3 -12 -3 -12 -3 -11 -3 -11 -3 -11 -3 -11 -2 -11 -2 -11 -2 -11 -1 -11 -1 -11 -1 -11 -1 -11 -1 -11 0 -11 0 -10 0 -11 1 -11 0 -10 0 -11 1 -10 1 -10 1 -11 2 -11 2 0 0 -11 1 -11 1 -11 2 -11 1 -11 1 -11 1 -11 1 -11 0 -11 0 -11 0 -11 0 -10 0 -10 0 -10 0 -10 -1 -10 -1 -9 -1 -9 -1 -9 -2 -9 -2 -8 -2 -8 -2 -8 -2 -7 -3 -7 -3 -7 -3 0 0 0 0 0 0 0 0 0 0 ]
CSI_DATA,AP,10:B4:1D:CC:60:E0,-24,11,1,7,1,1,1,1,0,0,1,-93,0,6,2,14275598,0,68,0,0,13.985,384,[0 0 0 0 0 0 0 0 0 0 0 0 11 -4 10 -4 11 -4 10 -4 10 -4 10 -4 10 -4 10 -4 9 -4 9 -5 9 -5 9 -5 9 -5 8 -5 8 -5 8 -6 8 -6 8 -6 8 -6 7 -6 7 -6 7 -7 8 -7 7 -7 7 -7 7 -7 0 0 8 -7 8 -7 7 -7 8 -7 8 -7 8 -7 8 -7 8 -6 8 -6 8 -6 8 -6 8 -6 8 -5 8 -5 8 -5 7 -4 7 -4 7 -4 7 -4 7 -3 7 -3 7 -3 7 -2 7 -2 7 -2 6 -1 0 0 0 0 0 0 0 0 0 0 ]
CSI_DATA,AP,10:B4:1D:CC:60:E0,-24,11,1,7,1,1,1,1,0,0,1,-93,0,6,2,14365644,0,68,0,0,14.075,384,[0 0 0 0 0 0 0 0 0 0 0 0 3 10 3 10 4 10 4 10 3 10 4 9 4 9 4 9 4 9 4 8 4 8 4 8 5 8 5 8 5 8 5 7 5 7 5 7 6 8 6 7 6 7 6 7 6 7 7 7 7 7 6 7 0 0 7 7 7 7 7 7 7 7 7 7 7 7 6 8 6 8 6 7 6 8 5 7 5 8 5 8 5 8 4 7 4 7 3 7 3 7 3 7 3 7 3 7 2 7 2 7 1 7 1 6 1 6 0 0 0 0 0 0 0 0 0 0 ]
CSI_DATA,AP,10:B4:1D:CC:60:E0,-24,11,1,7,1,1,1,1,0,0,1,-93,0,6,2,14455754,0,68,0,0,14.1652,384,[0 0 0 0 0 0 0 0 0 0 0 0 -4 11 -4 10 -4 11 -4 10 -4 10 -3 10 -3 10 -3 10 -3 10 -3 10 -3 10 -2 10 -2 10 -2 10 -1 9 -1 10 -1 9 -1 10 0 10 0 10 0 9 0 10 0 10 0 10 0 10 0 10 0 0 0 10 1 10 0 10 0 10 0 10 0 10 0 10 0 10 -1 10 -1 10 -1 9 -1 10 -1 9 -2 9 -2 9 -2 8 -2 8 -2 8 -2 7 -3 7 -3 7 -3 7 -3 7 -4 6 -4 6 -4 5 0 0 0 0 0 0 0 0 0 0 ]
CSI_DATA,AP,10:B4:1D:CC:60:E0,-25,11,1,7,1,1,1,1,0,0,1,-93,0,6,2,14545610,0,68,0,0,14.255,384,[0 0 0 0 0 0 0 0 0 0 0 0 -11 4 -10 5 -10 5 -10 4 -10 5 -10 5 -10 5 -9 5 -9 5 -9 5 -9 5 -9 5 -8 5 -8 6 -8 6 -8 6 -8 6 -8 6 -7 6 -7 7 -7 7 -7 7 -7 7 -7 7 -7 7 -7 7 0 0 -7 7 -7 7 -7 7 -7 7 -8 7 -8 7 -8 7 -8 7 -8 6 -8 6 -8 6 -8 5 -8 5 -8 5 -8 4 -8 4 -8 4 -8 4 -8 3 -8 3 -8 3 -7 2 -7 2 -7 2 -7 1 -7 1 0 0 0 0 0 0 0 0 0 0 ]
CSI_DATA,AP,10:B4:1D:CC:60:E0,-24,11,1,7,1,1,1,1,0,0,1,-93,0,6,2,14635437,0,68,0,0,14.3448,384,[0 0 0 0 0 0 0 0 0 0 0 0 -6 -10 -6 -10 -6 -10 -6 -10 -6 -10 -6 -10 -6 -10 -6 -9 -6 -9 -7 -9 -7 -8 -7 -8 -7 -8 -7 -8 -7 -8 -7 -8 -7 -7 -8 -7 -8 -7 -8 -7 -8 -7 -8 -7 -8 -7 -9 -7 -9 -7 -9 -7 0 0 -9 -7 -9 -7 -9 -7 -9 -7 -9 -7 -9 -7 -8 -8 -8 -8 -8 -8 -8 -8 -8 -7 -7 -8 -7 -8 -7 -8 -6 -8 -6 -8 -6 -8 -5 -7 -5 -8 -5 -7 -4 -7 -4 -8 -4 -7 -4 -7 -3 -7 -2 -7 0 0 0 0 0 0 0 0 0 0 ]
CSI_DATA,AP,10:B4:1D:CC:60:E0,-24,11,1,7,1,1,1,1,0,0,1,-93,0,6,2,14725892,0,68,0,0,14.4353,384,[0 0 0 0 0 0 0 0 0 0 0 0 -6 10 -6 9 -5 10 -5 9 -5 10 -5 9 -5 9 -4 9 -4 9 -4 9 -4 9 -3 9 -3 9 -3 9 -3 9 -3 9 -2 9 -2 9 -2 9 -2 9 -2 9 -2 9 -2 10 -1 10 -1 10 -1 10 0 0 -2 10 -2 10 -2 10 -2 10 -2 10 -2 10 -2 10 -2 10 -3 9 -3 10 -3 9 -3 9 -3 9 -3 8 -4 8 -4 8 -4 8 -4 7 -4 7 -4 7 -4 6 -5 6 -5 6 -5 5 -5 5 -5 4 0 0 0 0 0 0 0 0 0 0 ]
CSI_DATA,AP,10:B4:1D:CC:60:E0,-24,11,1,7,1,1,1,1,0,0,1,-93,0,6,2,14815528,0,68,0,0,14.5249,384,[0 0 0 0 0 0 0 0 0 0 0 0 -7 9 -7 9 -6 9 -6 9 -6 9 -6 9 -6 8 -6 9 -6 8 -5 8 -5 9 -5 8 -4 9 -4 9 -4 9 -4 9 -4 9 -3 9 -3 9 -3 9 -3 9 -3 9 -2 9 -2 10 -2 9 -2 9 0 0 -2 10 -2 9 -3 10 -3 9 -3 10 -3 10 -3 9 -3 9 -3 9 -3 9 -4 9 -4 9 -4 8 -4 8 -4 7 -4 7 -4 7 -4 7 -5 6 -5 6 -5 6 -5 6 -5 5 -5 5 -5 5 -5 4 0 0 0 0 0 0 0 0 0 0 ]
CSI_DATA,AP,10:B4:1D:CC:60:E0,-24,11,1,7,1,1,1,1,0,0,1,-93,0,6,2,14905633,0,68,0,0,14.615,384,[0 0 0 0 0 0 0 0 0 0 0 0 -12 1 -12 2 -12 2 -12 2 -11 2 -11 2 -11 2 -11 2 -11 2 -10 3 -10 3 -10 3 -10 3 -10 3 -10 4 -10 4 -10 4 -9 4 -9 4 -9 4 -9 5 -9 5 -9 5 -9 5 -9 5 -9 5 0 0 -9 5 -9 5 -9 5 -9 5 -9 5 -10 5 -10 5 -10 4 -10 4 -10 4 -9 4 -9 4 -9 3 -9 3 -9 3 -9 2 -9 2 -9 2 -8 2 -8 1 -8 1 -8 1 -8 0 -8 0 -8 0 -7 -1 0 0 0 0 0 0 0 0 0 0 ]
CSI_DATA,AP,10:B4:1D:CC:60:E0,-24,11,1,7,1,1,1,1,0,0,1,-93,0,6,2,14995701,0,68,0,0,14.7051,384,[0 0 0 0 0 0 0 0 0 0 0 0 4 -11 4 -11 4 -11 3 -11 3 -11 3 -10 3 -10 3 -10 3 -10 2 -10 2 -10 2 -10 2 -10 1 -10 1 -10 1 -10 1 -10 1 -10 0 -10 0 -10 0 -10 0 -10 0 -10 0 -11 0 -11 0 -11 0 0 0 -11 0 -11 0 -11 0 -11 0 -11 0 -11 0 -11 1 -11 1 -11 1 -10 1 -10 1 -10 1 -10 2 -9 2 -9 2 -9 2 -9 2 -8 2 -8 2 -8 3 -7 3 -7 3 -7 3 -7 3 -6 4 -6 0 0 0 0 0 0 0 0 0 0 ]
CSI_DATA,AP,10:B4:1D:CC:60:E0,-24,11,1,7,1,1,1,1,0,0,1,-93,0,6,2,15085740,0,68,0,0,14.7951,384,[0 0 0 0 0 0 0 0 0 0 0 0 -5 10 -5 10 -4 10 -4 10 -4 10 -4 10 -4 10 -4 10 -3 10 -3 10 -3 10 -3 9 -2 9 -2 9 -2 9 -2 9 -2 9 -1 9 -1 10 -1 10 -1 9 -1 10 -1 10 0 10 0 10 0 10 0 0 -1 10 0 10 0 10 0 10 -1 10 -1 10 -1 10 -1 10 -2 10 -2 9 -2 9 -2 9 -2 9 -2 9 -3 8 -3 8 -3 8 -3 8 -3 7 -3 7 -4 7 -4 6 -4 6 -4 6 -4 5 -5 5 0 0 0 0 0 0 0 0 0 0 ]
CSI_DATA,AP,10:B4:1D:CC:60:E0,-24,11,1,7,1,1,1,1,0,0,1,-93,0,6,2,15175568,0,68,0,0,14.885,384,[0 0 0 0 0 0 0 0 0 0 0 0 -5 -11 -5 -10 -6 -10 -6 -10 -6 -10 -6 -10 -6 -10 -6 -9 -6 -9 -6 -9 -6 -9 -6 -9 -6 -8 -7 -8 -7 -8 -7 -8 -7 -7 -7 -8 -8 -7 -8 -7 -8 -7 -8 -7 -8 -7 -8 -7 -8 -7 -8 -7 0 0 -8 -7 -9 -7 -8 -7 -8 -7 -8 -7 -8 -8 -8 -7 -8 -8 -7 -7 -7 -8 -7 -8 -7 -8 -6 -8 -6 -8 -6 -7 -6 -7 -5 -7 -5 -7 -5 -7 -4 -7 -4 -7 -4 -7 -4 -7 -3 -7 -3 -7 -2 -7 0 0 0 0 0 0 0 0 0 0 ]
CSI_DATA,AP,10:B4:1D:CC:60:E0,-25,11,1,7,1,1,1,1,0,0,1,-93,0,6,2,15265654,0,68,0,0,14.975,384,[0 0 0 0 0 0 0 0 0 0 0 0 10 4 10 3 10 4 10 3 10 3 10 3 10 3 10 3 10 2 10 2 9 2 9 2 9 2 9 1 9 1 9 1 9 0 9 0 9 0 10 0 10 0 9 0 10 -1 10 -1 10 -1 10 -1 0 0 10 -1 10 -1 10 -1 10 -1 10 0 10 0 10 0 10 0 10 0 10 0 9 0 9 1 9 1 8 1 9 1 8 1 8 2 8 2 7 2 7 2 7 2 6 2 6 3 6 3 6 3 5 3 0 0 0 0 0 0 0 0 0 0 ]
CSI_DATA,AP,10:B4:1D:CC:60:E0,-25,11,1,7,1,1,1,1,0,0,1,-93,0,6,2,15355657,0,68,0,0,15.065,384,[0 0 0 0 0 0 0 0 0 0 0 0 7 -9 7 -9 7 -9 6 -9 6 -9 6 -9 6 -9 6 -9 6 -9 5 -9 5 -9 5 -9 5 -9 4 -9 4 -9 4 -9 4 -9 4 -9 3 -10 3 -10 3 -10 3 -10 3 -10 3 -10 3 -10 3 -10 0 0 3 -10 3 -10 3 -10 3 -10 3 -10 3 -10 3 -10 3 -10 4 -9 4 -9 4 -9 4 -9 4 -9 4 -8 4 -8 4 -8 4 -8 4 -7 4 -7 4 -6 5 -6 5 -6 5 -6 5 -5 5 -5 5 -4 0 0 0 0 0 0 0 0 0 0 ]
CSI_DATA,AP,10:B4:1D:CC:60:E0,-25,11,1,7,1,1,1,1,0,0,1,-93,0,6,2,15445517,0,68,0,0,15.1549,384,[0 0 0 0 0 0 0 0 0 0 0 0 -2 11 -2 11 -2 11 -2 11 -1 11 -1 10 -1 10 -1 10 -1 10 -1 10 -1 10 0 10 0 10 1 9 1 9 1 10 1 9 1 9 2 9 2 9 2 9 2 9 2 9 3 9 3 9 2 9 0 0 2 9 3 10 3 9 2 10 3 10 2 10 2 10 2 10 2 9 1 10 1 9 1 9 1 9 1 9 0 9 0 8 0 8 0 8 0 8 -1 7 -1 7 -1 7 -1 7 -2 7 -2 6 -2 6 0 0 0 0 0 0 0 0 0 0 ]
CSI_DATA,AP,10:B4:1D:CC:60:E0,-25,11,1,7,1,1,1,1,0,0,1,-93,0,6,2,15535535,0,68,0,0,15.2449,384,[0 0 0 0 0 0 0 0 0 0 0 0 5 -11 6 -11 5 -11 5 -11 5 -10 5 -10 4 -10 4 -10 4 -10 4 -10 4 -10 3 -10 3 -10 3 -10 3 -10 2 -10 2 -10 2 -10 2 -10 1 -11 1 -11 1 -11 1 -11 1 -11 1 -11 1 -11 0 0 1 -11 1 -11 1 -11 1 -11 1 -11 1 -11 1 -11 2 -11 2 -11 2 -10 2 -10 2 -10 2 -10 3 -10 3 -9 3 -9 3 -9 3 -8 3 -8 3 -8 4 -7 4 -7 4 -7 4 -6 4 -6 4 -5 0 0 0 0 0 0 0 0 0 0 ]
CSI_DATA,AP,10:B4:1D:CC:60:E0,-25,11,1,7,1,1,1,1,0,0,1,-93,0,6,2,15625681,0,68,0,0,15.3351,384,[0 0 0 0 0 0 0 0 0 0 0 0 3 -12 3 -12 2 -12 2 -11 2 -11 2 -11 2 -11 2 -11 1 -11 1 -11 1 -11 1 -11 0 -11 0 -11 0 -11 0 -11 0 -10 -1 -10 -1 -11 -1 -11 -1 -10 -1 -11 -1 -11 -2 -11 -2 -11 -2 -11 0 0 -2 -11 -2 -11 -2 -11 -2 -11 -1 -11 -1 -11 -1 -11 -1 -11 -1 -11 0 -11 0 -10 0 -10 0 -10 0 -10 1 -10 1 -9 1 -9 1 -9 1 -8 1 -8 2 -8 2 -8 2 -8 2 -7 3 -7 3 -6 0 0 0 0 0 0 0 0 0 0 ]
CSI_DATA,AP,10:B4:1D:CC:60:E0,-24,11,1,7,1,1,1,1,0,0,1,-93,0,6,2,15715502,0,68,0,0,15.4249,384,[0 0 0 0 0 0 0 0 0 0 0 0 -4 11 -4 11 -4 11 -4 11 -4 10 -4 11 -4 10 -3 10 -3 10 -2 10 -2 10 -2 10 -2 10 -1 10 -1 10 -1 10 -1 10 0 10 0 10 0 10 0 10 0 10 0 10 1 10 1 10 1 10 0 0 0 11 1 10 0 11 0 10 0 11 0 11 0 11 0 10 -1 10 -1 10 -1 10 -1 10 -1 10 -1 10 -2 9 -2 9 -2 9 -2 8 -2 8 -3 7 -3 7 -3 7 -3 7 -3 7 -3 6 -4 6 0 0 0 0 0 0 0 0 0 0 ]
CSI_DATA,AP,10:B4:1D:CC:60:E0,-26,11,1,7,1,1,1,1,0,0,1,-93,0,6,2,15805589,0,68,0,0,15.515,384,[0 0 0 0 0 0 0 0 0 0 0 0 11 -2 10 -2 11 -2 10 -2 10 -2 10 -2 10 -2 10 -2 10 -3 10 -3 9 -3 9 -3 9 -3 9 -4 9 -4 9 -4 8 -5 8 -5 8 -5 8 -5 8 -5 8 -6 9 -6 9 -6 8 -6 8 -6 0 0 9 -6 9 -6 8 -6 9 -6 9 -6 9 -6 9 -6 9 -5 9 -5 9 -5 9 -5 9 -4 9 -4 8 -4 8 -4 8 -3 8 -3 8 -3 8 -2 8 -2 8 -2 7 -2 8 -1 7 -1 7 0 7 0 0 0 0 0 0 0 0 0 0 0 ]
CSI_DATA,AP,10:B4:1D:CC:60:E0,-25,11,1,7,1,1,1,1,0,0,1,-93,0,6,2,15895554,0,68,0,0,15.6049,384,[0 0 0 0 0 0 0 0 0 0 0 0 -5 10 -4 10 -4 10 -5 10 -4 10 -4 10 -4 10 -4 10 -3 9 -3 10 -3 9 -3 9 -2 9 -2 9 -2 9 -2 9 -2 9 -1 9 -1 10 -1 9 -1 10 -1 10 0 10 0 10 0 10 0 10 0 0 0 10 0 10 0 10 0 10 -1 10 -1 10 -1 10 -1 10 -2 10 -2 10 -2 10 -2 10 -2 9 -2 9 -3 9 -3 8 -3 8 -3 8 -3 7 -4 7 -4 7 -4 7 -4 7 -4 6 -4 6 -4 5 0 0 0 0 0 0 0 0 0 0 ]
CSI_DATA,AP,10:B4:1D:CC:60:E0,-26,11,1,7,1,1,1,1,0,0,1,-93,0,6,2,15985559,0,68,0,0,15.6949,384,[0 0 0 0 0 0 0 0 0 0 0 0 -7 -10 -8 -9 -7 -9 -7 -9 -7 -9 -8 -9 -7 -9 -7 -8 -8 -8 -8 -8 -8 -8 -8 -7 -8 -7 -8 -7 -9 -7 -9 -6 -8 -6 -9 -6 -9 -6 -9 -6 -9 -6 -9 -6 -9 -5 -10 -5 -10 -5 -10 -5 0 0 -10 -5 -10 -5 -10 -5 -10 -5 -10 -6 -10 -6 -10 -6 -10 -6 -9 -6 -9 -6 -9 -6 -9 -6 -8 -6 -8 -7 -8 -6 -8 -6 -7 -7 -7 -6 -7 -6 -6 -6 -6 -6 -6 -7 -5 -7 -5 -7 -5 -7 -4 -7 0 0 0 0 0 0 0 0 0 0 ]
CSI_DATA,AP,10:B4:1D:CC:60:E0,-25,11,1,7,1,1,1,1,0,0,1,-93,0,6,2,16076287,0,68,0,0,15.7857,384,[0 0 0 0 0 0 0 0 0 0 0 0 8 7 8 7 8 7 8 7 8 7 8 7 8 6 8 6 8 6 8 6 8 5 8 5 8 5 8 5 8 5 8 4 9 4 9 3 9 4 9 4 9 3 9 3 9 3 10 3 9 3 9 3 0 0 10 3 9 3 10 3 9 3 10 4 10 4 9 4 9 4 9 4 9 4 9 4 8 5 8 5 8 5 7 5 7 5 7 5 6 5 6 5 6 5 5 5 5 5 5 5 4 5 4 5 4 5 0 0 0 0 0 0 0 0 0 0 ]
CSI_DATA,AP,10:B4:1D:CC:60:E0,-25,11,1,7,1,1,1,1,0,0,1,-93,0,6,2,16165629,0,68,0,0,15.875,384,[0 0 0 0 0 0 0 0 0 0 0 0 -11 5 -11 5 -10 5 -10 5 -10 5 -10 5 -10 5 -10 5 -9 5 -9 5 -9 5 -9 5 -9 5 -9 6 -8 6 -8 6 -8 6 -8 6 -8 6 -7 7 -7 7 -7 7 -7 7 -7 7 -7 7 -8 7 0 0 -8 7 -7 7 -8 7 -8 7 -8 7 -8 7 -8 7 -8 7 -8 6 -8 6 -8 6 -8 5 -8 5 -8 5 -8 5 -8 4 -8 4 -8 4 -8 3 -8 3 -8 3 -8 2 -7 2 -7 1 -7 1 -7 1 0 0 0 0 0 0 0 0 0 0 ]
CSI_DATA,AP,10:B4:1D:CC:60:E0,-25,11,1,7,1,1,1,1,0,0,1,-93,0,6,2,16255662,0,68,0,0,15.9651,384,[0 0 0 0 0 0 0 0 0 0 0 0 11 -4 11 -4 11 -4 10 -4 10 -4 10 -4 10 -4 10 -4 10 -5 9 -5 9 -5 9 -5 9 -5 9 -5 9 -6 8 -6 8 -6 8 -6 8 -7 8 -7 8 -7 8 -7 8 -7 8 -7 8 -7 8 -7 0 0 8 -7 8 -7 8 -7 8 -7 8 -7 8 -7 8 -7 8 -7 8 -6 9 -6 8 -6 8 -6 8 -5 8 -5 8 -5 8 -4 8 -4 7 -4 8 -3 7 -3 8 -3 7 -2 7 -2 7 -2 7 -1 6 -1 0 0 0 0 0 0 0 0 0 0 ]
CSI_DATA,AP,10:B4:1D:CC:60:E0,-28,11,1,7,1,1,1,1,0,0,1,-93,0,6,2,16345555,0,68,0,0,16.0549,384,[0 0 0 0 0 0 0 0 0 0 0 0 4 10 4 10 4 10 4 10 4 10 4 9 4 9 4 9 5 9 5 9 5 9 5 8 5 9 5 8 5 8 6 8 6 7 6 7 6 7 6 7 6 7 7 7 7 7 7 7 7 7 7 7 0 0 7 8 7 8 7 8 7 8 7 8 6 8 6 8 6 8 6 8 6 8 5 8 5 8 5 8 4 8 4 8 4 8 3 8 3 7 3 7 3 7 2 8 2 7 1 8 1 7 1 7 0 7 0 0 0 0 0 0 0 0 0 0 ]
CSI_DATA,AP,10:B4:1D:CC:60:E0,-31,11,1,7,1,1,1,1,0,0,1,-93,0,6,2,16435473,0,68,0,0,16.1449,384,[0 0 0 0 0 0 0 0 0 0 0 0 -11 5 -10 5 -10 5 -10 5 -10 5 -10 5 -10 5 -10 5 -9 5 -9 5 -9 5 -9 6 -8 6 -8 6 -8 6 -8 6 -8 6 -7 7 -7 7 -7 7 -7 7 -7 7 -7 7 -7 8 -7 8 -7 8 0 0 -7 8 -7 8 -7 8 -7 8 -7 7 -8 7 -8 7 -8 7 -8 7 -8 7 -7 6 -8 6 -8 6 -8 5 -8 5 -7 5 -8 4 -7 4 -7 4 -7 4 -7 3 -7 3 -7 3 -7 2 -7 2 -7 2 0 0 0 0 0 0 0 0 0 0 ]
CSI_DATA,AP,10:B4:1D:CC:60:E0,-30,11,1,7,1,1,1,1,0,0,1,-93,0,6,2,16525538,0,68,0,0,16.2349,384,[0 0 0 0 0 0 0 0 0 0 0 0 7 8 7 8 7 8 7 7 7 7 7 7 7 7 7 7 7 6 7 6 7 6 7 6 7 6 8 5 8 5 8 5 7 5 8 5 8 4 8 4 8 4 8 4 8 4 8 4 8 4 8 4 0 0 8 4 9 4 9 4 8 4 8 4 8 5 8 5 8 5 8 5 7 5 7 5 7 5 7 5 6 5 6 5 6 5 5 5 5 5 5 5 4 5 4 5 4 5 3 5 3 5 3 5 2 5 0 0 0 0 0 0 0 0 0 0 ]
CSI_DATA,AP,10:B4:1D:CC:60:E0,-30,11,1,7,1,1,1,1,0,0,1,-93,0,6,2,16615544,0,68,0,0,16.3249,384,[0 0 0 0 0 0 0 0 0 0 0 0 4 10 4 10 5 10 4 9 4 9 4 9 5 9 5 9 5 8 5 8 5 8 5 8 5 8 6 8 6 8 6 7 6 7 6 7 6 7 7 7 7 7 7 7 7 7 7 7 7 7 7 7 0 0 7 7 7 7 7 7 7 7 7 7 7 7 7 7 6 7 6 7 6 7 5 7 5 7 5 7 5 7 4 7 4 7 4 7 4 7 3 7 3 6 3 6 2 6 2 6 2 6 1 6 1 6 0 0 0 0 0 0 0 0 0 0 ]
CSI_DATA,AP,10:B4:1D:CC:60:E0,-30,11,1,7,1,1,1,1,0,0,1,-93,0,6,2,16705804,0,68,0,0,16.4152,384,[0 0 0 0 0 0 0 0 0 0 0 0 7 8 7 8 7 8 7 7 7 7 7 7 7 7 7 7 7 7 7 6 7 6 7 6 7 6 7 6 7 5 7 5 7 5 8 5 8 5 8 5 8 5 8 5 8 4 8 4 8 4 8 4 0 0 9 4 9 4 9 5 9 5 8 5 8 5 8 5 8 5 7 5 7 6 7 5 7 6 6 6 6 6 6 6 6 5 5 6 5 5 4 5 4 5 4 6 3 6 3 6 3 5 3 5 2 5 0 0 0 0 0 0 0 0 0 0 ]
CSI_DATA,AP,10:B4:1D:CC:60:E0,-29,11,1,7,1,1,1,1,0,0,1,-93,0,6,2,16795698,0,68,0,0,16.5051,384,[0 0 0 0 0 0 0 0 0 0 0 0 -5 -11 -5 -10 -5 -10 -5 -10 -6 -10 -5 -10 -5 -10 -5 -9 -6 -9 -6 -9 -6 -9 -6 -9 -6 -9 -6 -8 -7 -8 -7 -8 -6 -8 -7 -8 -7 -7 -7 -7 -7 -8 -8 -8 -8 -7 -8 -7 -8 -7 -8 -7 0 0 -8 -7 -8 -8 -8 -8 -8 -8 -8 -8 -8 -8 -7 -8 -7 -8 -7 -8 -7 -8 -7 -8 -6 -8 -6 -8 -6 -8 -5 -8 -5 -8 -5 -8 -4 -8 -4 -8 -4 -8 -3 -8 -3 -8 -3 -8 -2 -7 -2 -8 -1 -7 0 0 0 0 0 0 0 0 0 0 ]

