--- Warning: GDB cannot open serial ports accessed as COMx
--- Using \\.\COM5 instead...
--- esp-idf-monitor 1.9.0 on \\.\COM5 115200
--- Quit: Ctrl+] | Menu: Ctrl+T | Help: Ctrl+T followed by Ctrl+H
Executing action: monitor
Running idf_monitor in directory C:\ESP32-CSI-Tool\active_ap
Executing "C:\Espressif\python_env\idf5.5_py3.11_env\Scripts\python.exe C:\Espressif\frameworks\esp-idf-v5.5.4-3\tools/idf_monitor.py -p COM5 -b 115200 --toolchain-prefix xtensa-esp32s3-elf- --target esp32s3 --revision 0 C:\ESP32-CSI-Tool\active_ap\build\active-ap.elf C:\ESP32-CSI-Tool\active_ap\build\bootloader\bootloader.elf --force-color -m 'C:\Espressif\python_env\idf5.5_py3.11_env\Scripts\python.exe' 'C:\Espressif\frameworks\esp-idf-v5.5.4-3\tools\idf.py' '-p' 'COM5'"...
ESP-ROM:esp32s3-20210327
Build:Mar 27 2021
rst:0x1 (POWERON),boot:0x8 (SPI_FAST_FLASH_BOOT)
SPIWP:0xee
mode:DIO, clock div:1
load:0x3fce2820,len:0x14f0
load:0x403c8700,len:0xd24
--- 0x403c8700: _stext at ??:?
load:0x403cb700,len:0x2ef0
entry 0x403c8924
--- 0x403c8924: call_start_cpu0 at C:/Espressif/frameworks/esp-idf-v5.5.4-3/components/bootloader/subproject/main/bootloader_start.c:27
I (24) boot: ESP-IDF v5.5.4 2nd stage bootloader
I (25) boot: compile time Jun 25 2026 19:04:14
I (25) boot: Multicore bootloader
I (25) boot: chip revision: v0.2
I (28) boot: efuse block revision: v1.3
I (31) boot.esp32s3: Boot SPI Speed : 80MHz
I (35) boot.esp32s3: SPI Mode       : DIO
I (39) boot.esp32s3: SPI Flash Size : 2MB
I (43) boot: Enabling RNG early entropy source...
I (47) boot: Partition Table:
I (50) boot: ## Label            Usage          Type ST Offset   Length
I (56) boot:  0 nvs              WiFi data        01 02 00009000 00006000
I (63) boot:  1 phy_init         RF data          01 01 0000f000 00001000
I (69) boot:  2 factory          factory app      00 00 00010000 00100000
I (76) boot: End of partition table
I (79) esp_image: segment 0: paddr=00010020 vaddr=3c0c0020 size=1e414h (123924) map
I (108) esp_image: segment 1: paddr=0002e43c vaddr=3fc9a400 size=01bdch (  7132) load
I (110) esp_image: segment 2: paddr=00030020 vaddr=42000020 size=b082ch (722988) map
I (239) esp_image: segment 3: paddr=000e0854 vaddr=3fc9bfdc size=03320h ( 13088) load
I (242) esp_image: segment 4: paddr=000e3b7c vaddr=40374000 size=1631ch ( 90908) load
I (263) esp_image: segment 5: paddr=000f9ea0 vaddr=50000000 size=00020h (    32) load
I (272) boot: Loaded app from partition at offset 0x10000
I (272) boot: Disabling RNG early entropy source...
I (282) cpu_start: Multicore app
I (291) cpu_start: GPIO 44 and 43 are used as console UART I/O pins
I (292) cpu_start: Pro cpu start user code
I (292) cpu_start: cpu freq: 160000000 Hz
I (293) app_init: Application information:
I (297) app_init: Project name:     active-ap
I (301) app_init: App version:      cce5b1a-dirty
I (305) app_init: Compile time:     Jul  2 2026 19:28:44
I (311) app_init: ELF file SHA256:  509764614...
I (315) app_init: ESP-IDF:          v5.5.4
I (319) efuse_init: Min chip rev:     v0.0
I (322) efuse_init: Max chip rev:     v0.99 
I (326) efuse_init: Chip rev:         v0.2
I (330) heap_init: Initializing. RAM available for dynamic allocation:
I (337) heap_init: At 3FCA4190 len 00045580 (277 KiB): RAM
I (342) heap_init: At 3FCE9710 len 00005724 (21 KiB): RAM
I (347) heap_init: At 3FCF0000 len 00008000 (32 KiB): DRAM
I (352) heap_init: At 600FE000 len 00001FE8 (7 KiB): RTCRAM
I (359) spi_flash: detected chip: generic
I (361) spi_flash: flash io: dio
W (364) spi_flash: Detected size(16384k) larger than the size in the binary image header(2048k). Using the size in the binary image header.
I (377) sleep_gpio: Configure to isolate all GPIO pins in sleep state
I (383) sleep_gpio: Enable automatic switching of GPIO sleep configuration
I (390) main_task: Started on CPU0
I (410) main_task: Calling app_main()








-----------------------
ESP32 CSI Tool Settings
-----------------------
PROJECT_NAME: ACTIVE_AP
CONFIG_ESPTOOLPY_MONITOR_BAUD: 115200
CONFIG_ESP_CONSOLE_UART_BAUDRATE: 115200
IDF_VER: v5.5.4
-----------------------
WIFI_CHANNEL: 6
ESP_WIFI_SSID: testopen
ESP_WIFI_PASSWORD: 
SHOULD_COLLECT_CSI: 1
SHOULD_COLLECT_ONLY_LLTF: 1
SEND_CSI_TO_SERIAL: 1
SEND_CSI_TO_SD: 0
-----------------------








I (460) pp: pp rom version: e7ae62f
I (460) net80211: net80211 rom version: e7ae62f
I (470) wifi:wifi driver task: 3fced484, prio:23, stack:6656, core=0
I (470) wifi:wifi firmware version: 0947e8b
I (470) wifi:wifi certification version: v7.0
I (470) wifi:config NVS flash: enabled
I (470) wifi:config nano formatting: disabled
I (480) wifi:Init data frame dynamic rx buffer num: 32
I (480) wifi:Init static rx mgmt buffer num: 5
I (490) wifi:Init management short buffer num: 32
I (490) wifi:Init dynamic tx buffer num: 32
I (500) wifi:Init static tx FG buffer num: 2
I (500) wifi:Init static rx buffer size: 2212
I (500) wifi:Init static rx buffer num: 10
I (510) wifi:Init dynamic rx buffer num: 32
I (510) wifi_init: rx ba win: 6
I (510) wifi_init: accept mbox: 6
I (520) wifi_init: tcpip mbox: 32
I (520) wifi_init: udp mbox: 6
I (520) wifi_init: tcp mbox: 6
I (530) wifi_init: tcp tx win: 5760
I (530) wifi_init: tcp rx win: 5760
I (530) wifi_init: tcp mss: 1440
I (540) wifi_init: WiFi IRAM OP enabled
I (540) wifi_init: WiFi RX IRAM OP enabled
W (550) wifi:Affected by the ESP-NOW encrypt num, set the max connection num to 10
I (550) phy_init: phy_version 711,97bcf0a2,Aug 25 2025,19:04:10
I (610) wifi:mode : softAP (10:b4:1d:cc:60:ad)
I (610) wifi:Total power save buffer number: 16
I (610) wifi:Init max length of beacon: 752/752
I (610) wifi:Init max length of beacon: 752/752
I (620) wifi:Set ps type: 0, coexist: 0
I (620) esp_netif_lwip: DHCP server started on interface WIFI_AP_DEF with IP: 192.168.4.1

I (630) Active CSI collection (AP): softap_init finished. SSID:testopen password:
type,role,mac,rssi,rate,sig_mode,mcs,bandwidth,smoothing,not_sounding,aggregation,stbc,fec_coding,sgi,noise_floor,ampdu_cnt,channel,secondary_channel,local_timestamp,ant,sig_len,rx_state,real_time_set,real_timestamp,len,CSI_DATA
I (650) main_task: Returned from app_main()
I (3100) wifi:new:<6,2>, old:<6,2>, ap:<6,2>, sta:<255,255>, prof:6, snd_ch_cfg:0x0
I (3100) wifi:station: 10:b4:1d:cc:60:e0 join, AID=1, bgn, 40D
I (3100) Active CSI collection (AP): station join, AID=1
CSI_DATA,AP,00:00:00:00:00:00,-23,11,0,0,0,0,0,0,0,0,0,-93,0,6,2,3105528,0,14,0,0,2.8163,128,[0 0 0 0 0 0 0 0 0 0 0 0 -15 0 -15 0 -15 1 -15 1 -14 1 -15 1 -14 1 -14 2 -14 2 -13 2 -13 2 -13 3 -13 3 -13 3 -13 4 -13 3 -13 4 -12 4 -13 5 -13 5 -13 5 -13 5 -12 5 -13 6 -13 6 -13 6 0 0 -13 6 -13 6 -13 6 -13 6 -14 6 -14 5 -14 5 -14 5 -14 4 -13 4 -13 4 -13 3 -13 3 -13 3 -13 2 -13 2 -12 1 -12 1 -12 1 -12 0 -11 0 -11 0 -11 -1 -10 -1 -10 -2 -10 -2 0 0 0 0 0 0 0 0 0 0 ]
CSI_DATA,AP,10:B4:1D:CC:60:E0,-23,11,0,0,0,0,0,0,0,0,0,-93,0,6,2,3129322,0,374,0,0,2.85691,128,[0 0 0 0 0 0 0 0 0 0 0 0 -14 6 -13 6 -13 6 -13 6 -13 7 -13 7 -12 7 -12 7 -12 7 -12 7 -11 8 -11 8 -11 8 -11 8 -10 8 -10 8 -10 9 -10 9 -10 9 -9 9 -9 10 -10 10 -9 10 -9 10 -10 10 -9 10 0 0 -10 10 -10 10 -10 10 -10 10 -10 10 -11 10 -11 10 -11 10 -11 9 -11 9 -11 8 -11 8 -11 7 -11 7 -11 7 -11 6 -11 6 -10 5 -10 5 -10 4 -10 4 -10 4 -10 3 -10 2 -10 2 -10 1 0 0 0 0 0 0 0 0 0 0 ]
CSI_DATA,AP,00:00:00:00:00:00,-23,11,0,0,0,0,0,0,0,0,0,-93,0,6,2,3194908,0,14,0,0,2.90432,128,[0 0 0 0 0 0 0 0 0 0 0 0 -1 -16 -1 -15 -1 -15 -1 -15 -1 -15 -1 -15 -2 -15 -2 -14 -2 -14 -2 -14 -3 -14 -4 -14 -4 -13 -4 -13 -4 -13 -4 -13 -5 -13 -5 -13 -5 -13 -6 -13 -5 -13 -6 -13 -6 -13 -6 -13 -7 -13 -7 -13 0 0 -6 -14 -7 -14 -6 -14 -6 -14 -6 -14 -6 -14 -5 -14 -5 -14 -5 -14 -5 -14 -4 -14 -4 -14 -4 -13 -3 -13 -3 -13 -3 -13 -2 -13 -2 -12 -1 -12 -1 -12 -1 -11 0 -11 0 -11 0 -11 1 -10 1 -10 0 0 0 0 0 0 0 0 0 0 ]
CSI_DATA,AP,10:B4:1D:CC:60:E0,-23,11,0,0,0,0,0,0,0,0,0,-93,0,6,2,3196483,0,374,0,0,2.94138,128,[0 0 0 0 0 0 0 0 0 0 0 0 14 1 14 1 14 1 14 0 13 0 13 0 13 0 13 -1 13 -1 12 -1 12 -2 13 -2 12 -2 12 -2 12 -3 12 -3 12 -3 12 -3 12 -4 12 -4 12 -4 12 -4 12 -5 13 -5 12 -5 13 -5 0 0 13 -5 13 -5 13 -5 13 -4 14 -4 13 -4 14 -4 13 -3 13 -3 13 -3 13 -3 13 -2 13 -2 12 -2 12 -1 12 -1 11 -1 11 0 11 0 10 0 10 1 10 1 9 1 9 1 9 2 9 3 0 0 0 0 0 0 0 0 0 0 ]
I (3270) esp_netif_lwip: DHCP server assigned IP to a client, IP is: 192.168.4.2
CSI_DATA,AP,00:00:00:00:00:00,-23,11,0,0,0,0,0,0,0,0,0,-93,0,6,2,3275307,0,14,0,0,2.98473,128,[0 0 0 0 0 0 0 0 0 0 0 0 -4 14 -3 14 -3 14 -3 14 -3 14 -2 14 -2 13 -1 14 -1 13 -1 13 -1 13 0 13 0 13 0 13 1 13 1 13 1 12 1 13 2 13 2 13 2 13 2 13 3 13 3 13 3 13 3 13 0 0 3 14 3 14 3 14 3 14 3 14 2 14 2 14 2 14 1 14 1 14 1 14 1 13 0 13 0 13 0 12 -1 12 -1 12 -1 11 -1 11 -2 11 -2 10 -2 10 -2 10 -3 9 -3 9 -4 8 0 0 0 0 0 0 0 0 0 0 ]
CSI_DATA,AP,10:B4:1D:CC:60:E0,-23,11,0,0,0,0,0,0,0,0,0,-93,0,6,2,3276322,0,66,0,0,3.02347,128,[0 0 0 0 0 0 0 0 0 0 0 0 14 -6 13 -6 13 -7 13 -7 13 -7 12 -7 12 -7 12 -8 11 -8 11 -8 11 -8 11 -8 11 -9 10 -9 10 -9 10 -9 9 -9 9 -10 9 -10 9 -10 9 -11 8 -11 9 -11 9 -11 9 -11 9 -11 0 0 9 -12 9 -12 9 -11 9 -12 10 -12 10 -12 10 -11 10 -11 10 -11 10 -10 10 -10 10 -9 10 -9 10 -9 10 -8 10 -8 10 -7 10 -7 9 -7 9 -6 9 -6 9 -5 9 -5 9 -4 9 -4 9 -3 0 0 0 0 0 0 0 0 0 0 ]
CSI_DATA,AP,10:B4:1D:CC:60:E0,-23,11,0,0,0,0,0,0,0,0,0,-93,0,6,2,3544716,0,66,0,0,3.25419,128,[0 0 0 0 0 0 0 0 0 0 0 0 3 -15 3 -15 3 -14 2 -15 2 -14 2 -15 1 -14 1 -14 1 -14 0 -14 0 -14 0 -14 -1 -14 -1 -14 -1 -14 -1 -13 -2 -14 -2 -13 -2 -14 -3 -13 -3 -14 -3 -14 -3 -14 -3 -14 -3 -14 -4 -15 0 0 -4 -15 -4 -14 -3 -15 -3 -15 -3 -15 -3 -15 -3 -15 -3 -15 -2 -15 -2 -14 -2 -14 -1 -14 -1 -14 -1 -14 0 -13 0 -13 0 -12 0 -12 1 -12 1 -12 1 -11 2 -11 2 -10 2 -10 3 -10 3 -9 0 0 0 0 0 0 0 0 0 0 ]
CSI_DATA,AP,10:B4:1D:CC:60:E0,-23,11,0,0,0,0,0,0,0,0,0,-93,0,6,2,3774789,0,66,0,0,3.48427,128,[0 0 0 0 0 0 0 0 0 0 0 0 3 -15 2 -15 2 -15 2 -15 2 -15 2 -14 1 -14 1 -14 1 -14 0 -14 0 -14 0 -14 0 -14 -1 -14 -1 -14 -1 -14 -2 -13 -2 -14 -2 -13 -3 -13 -3 -14 -3 -14 -3 -14 -3 -14 -3 -14 -3 -14 0 0 -4 -14 -3 -15 -3 -14 -3 -15 -3 -15 -3 -15 -2 -15 -2 -15 -2 -15 -1 -15 -1 -14 -1 -14 0 -14 0 -13 0 -13 0 -13 1 -12 1 -12 1 -12 1 -11 1 -11 2 -11 2 -10 3 -10 3 -10 4 -9 0 0 0 0 0 0 0 0 0 0 ]
CSI_DATA,AP,10:B4:1D:CC:60:E0,-23,11,0,0,0,0,0,0,0,0,0,-93,0,6,2,4544997,0,66,0,0,4.25447,128,[0 0 0 0 0 0 0 0 0 0 0 0 -14 5 -14 5 -14 6 -13 6 -13 6 -13 6 -12 6 -12 6 -12 6 -12 7 -12 7 -11 7 -11 7 -11 7 -11 8 -11 8 -10 8 -10 8 -10 8 -10 9 -10 9 -10 9 -10 10 -10 10 -10 10 -10 10 0 0 -10 10 -10 10 -10 10 -11 10 -11 10 -11 10 -11 9 -11 9 -12 9 -11 9 -11 8 -11 8 -11 7 -11 7 -11 6 -11 6 -11 6 -11 5 -11 5 -11 4 -10 4 -10 3 -10 3 -10 3 -10 2 -10 1 0 0 0 0 0 0 0 0 0 0 ]
CSI_DATA,AP,10:B4:1D:CC:60:E0,-23,11,0,0,0,0,0,0,0,0,0,-93,0,6,2,4641282,0,66,0,0,4.35075,128,[0 0 0 0 0 0 0 0 0 0 0 0 -11 -11 -11 -11 -11 -11 -11 -10 -11 -10 -11 -10 -11 -9 -11 -9 -11 -9 -11 -8 -11 -8 -12 -8 -12 -8 -12 -7 -12 -7 -12 -7 -12 -6 -13 -6 -12 -6 -13 -6 -13 -5 -13 -5 -13 -5 -14 -5 -14 -5 -14 -5 0 0 -14 -5 -14 -5 -14 -5 -14 -5 -14 -6 -14 -6 -14 -6 -14 -6 -13 -6 -13 -7 -13 -7 -12 -7 -12 -7 -11 -7 -11 -7 -11 -7 -10 -7 -10 -7 -10 -7 -9 -7 -9 -7 -8 -8 -8 -8 -7 -8 -7 -8 -6 -8 0 0 0 0 0 0 0 0 0 0 ]
CSI_DATA,AP,00:00:00:00:00:00,-24,9,0,0,0,0,0,0,0,0,0,-93,0,6,2,4678202,0,14,0,0,4.3876,128,[0 0 0 0 0 0 0 0 0 0 0 0 10 10 10 10 10 9 10 9 10 9 11 8 10 8 11 8 10 8 11 7 11 7 11 6 11 6 11 6 11 6 11 5 11 5 11 5 12 5 12 4 12 4 12 4 12 4 13 4 13 4 13 4 0 0 13 4 13 4 13 5 13 5 13 5 13 5 13 5 13 5 12 6 12 6 12 6 11 6 11 6 11 6 10 7 10 7 9 6 9 7 8 7 8 7 7 7 7 7 6 7 6 7 6 7 5 7 0 0 0 0 0 0 0 0 0 0 ]
CSI_DATA,AP,00:00:00:00:00:00,-23,11,0,0,0,0,0,0,0,0,0,-93,0,6,2,4678359,0,14,0,0,4.42028,128,[0 0 0 0 0 0 0 0 0 0 0 0 -15 4 -15 5 -14 4 -14 5 -14 5 -14 5 -13 5 -13 6 -13 5 -12 6 -12 6 -12 7 -12 7 -12 7 -12 7 -11 7 -11 7 -11 8 -11 8 -11 8 -11 8 -11 9 -10 9 -10 9 -11 9 -11 10 0 0 -11 10 -11 10 -12 9 -11 9 -12 9 -12 9 -12 9 -12 9 -13 8 -12 8 -12 8 -12 8 -12 6 -12 6 -12 5 -12 5 -11 5 -11 5 -11 4 -11 4 -11 4 -11 3 -10 3 -10 2 -10 2 -10 1 0 0 0 0 0 0 0 0 0 0 ]
CSI_DATA,AP,10:B4:1D:CC:60:E0,-23,11,0,0,0,0,0,0,0,0,0,-93,0,6,2,4679203,0,37,0,0,4.4601,128,[0 0 0 0 0 0 0 0 0 0 0 0 8 -12 8 -12 8 -12 8 -12 7 -12 7 -12 6 -12 6 -12 6 -12 6 -12 5 -12 5 -12 5 -13 5 -13 4 -13 4 -13 4 -13 3 -13 3 -13 3 -13 3 -13 3 -14 2 -14 2 -14 2 -14 2 -14 0 0 3 -14 3 -14 3 -15 3 -14 3 -14 4 -14 4 -14 4 -14 4 -14 4 -14 4 -13 5 -13 5 -12 5 -12 5 -11 5 -11 5 -11 5 -10 5 -10 6 -10 5 -9 6 -9 6 -9 6 -8 6 -7 7 -7 0 0 0 0 0 0 0 0 0 0 ]
CSI_DATA,AP,10:B4:1D:CC:60:E0,-29,11,1,7,1,1,1,0,0,0,1,-93,0,6,2,4679385,0,68,0,0,4.49929,384,[0 0 0 0 0 0 0 0 0 0 0 0 3 -11 3 -10 3 -11 3 -11 3 -10 2 -11 2 -10 2 -10 2 -10 1 -10 1 -10 1 -10 1 -10 0 -10 0 -10 0 -10 0 -10 -1 -10 -1 -10 -1 -11 -1 -11 -1 -11 -2 -11 -2 -11 -2 -11 -2 -11 0 0 -2 -11 -1 -11 -1 -11 -1 -11 -1 -11 -1 -11 -1 -12 -1 -11 0 -11 0 -11 0 -11 0 -11 0 -11 1 -10 1 -10 1 -10 1 -9 1 -9 2 -9 2 -8 2 -8 3 -8 2 -8 3 -7 3 -7 3 -7 0 0 0 0 0 0 0 0 0 0 ]
CSI_DATA,AP,10:B4:1D:CC:60:E0,-23,11,0,0,0,0,0,0,0,0,0,-93,0,6,2,4680103,0,37,0,0,4.53961,128,[0 0 0 0 0 0 0 0 0 0 0 0 15 0 14 -1 14 -1 13 -1 14 -1 13 -2 13 -2 13 -2 13 -3 13 -2 13 -2 12 -3 12 -3 12 -3 12 -4 12 -4 12 -5 12 -5 12 -5 11 -6 12 -5 12 -6 12 -6 12 -6 12 -6 12 -6 0 0 12 -7 13 -6 12 -6 13 -6 13 -6 13 -6 13 -6 13 -5 13 -5 13 -5 13 -4 13 -3 12 -3 12 -3 12 -3 11 -2 11 -2 11 -2 11 -2 10 -1 10 -1 10 -1 10 0 10 1 9 1 9 2 0 0 0 0 0 0 0 0 0 0 ]
CSI_DATA,AP,10:B4:1D:CC:60:E0,-28,11,1,7,1,1,1,0,0,0,1,-93,0,6,2,4743753,0,68,0,0,4.57877,384,[0 0 0 0 0 0 0 0 0 0 0 0 6 9 6 8 6 8 6 8 6 8 6 7 6 7 6 7 6 7 6 7 7 6 7 6 7 6 7 6 7 6 7 5 7 5 7 5 8 5 8 5 8 5 8 5 8 4 9 5 9 4 9 4 0 0 9 4 9 5 9 4 9 5 9 5 9 5 9 5 8 5 8 5 8 5 8 5 8 6 7 6 7 6 7 5 6 6 6 6 6 6 5 6 5 6 5 6 4 6 4 6 4 6 3 6 3 6 0 0 0 0 0 0 0 0 0 0 ]
CSI_DATA,AP,10:B4:1D:CC:60:E0,-29,11,1,7,1,1,1,0,0,0,1,-93,0,6,2,4830150,0,68,0,0,4.6095,384,[0 0 0 0 0 0 0 0 0 0 0 0 -11 0 -11 0 -11 0 -11 0 -11 0 -11 0 -11 0 -10 1 -10 1 -10 1 -10 1 -10 2 -10 2 -10 2 -10 3 -9 3 -9 3 -9 3 -10 3 -10 3 -9 4 -10 4 -10 4 -10 4 -9 5 -10 5 0 0 -10 5 -10 5 -10 4 -10 5 -10 5 -10 4 -10 4 -10 4 -10 3 -10 3 -10 3 -10 3 -10 3 -10 2 -10 2 -9 2 -9 1 -9 1 -9 1 -9 1 -9 0 -8 0 -8 0 -8 0 -8 -1 -8 -1 0 0 0 0 0 0 0 0 0 0 ]
CSI_DATA,AP,10:B4:1D:CC:60:E0,-28,11,1,7,1,1,1,0,0,0,1,-93,0,6,2,4920130,0,68,0,0,4.64972,384,[0 0 0 0 0 0 0 0 0 0 0 0 -10 -6 -9 -6 -10 -6 -10 -6 -10 -6 -10 -6 -10 -6 -10 -5 -9 -5 -10 -5 -9 -5 -10 -5 -10 -4 -10 -4 -10 -4 -10 -3 -10 -3 -10 -3 -10 -3 -10 -3 -10 -3 -11 -3 -11 -2 -11 -2 -11 -2 -11 -2 0 0 -11 -2 -11 -2 -11 -3 -12 -2 -11 -3 -11 -3 -11 -3 -11 -3 -11 -4 -11 -4 -11 -3 -11 -4 -10 -4 -10 -4 -9 -4 -9 -4 -9 -5 -8 -4 -8 -5 -8 -5 -7 -5 -7 -5 -7 -6 -6 -5 -6 -6 -6 -6 0 0 0 0 0 0 0 0 0 0 ]
CSI_DATA,AP,00:00:00:00:00:00,-23,11,0,0,0,0,0,0,0,0,0,-93,0,6,2,4982080,0,14,0,0,4.69215,128,[0 0 0 0 0 0 0 0 0 0 0 0 -15 1 -15 1 -15 2 -15 2 -14 2 -14 2 -14 2 -14 2 -14 3 -13 3 -13 3 -13 3 -13 4 -13 4 -13 4 -12 5 -13 5 -12 5 -12 5 -12 5 -12 6 -12 6 -12 6 -12 6 -13 6 -13 7 0 0 -13 7 -13 7 -13 6 -13 7 -14 6 -13 6 -13 6 -14 5 -14 5 -13 4 -13 4 -13 4 -13 3 -13 3 -13 3 -12 3 -12 2 -12 2 -12 1 -11 1 -11 1 -11 0 -11 0 -10 -1 -10 -2 -10 -2 0 0 0 0 0 0 0 0 0 0 ]
I (5020) wifi:<ba-add>idx:2 (ifx:1, 10:b4:1d:cc:60:e0), tid:0, ssn:0, winSize:64
CSI_DATA,AP,10:B4:1D:CC:60:E0,-29,11,1,7,1,1,1,1,0,0,1,-93,0,6,2,5010222,0,68,0,0,4.73839,384,[0 0 0 0 0 0 0 0 0 0 0 0 7 8 7 8 7 8 7 8 7 7 7 7 7 7 7 7 7 7 7 6 7 6 7 6 8 5 8 5 8 5 8 5 8 5 8 4 9 4 8 4 8 4 9 4 9 4 9 4 9 4 9 4 0 0 10 4 9 4 10 4 9 4 10 4 9 5 9 5 9 5 9 5 8 5 8 5 8 5 8 5 8 6 7 5 7 5 6 6 6 5 6 6 6 5 5 6 5 6 5 6 4 6 4 6 3 6 0 0 0 0 0 0 0 0 0 0 ]
CSI_DATA,AP,10:B4:1D:CC:60:E0,-29,11,1,7,1,1,1,1,0,0,0,-93,0,6,2,5061218,0,68,0,0,4.77065,384,[0 0 0 0 0 0 0 0 0 0 0 0 9 6 9 5 9 6 9 5 9 5 9 5 8 5 9 4 9 4 9 4 9 3 9 4 9 3 9 3 9 3 9 3 9 2 9 2 9 2 9 2 9 2 9 2 10 1 10 1 10 1 10 1 0 0 10 2 10 2 10 2 10 2 10 2 10 3 10 3 10 3 10 3 10 3 10 3 9 3 9 4 9 4 8 4 8 4 8 4 7 4 7 4 6 4 6 5 6 5 5 5 5 5 5 5 4 5 0 0 0 0 0 0 0 0 0 0 ]
CSI_DATA,AP,10:B4:1D:CC:60:E0,-29,11,1,7,1,1,1,1,0,0,1,-93,0,6,2,5097820,0,68,0,0,4.80723,384,[0 0 0 0 0 0 0 0 0 0 0 0 9 4 9 4 9 4 9 4 9 4 9 3 9 3 9 3 9 3 9 3 9 2 9 2 9 2 9 2 9 2 9 1 9 1 9 1 9 1 9 0 9 0 9 0 10 0 10 0 10 0 10 0 0 0 10 0 10 0 10 0 10 0 10 1 10 1 10 1 10 1 9 1 9 1 9 2 9 2 9 2 8 2 8 2 8 2 8 3 7 3 7 3 7 3 6 3 6 3 6 3 5 3 5 4 5 4 0 0 0 0 0 0 0 0 0 0 ]
CSI_DATA,AP,10:B4:1D:CC:60:E0,-29,11,1,7,1,1,1,1,0,0,1,-93,0,6,2,5190297,0,68,0,0,4.89969,384,[0 0 0 0 0 0 0 0 0 0 0 0 10 1 10 1 10 1 10 1 10 1 10 0 10 0 10 0 9 0 9 0 9 -1 9 -1 9 -1 9 -1 9 -2 9 -2 9 -2 9 -2 9 -3 9 -3 9 -3 9 -3 9 -3 9 -3 9 -4 9 -4 0 0 9 -3 10 -4 10 -3 10 -3 10 -3 10 -3 10 -3 10 -2 10 -2 10 -2 10 -2 10 -1 9 -1 9 -1 9 -1 9 0 8 0 8 0 8 0 8 0 8 1 7 1 7 1 7 1 7 2 6 2 0 0 0 0 0 0 0 0 0 0 ]
CSI_DATA,AP,10:B4:1D:CC:60:E0,-29,11,1,7,1,1,1,1,0,0,1,-93,0,6,2,5281336,0,68,0,0,4.99073,384,[0 0 0 0 0 0 0 0 0 0 0 0 10 0 10 -1 10 0 10 -1 10 -1 10 -1 10 -1 10 -2 9 -2 9 -2 9 -2 9 -3 9 -3 9 -3 9 -3 9 -3 9 -4 9 -4 9 -4 9 -4 9 -4 9 -5 8 -5 8 -5 9 -5 9 -6 0 0 9 -5 9 -6 9 -5 9 -5 10 -5 10 -5 10 -5 9 -5 10 -4 9 -4 9 -4 9 -3 9 -3 9 -3 9 -3 9 -2 8 -2 8 -2 8 -2 8 -1 8 -1 8 -1 7 -1 7 0 7 0 7 1 0 0 0 0 0 0 0 0 0 0 ]
CSI_DATA,AP,10:B4:1D:CC:60:E0,-29,11,1,7,1,1,1,1,0,0,1,-93,0,6,2,5370292,0,68,0,0,5.07969,384,[0 0 0 0 0 0 0 0 0 0 0 0 4 9 4 9 4 9 4 9 5 9 4 8 4 8 5 8 5 8 5 8 5 7 5 7 6 7 6 7 6 7 6 7 6 7 6 6 7 6 7 6 7 6 7 6 7 6 8 6 8 6 7 6 0 0 8 7 8 6 8 7 8 7 8 7 7 7 7 7 7 7 7 7 7 7 6 7 6 8 6 7 5 7 5 7 5 7 4 7 4 7 4 7 4 7 3 7 3 7 2 7 2 7 2 7 1 7 0 0 0 0 0 0 0 0 0 0 ]
CSI_DATA,AP,10:B4:1D:CC:60:E0,-29,11,1,7,1,1,1,1,0,0,1,-93,0,6,2,5460538,0,68,0,0,5.16995,384,[0 0 0 0 0 0 0 0 0 0 0 0 2 -11 1 -11 1 -11 1 -11 1 -11 1 -10 1 -10 0 -10 0 -10 0 -10 0 -10 -1 -10 -1 -10 -1 -10 -1 -10 -2 -10 -2 -10 -2 -10 -2 -10 -3 -10 -3 -10 -3 -10 -3 -10 -3 -10 -3 -10 -3 -10 0 0 -3 -11 -3 -11 -4 -11 -3 -11 -3 -11 -3 -11 -3 -11 -3 -11 -3 -11 -2 -11 -2 -10 -2 -11 -1 -10 -1 -10 -1 -10 -1 -9 0 -10 0 -9 0 -9 0 -9 1 -8 1 -9 1 -8 1 -8 2 -7 2 -7 0 0 0 0 0 0 0 0 0 0 ]
CSI_DATA,AP,10:B4:1D:CC:60:E0,-23,11,0,0,0,0,0,0,0,0,0,-93,0,6,2,5544820,0,66,0,0,5.25429,128,[0 0 0 0 0 0 0 0 0 0 0 0 3 14 4 14 4 13 4 13 4 13 4 13 4 12 5 12 5 12 5 11 6 11 6 11 6 11 6 11 7 11 6 10 7 10 7 10 8 10 8 10 8 10 8 10 8 9 9 10 9 10 9 10 0 0 9 10 9 10 9 11 9 10 9 11 9 11 8 11 8 11 8 11 8 11 7 11 7 11 7 11 6 11 5 10 5 11 5 10 5 10 4 10 4 10 3 10 3 10 3 9 2 9 2 9 1 9 0 0 0 0 0 0 0 0 0 0 ]
CSI_DATA,AP,10:B4:1D:CC:60:E0,-29,11,1,7,1,1,1,1,0,0,1,-93,0,6,2,5551278,0,68,0,0,5.28007,384,[0 0 0 0 0 0 0 0 0 0 0 0 -6 9 -6 8 -6 9 -5 9 -5 8 -5 8 -5 8 -5 8 -5 8 -4 8 -4 8 -4 8 -4 9 -3 9 -3 9 -3 9 -3 9 -3 9 -2 9 -2 9 -2 9 -2 9 -2 9 -1 10 -2 10 -2 10 0 0 -2 10 -2 10 -2 10 -2 10 -2 10 -2 10 -3 10 -3 10 -3 9 -3 9 -3 9 -3 9 -4 9 -4 8 -4 8 -4 7 -4 7 -4 7 -4 6 -5 6 -5 6 -5 6 -5 5 -5 5 -5 5 -5 4 0 0 0 0 0 0 0 0 0 0 ]
CSI_DATA,AP,10:B4:1D:CC:60:E0,-29,11,1,7,1,1,1,1,0,0,1,-93,0,6,2,5640350,0,68,0,0,5.34975,384,[0 0 0 0 0 0 0 0 0 0 0 0 8 -7 8 -7 8 -7 7 -7 8 -7 7 -7 7 -7 7 -7 7 -7 7 -8 6 -8 6 -8 6 -8 6 -8 6 -9 5 -9 5 -9 5 -9 5 -9 5 -9 5 -9 4 -9 4 -10 4 -10 4 -10 4 -10 0 0 5 -10 5 -10 4 -10 5 -10 5 -10 5 -10 5 -10 6 -10 6 -9 6 -9 6 -9 6 -9 6 -8 6 -8 6 -8 6 -7 6 -7 6 -7 6 -6 6 -6 6 -5 6 -5 6 -5 6 -5 6 -4 6 -4 0 0 0 0 0 0 0 0 0 0 ]
CSI_DATA,AP,10:B4:1D:CC:60:E0,-29,11,1,7,1,1,1,1,0,0,1,-93,0,6,2,5730232,0,68,0,0,5.43961,384,[0 0 0 0 0 0 0 0 0 0 0 0 10 -1 10 -1 10 -1 10 -1 10 -2 10 -1 10 -2 10 -2 10 -2 9 -3 9 -3 9 -3 9 -3 9 -4 9 -4 9 -4 9 -4 9 -4 9 -5 9 -5 9 -5 9 -5 8 -5 9 -6 8 -6 9 -6 0 0 9 -6 9 -6 9 -6 9 -6 9 -6 10 -5 10 -5 9 -5 10 -4 9 -4 9 -4 9 -4 9 -4 9 -3 9 -3 9 -3 8 -3 8 -2 8 -2 8 -1 8 -1 8 -1 7 -1 7 -1 7 0 7 0 0 0 0 0 0 0 0 0 0 0 ]
CSI_DATA,AP,10:B4:1D:CC:60:E0,-29,11,1,7,1,1,1,1,0,0,1,-93,0,6,2,5820214,0,68,0,0,5.52961,384,[0 0 0 0 0 0 0 0 0 0 0 0 -2 -11 -2 -11 -3 -11 -2 -11 -3 -11 -3 -10 -3 -11 -3 -10 -3 -11 -4 -11 -3 -10 -4 -10 -4 -10 -5 -10 -4 -9 -5 -10 -5 -9 -6 -9 -6 -9 -6 -9 -6 -9 -6 -9 -6 -9 -7 -9 -7 -9 -6 -9 0 0 -7 -9 -7 -10 -7 -9 -7 -10 -7 -9 -7 -10 -6 -10 -6 -10 -6 -10 -6 -10 -6 -10 -5 -10 -5 -10 -4 -10 -4 -10 -4 -9 -4 -10 -3 -9 -3 -9 -3 -8 -2 -9 -2 -9 -2 -9 -1 -8 -1 -8 -1 -8 0 0 0 0 0 0 0 0 0 0 ]
CSI_DATA,AP,10:B4:1D:CC:60:E0,-29,11,1,7,1,1,1,1,0,0,1,-93,0,6,2,5910204,0,68,0,0,5.6196,384,[0 0 0 0 0 0 0 0 0 0 0 0 -11 3 -11 2 -11 3 -10 3 -10 3 -10 3 -10 3 -10 3 -10 3 -9 4 -9 4 -9 4 -9 4 -9 4 -9 5 -9 5 -8 5 -8 5 -8 5 -8 5 -8 5 -8 6 -8 6 -8 6 -8 6 -8 6 0 0 -9 6 -9 6 -8 6 -9 6 -9 6 -9 6 -9 6 -9 5 -9 5 -9 5 -9 5 -9 4 -9 4 -9 4 -9 3 -9 3 -8 3 -8 2 -8 2 -8 2 -8 2 -8 1 -8 1 -8 1 -7 0 -7 0 0 0 0 0 0 0 0 0 0 0 ]
CSI_DATA,AP,10:B4:1D:CC:60:E0,-29,11,1,7,1,1,1,1,0,0,1,-93,0,6,2,6004055,0,68,0,0,5.71345,384,[0 0 0 0 0 0 0 0 0 0 0 0 -4 -11 -5 -10 -5 -10 -5 -10 -5 -10 -5 -10 -5 -10 -5 -10 -5 -9 -6 -10 -6 -9 -6 -9 -6 -9 -6 -8 -7 -8 -7 -8 -7 -8 -7 -8 -7 -8 -7 -8 -8 -8 -8 -8 -8 -8 -8 -8 -8 -7 -8 -7 0 0 -8 -8 -9 -8 -8 -8 -9 -8 -9 -8 -8 -9 -8 -9 -8 -9 -8 -9 -8 -9 -7 -8 -7 -8 -7 -9 -6 -9 -6 -8 -6 -8 -5 -9 -5 -8 -5 -8 -4 -8 -4 -8 -3 -8 -3 -8 -3 -8 -3 -8 -2 -7 0 0 0 0 0 0 0 0 0 0 ]
CSI_DATA,AP,10:B4:1D:CC:60:E0,-29,11,1,7,1,1,1,1,0,0,1,-93,0,6,2,6090364,0,68,0,0,5.79975,384,[0 0 0 0 0 0 0 0 0 0 0 0 -1 10 -1 11 -1 10 -1 10 0 10 0 10 0 10 0 10 0 10 1 10 1 9 1 9 1 9 2 9 2 9 2 9 2 9 3 9 3 9 3 9 3 9 3 9 4 9 4 9 4 9 4 9 0 0 4 9 4 10 4 9 4 10 4 10 4 10 4 10 3 10 3 10 3 10 3 10 2 9 2 9 2 9 2 9 1 9 1 9 1 8 0 8 0 8 0 8 0 8 -1 8 -1 7 -1 7 -2 7 0 0 0 0 0 0 0 0 0 0 ]
CSI_DATA,AP,10:B4:1D:CC:60:E0,-29,11,1,7,1,1,1,1,0,0,1,-93,0,6,2,6181770,0,68,0,0,5.89116,384,[0 0 0 0 0 0 0 0 0 0 0 0 10 3 9 3 10 3 9 3 10 3 9 2 9 2 9 2 9 2 9 1 9 1 10 1 9 1 10 0 9 0 9 0 9 0 9 -1 9 -1 10 -1 9 -1 10 -2 10 -2 10 -2 10 -2 10 -2 0 0 10 -2 10 -2 10 -2 11 -2 10 -2 10 -1 11 -1 11 -1 10 -1 10 -1 10 0 10 0 10 0 9 1 9 0 9 0 9 1 8 1 8 1 8 1 8 2 8 2 7 2 7 2 6 3 6 3 0 0 0 0 0 0 0 0 0 0 ]
CSI_DATA,AP,10:B4:1D:CC:60:E0,-29,11,1,7,1,1,1,1,0,0,1,-93,0,6,2,6285815,0,68,0,0,5.99521,384,[0 0 0 0 0 0 0 0 0 0 0 0 10 0 10 0 10 0 10 0 10 -1 10 -1 10 -1 10 -1 9 -1 9 -2 9 -2 9 -2 9 -3 9 -3 9 -3 9 -3 9 -3 8 -4 9 -4 9 -4 9 -4 9 -4 8 -5 9 -5 9 -5 9 -5 0 0 9 -5 9 -5 9 -5 9 -5 10 -5 9 -5 10 -5 9 -4 10 -4 9 -4 9 -4 9 -4 9 -3 9 -3 9 -2 9 -2 8 -2 8 -2 8 -1 8 -1 8 -1 8 -1 7 -1 7 0 7 0 7 0 0 0 0 0 0 0 0 0 0 0 ]
CSI_DATA,AP,10:B4:1D:CC:60:E0,-29,11,1,7,1,1,1,1,0,0,1,-93,0,6,2,6377290,0,68,0,0,6.08668,384,[0 0 0 0 0 0 0 0 0 0 0 0 -11 2 -11 2 -11 2 -10 2 -10 2 -10 3 -10 3 -10 3 -10 3 -10 3 -10 3 -9 4 -9 4 -9 4 -9 4 -9 5 -9 5 -9 5 -8 5 -9 5 -8 5 -8 6 -8 6 -9 6 -8 6 -8 6 0 0 -9 6 -9 6 -8 7 -9 6 -9 6 -9 6 -9 6 -9 6 -9 5 -9 5 -9 5 -9 5 -9 4 -9 4 -9 4 -9 4 -9 3 -9 3 -8 3 -8 2 -8 2 -8 2 -8 2 -8 1 -8 1 -8 0 0 0 0 0 0 0 0 0 0 0 ]
CSI_DATA,AP,10:B4:1D:CC:60:E0,-29,11,1,7,1,1,1,1,0,0,1,-92,0,6,2,6450183,0,68,0,0,6.15957,384,[0 0 0 0 0 0 0 0 0 0 0 0 -9 6 -9 6 -9 6 -9 6 -8 6 -8 7 -8 6 -8 6 -8 6 -7 7 -7 7 -7 7 -7 7 -7 7 -7 7 -7 8 -6 8 -6 7 -6 8 -6 8 -6 8 -6 8 -6 8 -5 9 -5 9 -6 9 0 0 -6 9 -6 9 -6 9 -6 9 -6 9 -7 9 -7 9 -7 8 -7 8 -7 8 -7 8 -7 8 -7 7 -7 7 -7 6 -7 6 -7 6 -7 6 -7 5 -7 4 -8 4 -7 4 -7 3 -7 3 -7 3 -8 2 0 0 0 0 0 0 0 0 0 0 ]
CSI_DATA,AP,10:B4:1D:CC:60:E0,-29,11,1,7,1,1,1,1,0,0,1,-93,0,6,2,6540322,0,68,0,0,6.24971,384,[0 0 0 0 0 0 0 0 0 0 0 0 -8 -9 -8 -9 -8 -9 -8 -9 -8 -9 -8 -8 -8 -8 -8 -8 -8 -8 -8 -8 -8 -7 -8 -7 -9 -7 -9 -7 -9 -6 -9 -6 -9 -6 -9 -5 -10 -5 -10 -5 -10 -5 -10 -5 -10 -5 -10 -5 -11 -5 -11 -5 0 0 -11 -5 -11 -5 -11 -5 -11 -5 -11 -5 -11 -5 -11 -5 -11 -5 -10 -5 -10 -6 -10 -6 -10 -6 -9 -6 -9 -6 -9 -6 -9 -6 -8 -6 -8 -6 -7 -6 -7 -6 -7 -6 -7 -6 -6 -7 -6 -7 -6 -7 -5 -7 0 0 0 0 0 0 0 0 0 0 ]
CSI_DATA,AP,10:B4:1D:CC:60:E0,-23,11,0,0,0,0,0,0,0,0,0,-93,0,6,2,6544725,0,66,0,0,6.28206,128,[0 0 0 0 0 0 0 0 0 0 0 0 9 11 9 10 9 10 10 10 10 9 9 9 10 9 10 9 10 8 10 8 10 8 10 7 10 7 10 7 10 7 11 6 11 6 11 6 11 6 11 5 12 5 12 5 12 5 12 5 12 5 12 5 0 0 13 5 13 5 13 5 13 5 13 5 12 6 12 6 12 6 12 6 12 7 11 7 11 7 10 7 10 7 10 7 9 7 9 7 8 7 8 7 8 7 7 7 7 7 6 7 6 7 5 7 5 8 0 0 0 0 0 0 0 0 0 0 ]
CSI_DATA,AP,10:B4:1D:CC:60:E0,-29,11,1,7,1,1,1,1,0,0,1,-93,0,6,2,6630600,0,68,0,0,6.34,384,[0 0 0 0 0 0 0 0 0 0 0 0 -8 8 -7 8 -7 8 -7 8 -7 8 -7 8 -6 8 -6 8 -6 8 -6 8 -5 8 -5 8 -5 9 -4 9 -4 9 -4 9 -4 9 -4 9 -4 9 -4 9 -3 9 -3 9 -3 9 -3 10 -3 10 -3 10 0 0 -3 10 -3 10 -3 10 -3 10 -4 10 -4 10 -4 10 -4 10 -5 9 -5 9 -5 9 -5 9 -5 8 -5 8 -5 8 -5 7 -5 7 -5 7 -5 6 -6 6 -6 6 -6 5 -6 5 -6 5 -6 4 -6 4 0 0 0 0 0 0 0 0 0 0 ]
CSI_DATA,AP,10:B4:1D:CC:60:E0,-29,11,1,7,1,1,1,1,0,0,1,-93,0,6,2,6720256,0,68,0,0,6.42965,384,[0 0 0 0 0 0 0 0 0 0 0 0 -7 -10 -7 -10 -7 -10 -7 -9 -7 -9 -7 -9 -7 -9 -7 -9 -7 -8 -7 -8 -7 -8 -8 -8 -8 -7 -8 -7 -8 -7 -9 -7 -9 -6 -9 -6 -9 -6 -9 -6 -9 -6 -9 -6 -10 -6 -10 -6 -10 -6 -10 -6 0 0 -10 -6 -10 -6 -10 -6 -10 -6 -10 -6 -11 -6 -10 -7 -10 -7 -10 -7 -10 -7 -9 -7 -9 -7 -9 -7 -8 -7 -8 -7 -8 -7 -7 -7 -7 -7 -7 -7 -6 -7 -6 -7 -6 -7 -5 -7 -5 -7 -5 -7 -4 -7 0 0 0 0 0 0 0 0 0 0 ]
CSI_DATA,AP,10:B4:1D:CC:60:E0,-29,11,1,7,1,1,1,1,0,0,1,-93,0,6,2,6810146,0,68,0,0,6.51954,384,[0 0 0 0 0 0 0 0 0 0 0 0 8 -7 7 -7 7 -7 7 -7 7 -7 7 -7 7 -7 7 -7 7 -7 6 -8 6 -8 6 -8 5 -8 5 -8 5 -8 5 -9 5 -8 4 -9 4 -9 4 -9 4 -9 4 -9 4 -9 4 -10 4 -10 4 -10 0 0 5 -10 4 -10 4 -10 4 -10 4 -10 5 -10 5 -10 5 -9 6 -9 5 -9 5 -9 5 -9 5 -8 6 -8 6 -8 6 -7 6 -7 6 -7 6 -6 6 -6 6 -6 6 -5 6 -5 6 -5 6 -4 6 -4 0 0 0 0 0 0 0 0 0 0 ]
CSI_DATA,AP,10:B4:1D:CC:60:E0,-29,11,1,7,1,1,1,1,0,0,1,-93,0,6,2,6900237,0,68,0,0,6.60963,384,[0 0 0 0 0 0 0 0 0 0 0 0 -5 9 -5 9 -4 10 -4 9 -4 10 -4 9 -4 9 -4 9 -3 9 -3 9 -3 9 -3 9 -3 9 -2 9 -2 9 -2 9 -1 9 -1 9 -1 9 -1 10 -1 9 0 10 0 10 0 10 0 10 0 10 0 0 0 10 0 10 0 10 0 10 0 11 -1 11 -1 11 -1 10 -1 10 -1 10 -2 10 -2 10 -2 10 -2 9 -2 9 -2 9 -3 9 -3 8 -3 8 -3 7 -4 7 -4 7 -4 7 -4 7 -4 6 -5 5 0 0 0 0 0 0 0 0 0 0 ]
CSI_DATA,AP,10:B4:1D:CC:60:E0,-29,11,1,7,1,1,1,1,0,0,1,-93,0,6,2,6990138,0,68,0,0,6.69953,384,[0 0 0 0 0 0 0 0 0 0 0 0 -9 -7 -9 -7 -9 -7 -9 -7 -9 -6 -9 -6 -9 -6 -9 -6 -9 -6 -9 -5 -10 -5 -10 -5 -10 -4 -10 -4 -10 -4 -10 -3 -10 -3 -10 -3 -10 -3 -10 -3 -11 -3 -10 -3 -11 -2 -11 -2 -11 -2 -11 -2 0 0 -11 -2 -11 -3 -11 -3 -11 -2 -12 -3 -12 -3 -11 -3 -11 -3 -11 -3 -11 -4 -11 -4 -10 -4 -10 -4 -10 -4 -10 -4 -9 -4 -9 -4 -9 -5 -8 -5 -8 -5 -8 -5 -7 -5 -7 -5 -7 -5 -6 -6 -6 -6 0 0 0 0 0 0 0 0 0 0 ]
CSI_DATA,AP,10:B4:1D:CC:60:E0,-29,11,1,7,1,1,1,1,0,0,1,-93,0,6,2,7080260,0,68,0,0,6.78965,384,[0 0 0 0 0 0 0 0 0 0 0 0 7 -8 8 -8 7 -8 7 -8 7 -8 7 -8 7 -8 7 -8 7 -8 6 -8 6 -8 6 -8 5 -9 5 -9 5 -9 5 -9 5 -9 4 -9 4 -9 4 -9 4 -9 4 -10 4 -10 4 -10 4 -10 4 -10 0 0 4 -10 4 -10 4 -11 4 -10 4 -10 5 -10 5 -10 5 -10 5 -9 5 -9 5 -9 5 -9 5 -9 6 -8 5 -8 6 -8 6 -7 6 -7 6 -6 6 -6 6 -6 6 -6 6 -5 6 -5 6 -5 6 -4 0 0 0 0 0 0 0 0 0 0 ]
CSI_DATA,AP,10:B4:1D:CC:60:E0,-29,11,1,7,1,1,1,1,0,0,1,-93,0,6,2,7170297,0,68,0,0,6.87969,384,[0 0 0 0 0 0 0 0 0 0 0 0 -9 -8 -9 -7 -9 -7 -9 -7 -9 -7 -9 -7 -9 -7 -9 -6 -9 -6 -9 -6 -9 -5 -9 -5 -10 -5 -9 -5 -9 -5 -9 -4 -10 -4 -10 -4 -10 -4 -10 -4 -10 -4 -10 -4 -10 -3 -11 -3 -11 -3 -11 -3 0 0 -11 -3 -11 -3 -11 -3 -11 -3 -11 -4 -11 -4 -11 -4 -11 -4 -10 -5 -10 -5 -10 -5 -10 -5 -10 -5 -9 -5 -9 -5 -9 -5 -8 -6 -8 -5 -8 -5 -7 -6 -7 -6 -6 -6 -6 -6 -6 -6 -6 -6 -5 -6 0 0 0 0 0 0 0 0 0 0 ]
CSI_DATA,AP,10:B4:1D:CC:60:E0,-29,11,1,7,1,1,1,1,0,0,1,-93,0,6,2,7260254,0,68,0,0,6.96965,384,[0 0 0 0 0 0 0 0 0 0 0 0 -3 -11 -3 -11 -3 -11 -3 -11 -3 -11 -4 -10 -3 -10 -4 -10 -4 -10 -4 -10 -4 -10 -5 -9 -5 -9 -5 -9 -5 -9 -5 -9 -5 -9 -6 -9 -6 -9 -6 -9 -6 -9 -6 -9 -6 -9 -7 -9 -7 -9 -7 -9 0 0 -6 -9 -7 -9 -7 -9 -7 -9 -6 -10 -6 -10 -6 -10 -6 -10 -5 -9 -5 -10 -5 -9 -5 -9 -4 -9 -4 -9 -4 -9 -3 -9 -3 -9 -3 -8 -2 -8 -2 -8 -2 -8 -2 -8 -1 -8 -1 -8 -1 -8 0 -7 0 0 0 0 0 0 0 0 0 0 ]
CSI_DATA,AP,10:B4:1D:CC:60:E0,-29,11,1,7,1,1,1,1,0,0,1,-93,0,6,2,7350195,0,68,0,0,7.05959,384,[0 0 0 0 0 0 0 0 0 0 0 0 6 -9 6 -9 6 -9 5 -9 5 -9 5 -9 5 -9 5 -9 4 -9 4 -9 4 -9 4 -9 4 -9 3 -9 3 -10 3 -10 3 -10 2 -10 2 -10 2 -10 2 -10 2 -10 2 -10 2 -11 2 -10 2 -10 0 0 2 -11 2 -11 2 -11 2 -11 2 -11 3 -11 3 -11 3 -11 3 -10 3 -10 3 -10 4 -10 4 -9 4 -9 4 -9 4 -8 4 -8 4 -8 4 -7 4 -7 4 -7 4 -7 4 -6 5 -6 5 -5 5 -5 0 0 0 0 0 0 0 0 0 0 ]
CSI_DATA,AP,10:B4:1D:CC:60:E0,-29,11,1,7,1,1,1,1,0,0,1,-93,0,6,2,7440203,0,68,0,0,7.1496,384,[0 0 0 0 0 0 0 0 0 0 0 0 0 -12 0 -11 0 -11 0 -11 -1 -11 -1 -11 -1 -11 -1 -11 -1 -11 -1 -10 -2 -10 -2 -10 -2 -10 -3 -10 -2 -10 -3 -10 -3 -10 -3 -10 -3 -10 -4 -10 -4 -10 -4 -10 -4 -10 -5 -10 -5 -10 -4 -10 0 0 -4 -10 -5 -11 -5 -11 -4 -11 -4 -11 -4 -11 -4 -11 -3 -11 -3 -11 -3 -11 -3 -11 -3 -11 -2 -10 -2 -10 -2 -10 -1 -10 -1 -10 -1 -9 -1 -9 0 -9 0 -9 0 -9 1 -9 1 -8 1 -8 1 -7 0 0 0 0 0 0 0 0 0 0 ]
CSI_DATA,AP,10:B4:1D:CC:60:E0,-29,11,1,7,1,1,1,1,0,0,1,-93,0,6,2,7530214,0,68,0,0,7.23961,384,[0 0 0 0 0 0 0 0 0 0 0 0 -8 -9 -8 -9 -8 -8 -8 -8 -8 -8 -8 -8 -8 -8 -8 -7 -8 -7 -8 -7 -8 -7 -8 -6 -9 -6 -9 -6 -9 -6 -9 -5 -9 -5 -9 -5 -10 -5 -10 -5 -10 -4 -10 -4 -10 -4 -10 -4 -10 -4 -11 -4 0 0 -11 -4 -11 -4 -11 -4 -11 -4 -11 -4 -11 -5 -11 -5 -10 -5 -10 -5 -10 -5 -10 -5 -10 -5 -9 -5 -9 -5 -9 -5 -9 -5 -8 -6 -8 -5 -7 -5 -7 -6 -7 -6 -6 -6 -6 -6 -6 -6 -6 -6 -5 -6 0 0 0 0 0 0 0 0 0 0 ]
CSI_DATA,AP,10:B4:1D:CC:60:E0,-23,11,0,0,0,0,0,0,0,0,0,-93,0,6,2,7544742,0,66,0,0,7.27196,128,[0 0 0 0 0 0 0 0 0 0 0 0 14 -6 13 -6 13 -6 13 -7 13 -7 12 -7 12 -7 12 -7 11 -7 11 -7 11 -8 11 -8 11 -8 11 -8 10 -8 10 -9 10 -9 10 -9 9 -10 9 -10 9 -10 9 -11 9 -11 9 -11 9 -11 9 -11 0 0 9 -11 9 -12 9 -11 10 -12 10 -11 10 -11 10 -11 10 -11 10 -10 10 -10 11 -10 10 -9 11 -8 10 -8 10 -8 10 -8 10 -7 10 -7 9 -6 10 -6 9 -6 9 -5 9 -5 9 -4 9 -4 9 -3 0 0 0 0 0 0 0 0 0 0 ]
CSI_DATA,AP,10:B4:1D:CC:60:E0,-28,11,1,7,1,1,1,1,0,0,1,-93,0,6,2,7620331,0,68,0,0,7.32974,384,[0 0 0 0 0 0 0 0 0 0 0 0 8 6 8 6 8 6 8 6 8 6 8 5 8 5 8 5 8 5 8 4 8 4 8 4 9 4 9 4 9 3 9 3 9 3 9 2 9 2 9 2 9 2 10 2 9 1 10 2 10 1 10 1 0 0 10 1 10 1 11 2 10 2 10 2 10 2 10 2 10 3 10 3 10 3 10 2 9 3 9 3 9 3 8 3 8 3 8 4 8 3 7 4 7 4 6 4 6 4 6 4 6 4 5 4 5 5 0 0 0 0 0 0 0 0 0 0 ]
CSI_DATA,AP,10:B4:1D:CC:60:E0,-29,11,1,7,1,1,1,1,0,0,1,-93,0,6,2,7710245,0,68,0,0,7.41964,384,[0 0 0 0 0 0 0 0 0 0 0 0 -2 11 -1 10 -1 11 -1 10 -1 11 -1 10 0 10 0 9 0 10 0 10 0 9 0 9 1 9 1 9 1 9 2 10 2 9 2 9 2 9 3 9 3 9 3 9 3 9 3 10 3 10 3 9 0 0 3 10 3 10 3 10 3 10 3 10 3 10 2 10 2 10 2 10 2 10 2 10 1 10 1 9 0 9 0 9 0 9 0 9 0 8 -1 8 -1 8 -1 8 -1 8 -2 8 -2 7 -2 7 -3 6 0 0 0 0 0 0 0 0 0 0 ]
CSI_DATA,AP,10:B4:1D:CC:60:E0,-29,11,1,7,1,1,1,1,0,0,1,-93,0,6,2,7800379,0,68,0,0,7.50977,384,[0 0 0 0 0 0 0 0 0 0 0 0 -8 -9 -7 -9 -8 -8 -8 -9 -8 -8 -8 -8 -8 -8 -8 -8 -8 -7 -8 -7 -8 -7 -8 -7 -9 -7 -9 -6 -9 -6 -9 -6 -9 -5 -9 -5 -9 -5 -9 -5 -9 -5 -10 -5 -10 -5 -10 -5 -10 -4 -10 -4 0 0 -11 -5 -11 -5 -11 -5 -11 -5 -11 -5 -10 -5 -11 -6 -10 -6 -10 -6 -10 -6 -10 -6 -9 -6 -9 -6 -9 -6 -8 -6 -8 -6 -8 -6 -7 -6 -7 -6 -7 -7 -6 -7 -6 -7 -6 -7 -5 -7 -5 -7 -4 -7 0 0 0 0 0 0 0 0 0 0 ]
CSI_DATA,AP,10:B4:1D:CC:60:E0,-29,11,1,7,1,1,1,1,0,0,1,-93,0,6,2,7890396,0,68,0,0,7.59979,384,[0 0 0 0 0 0 0 0 0 0 0 0 -9 -7 -9 -7 -9 -7 -9 -7 -9 -7 -9 -6 -9 -6 -9 -6 -9 -6 -9 -5 -9 -5 -9 -5 -9 -5 -9 -5 -10 -4 -10 -4 -10 -4 -10 -4 -10 -4 -10 -3 -10 -3 -11 -3 -10 -3 -11 -3 -11 -3 -11 -3 0 0 -11 -3 -11 -3 -11 -3 -11 -4 -11 -4 -11 -4 -11 -4 -11 -4 -10 -5 -10 -4 -10 -5 -10 -5 -9 -5 -9 -5 -9 -5 -9 -6 -8 -6 -8 -6 -8 -6 -7 -6 -7 -6 -6 -6 -6 -6 -6 -6 -5 -7 -5 -6 0 0 0 0 0 0 0 0 0 0 ]
CSI_DATA,AP,10:B4:1D:CC:60:E0,-29,11,1,7,1,1,1,1,0,0,1,-93,0,6,2,7980941,0,68,0,0,7.69032,384,[0 0 0 0 0 0 0 0 0 0 0 0 2 10 2 10 2 10 2 10 2 10 2 10 2 10 2 10 3 9 3 9 3 9 3 9 4 9 4 9 4 8 4 8 4 8 5 8 5 8 5 8 5 8 5 8 5 8 6 8 6 8 6 8 0 0 6 8 7 8 6 8 6 8 6 9 6 9 6 9 5 9 5 9 5 9 4 9 4 9 4 9 3 9 4 8 3 8 3 8 3 8 2 8 2 8 2 8 1 8 1 8 1 8 0 7 0 7 0 0 0 0 0 0 0 0 0 0 ]
CSI_DATA,AP,10:B4:1D:CC:60:E0,-28,11,1,7,1,1,1,1,0,0,1,-93,0,6,2,8070223,0,68,0,0,7.77961,384,[0 0 0 0 0 0 0 0 0 0 0 0 2 10 2 10 2 10 2 10 3 10 2 10 3 9 3 9 3 9 3 9 3 9 4 9 4 9 4 9 4 8 5 8 5 8 5 8 6 8 6 8 5 8 6 8 6 7 6 8 6 8 6 8 0 0 6 8 7 8 7 8 7 8 7 8 7 8 7 8 6 9 6 8 5 9 5 8 5 8 5 8 5 8 4 8 4 8 4 8 3 8 3 8 3 8 2 7 2 7 2 7 1 7 1 7 1 7 0 0 0 0 0 0 0 0 0 0 ]
CSI_DATA,AP,10:B4:1D:CC:60:E0,-29,11,1,7,1,1,1,1,0,0,1,-93,0,6,2,8160264,0,68,0,0,7.86965,384,[0 0 0 0 0 0 0 0 0 0 0 0 11 0 10 0 10 0 10 -1 10 -1 10 -1 10 -1 10 -1 10 -1 9 -2 9 -2 9 -2 9 -3 9 -3 9 -3 9 -3 9 -3 9 -4 9 -4 9 -4 9 -4 9 -4 9 -5 9 -5 9 -5 9 -5 0 0 9 -5 9 -5 9 -5 9 -5 9 -5 9 -4 10 -4 10 -4 10 -4 10 -4 9 -3 9 -3 9 -3 9 -3 9 -2 9 -2 8 -2 8 -2 8 -1 8 -1 8 -1 8 0 7 0 7 0 7 0 7 1 0 0 0 0 0 0 0 0 0 0 ]
CSI_DATA,AP,10:B4:1D:CC:60:E0,-29,11,1,7,1,1,1,1,0,0,1,-93,0,6,2,8250284,0,68,0,0,7.95967,384,[0 0 0 0 0 0 0 0 0 0 0 0 3 -11 3 -11 2 -11 2 -11 2 -11 2 -11 2 -11 2 -11 2 -11 1 -10 1 -11 0 -10 0 -10 0 -10 0 -11 -1 -11 -1 -10 -1 -10 -1 -10 -2 -11 -2 -10 -2 -11 -2 -11 -2 -11 -2 -11 -2 -11 0 0 -2 -11 -2 -12 -3 -11 -2 -12 -2 -12 -2 -11 -1 -12 -1 -11 -1 -11 -1 -11 -1 -11 -1 -11 -1 -11 0 -11 0 -10 0 -10 0 -10 0 -9 1 -9 1 -9 1 -9 2 -9 2 -9 2 -8 2 -8 3 -7 0 0 0 0 0 0 0 0 0 0 ]
CSI_DATA,AP,10:B4:1D:CC:60:E0,-29,11,1,7,1,1,1,1,0,0,1,-93,0,6,2,8340270,0,68,0,0,8.04966,384,[0 0 0 0 0 0 0 0 0 0 0 0 -4 -11 -4 -11 -5 -10 -5 -11 -5 -11 -5 -10 -5 -10 -5 -10 -5 -10 -6 -10 -5 -9 -6 -9 -6 -9 -6 -9 -6 -9 -6 -8 -6 -8 -7 -8 -7 -8 -7 -8 -7 -8 -8 -8 -8 -8 -8 -8 -8 -8 -8 -8 0 0 -8 -8 -8 -8 -8 -9 -8 -9 -8 -9 -8 -9 -8 -9 -7 -9 -7 -9 -7 -9 -7 -9 -7 -9 -6 -9 -6 -9 -5 -9 -5 -9 -5 -9 -4 -9 -4 -9 -4 -8 -3 -8 -3 -8 -3 -9 -2 -8 -2 -8 -1 -8 0 0 0 0 0 0 0 0 0 0 ]
CSI_DATA,AP,10:B4:1D:CC:60:E0,-28,11,1,7,1,1,1,1,0,0,1,-93,0,6,2,8430228,0,68,0,0,8.13962,384,[0 0 0 0 0 0 0 0 0 0 0 0 -4 -11 -4 -11 -4 -11 -4 -11 -4 -11 -4 -10 -4 -10 -4 -10 -5 -10 -5 -10 -5 -10 -5 -9 -5 -10 -6 -9 -6 -9 -6 -9 -6 -8 -6 -9 -7 -8 -7 -9 -7 -9 -7 -8 -7 -8 -8 -8 -8 -8 -8 -8 0 0 -7 -9 -8 -9 -8 -9 -8 -9 -8 -9 -8 -9 -7 -9 -7 -10 -7 -9 -6 -9 -6 -9 -6 -9 -6 -9 -5 -9 -5 -9 -5 -9 -4 -9 -4 -9 -4 -9 -3 -8 -3 -9 -3 -9 -3 -8 -2 -8 -2 -8 -1 -8 0 0 0 0 0 0 0 0 0 0 ]
CSI_DATA,AP,10:B4:1D:CC:60:E0,-28,11,1,7,1,1,1,1,0,0,1,-93,0,6,2,8522408,0,68,0,0,8.23179,384,[0 0 0 0 0 0 0 0 0 0 0 0 1 10 1 10 1 10 2 10 2 10 2 10 2 10 2 9 2 9 3 9 3 9 3 9 3 9 3 9 4 9 4 8 4 8 5 8 5 8 5 8 5 8 5 8 5 8 5 9 6 8 5 8 0 0 5 9 6 9 5 9 6 9 6 9 5 9 5 9 5 9 5 9 4 9 4 9 4 9 3 9 3 9 3 9 3 8 2 9 2 8 1 8 1 8 1 8 0 8 0 8 0 7 -1 7 -1 7 0 0 0 0 0 0 0 0 0 0 ]
CSI_DATA,AP,10:B4:1D:CC:60:E0,-28,11,1,7,1,1,1,1,0,0,1,-93,0,6,2,8610342,0,68,0,0,8.31973,384,[0 0 0 0 0 0 0 0 0 0 0 0 10 0 10 -1 10 -1 10 -1 10 -1 10 -1 10 -1 9 -1 9 -2 9 -2 9 -2 9 -2 9 -2 9 -3 9 -3 9 -3 9 -4 9 -4 9 -4 9 -4 9 -4 9 -4 9 -5 9 -5 9 -5 9 -5 0 0 9 -5 9 -5 9 -5 9 -5 9 -5 9 -5 9 -5 9 -5 9 -4 10 -4 9 -4 9 -3 9 -3 9 -3 9 -3 9 -3 8 -2 8 -2 8 -2 7 -1 8 -1 7 -1 8 0 7 0 7 0 7 1 0 0 0 0 0 0 0 0 0 0 ]
CSI_DATA,AP,10:B4:1D:CC:60:E0,-28,11,1,7,1,1,1,1,0,0,1,-93,0,6,2,8700091,0,68,0,0,8.40948,384,[0 0 0 0 0 0 0 0 0 0 0 0 11 0 10 0 11 0 10 0 11 -1 10 -1 10 -1 10 -1 10 -1 10 -1 9 -2 9 -2 9 -2 9 -3 9 -3 9 -3 9 -3 9 -4 9 -4 9 -4 9 -4 9 -4 9 -5 9 -5 9 -5 9 -5 0 0 9 -5 10 -6 9 -5 10 -5 9 -5 10 -5 10 -4 10 -4 10 -4 10 -4 10 -4 9 -3 9 -3 9 -3 10 -2 9 -2 9 -2 8 -2 8 -2 8 -1 8 -1 8 0 8 -1 7 0 7 0 7 1 0 0 0 0 0 0 0 0 0 0 ]
CSI_DATA,AP,10:B4:1D:CC:60:E0,-29,11,1,7,1,1,1,1,0,0,1,-93,0,6,2,8790271,0,68,0,0,8.49966,384,[0 0 0 0 0 0 0 0 0 0 0 0 5 9 5 8 5 9 5 8 5 8 5 8 5 8 5 8 5 8 6 7 6 7 6 7 6 7 6 7 6 6 7 6 7 6 7 6 7 6 7 6 7 6 7 6 8 5 8 5 8 5 8 5 0 0 8 6 9 6 8 6 8 6 8 6 8 6 8 7 8 6 8 6 7 7 7 7 7 7 6 7 6 7 6 7 6 6 5 7 5 6 4 6 4 6 4 7 3 7 3 6 3 6 3 6 2 6 0 0 0 0 0 0 0 0 0 0 ]
CSI_DATA,AP,10:B4:1D:CC:60:E0,-29,11,1,7,1,1,1,1,0,0,1,-93,0,6,2,8880117,0,68,0,0,8.58951,384,[0 0 0 0 0 0 0 0 0 0 0 0 -10 -5 -10 -6 -10 -5 -10 -5 -10 -5 -10 -5 -10 -4 -10 -4 -10 -4 -11 -4 -10 -3 -10 -3 -10 -3 -10 -3 -10 -2 -10 -2 -10 -2 -11 -2 -11 -2 -11 -2 -11 -1 -11 -1 -11 -1 -11 -1 -11 -1 -11 0 0 0 -11 -1 -12 -1 -11 -1 -11 -1 -12 -1 -12 -1 -12 -2 -11 -2 -11 -2 -11 -2 -11 -2 -11 -2 -10 -2 -10 -3 -10 -3 -9 -3 -9 -3 -9 -3 -9 -3 -8 -3 -8 -4 -8 -4 -8 -4 -7 -4 -7 -4 -7 -5 0 0 0 0 0 0 0 0 0 0 ]
CSI_DATA,AP,10:B4:1D:CC:60:E0,-29,11,1,7,1,1,1,1,0,0,1,-93,0,6,2,8970435,0,68,0,0,8.67983,384,[0 0 0 0 0 0 0 0 0 0 0 0 8 -7 8 -7 8 -7 8 -7 8 -7 8 -7 7 -7 7 -7 7 -7 6 -8 6 -8 6 -8 6 -8 6 -8 6 -8 5 -8 5 -8 5 -9 5 -9 5 -9 5 -9 5 -9 5 -9 5 -10 5 -10 5 -10 0 0 5 -10 5 -10 5 -10 5 -10 5 -10 5 -10 6 -10 5 -9 6 -9 6 -8 6 -9 6 -8 6 -8 6 -8 6 -7 6 -7 6 -7 6 -7 6 -6 6 -6 6 -5 6 -5 6 -5 6 -4 6 -4 6 -3 0 0 0 0 0 0 0 0 0 0 ]
CSI_DATA,AP,10:B4:1D:CC:60:E0,-28,11,1,7,1,1,1,1,0,0,1,-93,0,6,2,9060180,0,68,0,0,8.76957,384,[0 0 0 0 0 0 0 0 0 0 0 0 -3 -12 -3 -11 -3 -11 -3 -11 -3 -11 -4 -11 -3 -11 -4 -11 -4 -10 -4 -10 -5 -10 -5 -10 -5 -10 -5 -10 -5 -9 -5 -9 -5 -9 -6 -9 -6 -9 -6 -9 -6 -9 -6 -9 -7 -9 -7 -9 -7 -9 -7 -9 0 0 -7 -9 -7 -9 -7 -10 -7 -9 -7 -10 -7 -10 -7 -10 -6 -10 -6 -10 -6 -10 -6 -10 -6 -10 -5 -10 -5 -10 -5 -10 -4 -9 -4 -9 -4 -9 -3 -9 -3 -8 -3 -9 -2 -9 -2 -9 -1 -9 -1 -8 -1 -8 0 0 0 0 0 0 0 0 0 0 ]
CSI_DATA,AP,10:B4:1D:CC:60:E0,-28,11,1,7,1,1,1,1,0,0,1,-93,0,6,2,9151348,0,68,0,0,8.86074,384,[0 0 0 0 0 0 0 0 0 0 0 0 -11 -5 -11 -4 -11 -5 -11 -4 -11 -4 -11 -4 -11 -4 -10 -4 -10 -3 -11 -3 -11 -2 -10 -2 -10 -2 -10 -2 -11 -1 -10 -1 -11 -1 -11 -1 -11 0 -11 0 -11 0 -11 0 -11 0 -11 1 -11 1 -11 1 0 0 -12 1 -12 1 -12 1 -12 1 -12 0 -12 0 -12 0 -11 0 -11 0 -11 -1 -11 -1 -11 -1 -11 -1 -10 -1 -10 -1 -10 -2 -10 -2 -10 -2 -9 -2 -9 -3 -9 -3 -8 -3 -8 -3 -8 -3 -8 -4 -7 -4 0 0 0 0 0 0 0 0 0 0 ]
CSI_DATA,AP,10:B4:1D:CC:60:E0,-28,11,1,7,1,1,1,1,0,0,1,-93,0,6,2,9240151,0,68,0,0,8.94954,384,[0 0 0 0 0 0 0 0 0 0 0 0 3 10 3 9 4 9 4 9 4 9 4 9 4 9 4 8 4 8 4 8 4 8 5 8 5 8 5 8 5 8 5 8 5 7 6 7 6 7 6 7 6 7 6 7 7 7 7 7 7 7 7 7 0 0 7 7 7 8 7 7 7 7 7 8 7 8 6 8 6 8 6 8 6 8 5 8 5 8 5 8 5 8 4 8 4 8 4 8 3 7 3 7 2 7 2 7 2 7 1 7 1 7 1 7 0 7 0 0 0 0 0 0 0 0 0 0 ]
CSI_DATA,AP,10:B4:1D:CC:60:E0,-28,11,1,7,1,1,1,1,0,0,1,-93,0,6,2,9330192,0,68,0,0,9.03958,384,[0 0 0 0 0 0 0 0 0 0 0 0 -11 -2 -11 -2 -11 -2 -11 -2 -11 -2 -11 -1 -11 -1 -11 -1 -11 -1 -11 0 -11 0 -10 0 -10 0 -10 1 -10 1 -10 1 -10 1 -10 2 -10 2 -10 2 -10 2 -10 2 -10 2 -11 2 -11 3 -10 3 0 0 -11 3 -11 3 -11 3 -11 2 -11 2 -11 2 -11 2 -11 2 -11 1 -11 2 -11 1 -11 1 -11 1 -10 0 -10 0 -10 0 -10 0 -9 -1 -9 -1 -9 -1 -9 -2 -9 -2 -8 -2 -8 -2 -8 -3 -7 -3 0 0 0 0 0 0 0 0 0 0 ]
CSI_DATA,AP,10:B4:1D:CC:60:E0,-28,11,1,7,1,1,1,1,0,0,1,-93,0,6,2,9420335,0,68,0,0,9.12972,384,[0 0 0 0 0 0 0 0 0 0 0 0 -10 6 -10 5 -9 6 -9 5 -9 6 -9 6 -9 6 -9 6 -8 6 -8 6 -8 6 -8 6 -7 7 -7 7 -7 7 -7 7 -7 7 -6 8 -6 8 -6 8 -6 8 -6 8 -6 8 -6 9 -6 9 -6 9 0 0 -6 9 -6 9 -6 9 -6 9 -6 9 -6 9 -6 9 -6 9 -7 8 -7 8 -7 8 -7 7 -7 7 -7 7 -7 7 -7 6 -7 6 -7 6 -7 5 -7 5 -7 5 -7 4 -7 4 -7 3 -7 3 -7 3 0 0 0 0 0 0 0 0 0 0 ]
CSI_DATA,AP,10:B4:1D:CC:60:E0,-28,11,1,7,1,1,1,1,0,0,1,-93,0,6,2,9510268,0,68,0,0,9.21967,384,[0 0 0 0 0 0 0 0 0 0 0 0 10 2 10 2 10 2 10 2 10 2 9 2 10 2 9 1 9 1 10 1 10 1 9 0 9 0 9 0 9 0 9 -1 9 -1 9 -1 10 -1 10 -1 10 -2 9 -2 10 -2 10 -2 9 -2 10 -2 0 0 10 -2 10 -2 10 -2 11 -2 11 -2 11 -2 10 -1 10 -1 10 -1 10 -1 10 -1 10 0 9 0 9 0 9 0 9 0 9 1 9 1 8 1 8 1 8 1 7 2 7 2 7 2 6 2 6 3 0 0 0 0 0 0 0 0 0 0 ]
CSI_DATA,AP,10:B4:1D:CC:60:E0,-29,11,1,7,1,1,1,1,0,0,1,-93,0,6,2,9600235,0,68,0,0,9.30963,384,[0 0 0 0 0 0 0 0 0 0 0 0 -10 -6 -10 -6 -10 -6 -10 -6 -10 -6 -10 -5 -10 -5 -10 -5 -10 -5 -10 -4 -10 -4 -10 -4 -10 -4 -10 -4 -10 -3 -10 -3 -10 -3 -10 -3 -10 -2 -11 -2 -11 -2 -11 -2 -11 -2 -11 -2 -11 -2 -11 -2 0 0 -11 -2 -11 -2 -11 -2 -11 -2 -11 -3 -11 -3 -11 -3 -11 -3 -11 -3 -11 -3 -10 -4 -10 -4 -10 -4 -9 -4 -9 -4 -9 -4 -9 -4 -8 -4 -8 -4 -8 -5 -7 -5 -7 -5 -7 -5 -6 -5 -6 -5 -6 -6 0 0 0 0 0 0 0 0 0 0 ]
CSI_DATA,AP,10:B4:1D:CC:60:E0,-28,11,1,7,1,1,1,1,0,0,1,-93,0,6,2,9690154,0,68,0,0,9.39954,384,[0 0 0 0 0 0 0 0 0 0 0 0 -9 -7 -9 -7 -10 -7 -9 -7 -10 -6 -9 -6 -9 -6 -9 -6 -9 -5 -10 -6 -9 -5 -10 -5 -10 -5 -10 -4 -10 -4 -10 -3 -10 -3 -10 -3 -10 -3 -10 -3 -11 -3 -10 -3 -11 -2 -11 -2 -11 -2 -11 -2 0 0 -11 -2 -11 -2 -11 -2 -12 -2 -11 -2 -11 -3 -11 -3 -11 -3 -11 -3 -11 -3 -11 -3 -10 -4 -10 -4 -10 -4 -10 -4 -9 -4 -9 -5 -9 -4 -8 -5 -8 -5 -8 -5 -7 -5 -7 -5 -7 -5 -6 -5 -6 -5 0 0 0 0 0 0 0 0 0 0 ]
CSI_DATA,AP,10:B4:1D:CC:60:E0,-28,11,1,7,1,1,1,1,0,0,1,-93,0,6,2,9780109,0,68,0,0,9.4895,384,[0 0 0 0 0 0 0 0 0 0 0 0 -9 5 -9 6 -9 6 -9 6 -9 6 -9 6 -8 6 -9 6 -8 6 -8 6 -8 6 -7 7 -7 6 -7 7 -7 7 -7 7 -7 7 -6 8 -6 8 -6 8 -6 8 -6 8 -6 8 -6 9 -6 9 -6 9 0 0 -6 9 -6 9 -6 9 -6 8 -6 9 -7 9 -7 9 -7 8 -7 8 -7 8 -7 7 -7 7 -7 7 -7 6 -7 6 -7 6 -7 6 -7 5 -7 5 -7 5 -7 4 -7 4 -7 4 -7 3 -7 3 -7 2 0 0 0 0 0 0 0 0 0 0 ]
CSI_DATA,AP,10:B4:1D:CC:60:E0,-28,11,1,7,1,1,1,1,0,0,1,-93,0,6,2,9870287,0,68,0,0,9.57968,384,[0 0 0 0 0 0 0 0 0 0 0 0 -1 11 -1 10 -1 10 0 10 0 10 0 10 0 10 0 10 0 10 1 10 1 9 1 9 2 9 2 9 2 9 2 9 2 9 3 9 3 9 4 9 3 9 4 9 4 9 4 9 4 9 4 9 0 0 4 9 4 9 4 10 4 9 4 10 4 10 4 10 4 10 3 10 3 10 3 10 3 10 2 9 2 9 2 9 1 9 1 9 1 8 1 8 0 8 0 8 0 8 -1 8 -1 7 -1 7 -2 7 0 0 0 0 0 0 0 0 0 0 ]
CSI_DATA,AP,10:B4:1D:CC:60:E0,-29,11,1,7,1,1,1,1,0,0,1,-93,0,6,2,9960140,0,68,0,0,9.66953,384,[0 0 0 0 0 0 0 0 0 0 0 0 -11 -5 -10 -5 -11 -4 -10 -4 -11 -4 -11 -4 -11 -4 -10 -3 -10 -3 -10 -3 -10 -2 -10 -2 -10 -2 -10 -2 -10 -1 -10 -1 -10 -1 -11 -1 -11 0 -11 0 -10 0 -11 0 -11 1 -11 1 -11 1 -11 1 0 0 -11 1 -11 1 -11 1 -12 1 -12 1 -12 0 -12 0 -12 0 -11 0 -11 -1 -11 -1 -11 -1 -11 -1 -10 -2 -10 -1 -10 -2 -10 -2 -10 -2 -9 -2 -9 -3 -9 -3 -8 -3 -8 -3 -8 -3 -8 -4 -7 -4 0 0 0 0 0 0 0 0 0 0 ]
CSI_DATA,AP,10:B4:1D:CC:60:E0,-29,11,1,7,1,1,1,1,0,0,1,-93,0,6,2,10050447,0,68,0,0,9.75984,384,[0 0 0 0 0 0 0 0 0 0 0 0 8 -7 8 -7 8 -7 8 -7 8 -7 7 -7 7 -8 7 -7 7 -7 7 -8 7 -8 6 -8 6 -8 6 -8 5 -9 5 -9 5 -9 5 -9 5 -9 5 -9 4 -9 4 -9 5 -10 4 -10 4 -10 4 -10 0 0 5 -10 4 -10 4 -10 5 -11 5 -10 5 -10 5 -10 5 -10 5 -10 6 -9 5 -9 5 -9 6 -9 6 -8 6 -8 6 -8 6 -7 6 -7 6 -7 6 -6 6 -6 6 -6 6 -5 6 -5 6 -5 6 -4 0 0 0 0 0 0 0 0 0 0 ]
CSI_DATA,AP,10:B4:1D:CC:60:E0,-29,11,1,7,1,1,1,1,0,0,1,-93,0,6,2,10140382,0,68,0,0,9.84977,384,[0 0 0 0 0 0 0 0 0 0 0 0 8 -8 7 -8 7 -8 7 -8 7 -8 7 -8 6 -8 6 -8 6 -8 6 -8 5 -9 5 -9 5 -9 5 -9 4 -9 4 -9 4 -9 4 -9 3 -10 3 -10 3 -10 3 -10 3 -10 3 -10 3 -10 3 -11 0 0 3 -11 3 -11 3 -11 3 -11 3 -11 3 -11 4 -11 4 -10 4 -10 4 -10 4 -10 4 -10 4 -9 4 -9 4 -9 4 -8 5 -8 5 -8 5 -8 5 -7 5 -7 5 -7 5 -6 5 -6 5 -6 6 -5 0 0 0 0 0 0 0 0 0 0 ]
CSI_DATA,AP,10:B4:1D:CC:60:E0,-29,11,1,7,1,1,1,1,0,0,1,-93,0,6,2,10230210,0,68,0,0,9.9396,384,[0 0 0 0 0 0 0 0 0 0 0 0 2 10 2 10 3 10 2 10 2 10 3 10 2 9 2 9 3 9 3 9 4 9 4 9 4 8 4 8 4 9 4 8 5 8 5 8 5 8 5 8 5 8 6 8 6 8 6 8 6 8 6 8 0 0 6 8 6 8 6 9 6 8 6 9 6 9 5 9 5 9 5 9 5 9 5 9 4 9 4 9 4 9 3 8 3 9 3 8 3 8 2 8 2 8 1 8 1 8 1 7 1 7 0 7 0 7 0 0 0 0 0 0 0 0 0 0 ]
CSI_DATA,AP,10:B4:1D:CC:60:E0,-28,11,1,7,1,1,1,1,0,0,1,-93,0,6,2,10320226,0,68,0,0,10.0296,384,[0 0 0 0 0 0 0 0 0 0 0 0 1 -11 1 -11 1 -11 1 -11 0 -11 0 -11 0 -11 0 -11 0 -11 -1 -11 -1 -11 -1 -10 -1 -11 -2 -10 -2 -11 -2 -10 -2 -10 -2 -10 -3 -10 -3 -10 -3 -10 -3 -11 -3 -10 -4 -11 -4 -11 -4 -11 0 0 -4 -11 -4 -11 -4 -11 -4 -11 -4 -11 -4 -12 -3 -11 -3 -11 -3 -11 -2 -11 -2 -11 -2 -11 -2 -11 -1 -11 -1 -10 -1 -10 -1 -10 0 -10 0 -9 0 -9 0 -9 1 -9 1 -9 1 -8 2 -8 2 -8 0 0 0 0 0 0 0 0 0 0 ]
CSI_DATA,AP,10:B4:1D:CC:60:E0,-28,11,1,7,1,1,1,1,0,0,1,-93,0,6,2,10410125,0,68,0,0,10.1195,384,[0 0 0 0 0 0 0 0 0 0 0 0 -1 -12 -1 -11 -1 -11 -1 -11 -1 -11 -1 -11 -1 -11 -1 -11 -2 -11 -2 -10 -2 -10 -3 -10 -3 -10 -3 -10 -3 -10 -3 -10 -3 -10 -3 -10 -4 -10 -4 -10 -4 -10 -4 -10 -5 -10 -5 -10 -5 -10 -5 -10 0 0 -5 -11 -5 -11 -5 -11 -5 -10 -5 -11 -4 -11 -4 -11 -4 -11 -4 -11 -3 -11 -3 -11 -3 -11 -3 -11 -3 -10 -2 -10 -1 -10 -1 -10 -1 -9 -1 -9 0 -9 0 -9 0 -9 0 -9 1 -8 1 -8 2 -8 0 0 0 0 0 0 0 0 0 0 ]
CSI_DATA,AP,10:B4:1D:CC:60:E0,-28,11,1,7,1,1,1,1,0,0,1,-93,0,6,2,10500716,0,68,0,0,10.2101,384,[0 0 0 0 0 0 0 0 0 0 0 0 1 -12 1 -11 1 -11 1 -11 0 -11 1 -11 0 -11 0 -11 0 -11 0 -11 -1 -11 -1 -10 -1 -10 -2 -10 -2 -10 -2 -10 -2 -10 -3 -10 -3 -11 -3 -10 -3 -10 -4 -11 -3 -10 -4 -11 -4 -11 -4 -11 0 0 -4 -11 -4 -11 -4 -11 -4 -11 -4 -12 -4 -11 -4 -11 -3 -12 -3 -11 -2 -11 -2 -11 -2 -11 -2 -11 -2 -11 -1 -10 -1 -10 -1 -10 -1 -9 -1 -9 0 -9 0 -9 0 -9 1 -9 1 -8 1 -8 2 -8 0 0 0 0 0 0 0 0 0 0 ]
CSI_DATA,AP,10:B4:1D:CC:60:E0,-28,11,1,7,1,1,1,1,0,0,1,-93,0,6,2,10590378,0,68,0,0,10.2998,384,[0 0 0 0 0 0 0 0 0 0 0 0 7 -9 7 -8 7 -9 6 -8 6 -8 6 -9 6 -9 6 -9 6 -9 5 -9 5 -9 5 -9 5 -9 4 -9 4 -10 4 -10 4 -10 3 -10 3 -10 3 -10 3 -10 3 -10 3 -11 3 -11 2 -11 2 -11 0 0 3 -11 3 -11 3 -11 3 -11 3 -11 3 -11 3 -11 3 -11 4 -11 4 -10 4 -10 4 -10 4 -10 4 -9 5 -9 4 -9 4 -9 4 -8 4 -8 5 -7 5 -7 5 -7 5 -7 5 -6 5 -6 5 -5 0 0 0 0 0 0 0 0 0 0 ]
CSI_DATA,AP,10:B4:1D:CC:60:E0,-28,11,1,7,1,1,1,1,0,0,1,-93,0,6,2,10683681,0,68,0,0,10.3931,384,[0 0 0 0 0 0 0 0 0 0 0 0 -7 8 -7 8 -7 8 -7 8 -7 8 -7 8 -6 8 -6 9 -6 8 -5 9 -5 9 -5 8 -4 9 -4 9 -4 9 -4 9 -4 9 -4 9 -3 9 -3 9 -3 9 -2 10 -3 10 -2 10 -2 10 -2 10 0 0 -2 11 -2 10 -2 11 -3 11 -2 10 -3 11 -3 10 -3 10 -4 10 -4 10 -4 10 -4 10 -4 9 -4 9 -4 9 -4 8 -5 8 -5 8 -5 8 -5 7 -5 7 -5 7 -5 6 -5 6 -6 6 -6 5 0 0 0 0 0 0 0 0 0 0 ]
CSI_DATA,AP,10:B4:1D:CC:60:E0,-28,11,1,7,1,1,1,1,0,0,1,-93,0,6,2,10770228,0,68,0,0,10.4796,384,[0 0 0 0 0 0 0 0 0 0 0 0 -6 -10 -6 -10 -6 -10 -6 -10 -6 -9 -6 -9 -6 -9 -7 -9 -7 -9 -7 -9 -7 -9 -7 -8 -7 -8 -7 -8 -8 -7 -8 -7 -8 -7 -8 -7 -8 -6 -9 -7 -9 -7 -9 -6 -9 -6 -9 -6 -9 -6 -9 -6 0 0 -10 -6 -10 -7 -10 -6 -10 -7 -10 -7 -10 -7 -10 -7 -10 -7 -9 -7 -9 -7 -9 -7 -9 -7 -8 -8 -8 -7 -8 -7 -7 -7 -7 -7 -6 -7 -6 -7 -6 -7 -6 -7 -6 -7 -5 -7 -4 -7 -4 -8 -4 -7 0 0 0 0 0 0 0 0 0 0 ]
CSI_DATA,AP,10:B4:1D:CC:60:E0,-28,11,1,7,1,1,1,1,0,0,1,-93,0,6,2,10860270,0,68,0,0,10.5697,384,[0 0 0 0 0 0 0 0 0 0 0 0 4 10 4 10 4 9 4 9 4 9 4 9 4 9 4 8 5 8 5 8 5 8 5 8 5 8 6 7 6 7 6 7 6 7 6 6 7 7 7 7 7 7 7 7 7 6 8 6 8 6 8 6 0 0 8 7 8 7 8 7 8 7 8 7 8 7 8 7 7 7 7 7 7 7 7 7 6 8 6 8 6 8 5 7 5 7 5 7 4 7 4 7 4 7 3 7 3 7 3 7 2 7 2 7 1 7 0 0 0 0 0 0 0 0 0 0 ]
CSI_DATA,AP,10:B4:1D:CC:60:E0,-28,11,1,7,1,1,1,1,0,0,1,-93,0,6,2,10950137,0,68,0,0,10.6595,384,[0 0 0 0 0 0 0 0 0 0 0 0 -6 9 -6 9 -5 9 -6 9 -5 9 -5 9 -5 9 -5 9 -4 9 -4 9 -4 9 -4 9 -3 9 -3 9 -3 9 -3 9 -3 9 -2 9 -2 10 -2 9 -2 9 -2 10 -2 10 -1 10 -2 10 -1 10 0 0 -2 10 -2 10 -2 11 -2 10 -2 11 -2 11 -2 11 -3 10 -3 10 -3 10 -3 10 -3 10 -3 9 -4 9 -4 8 -4 8 -4 8 -4 8 -5 7 -5 7 -5 7 -5 7 -5 6 -5 6 -5 6 -6 5 0 0 0 0 0 0 0 0 0 0 ]
CSI_DATA,AP,10:B4:1D:CC:60:E0,-28,11,1,7,1,1,1,1,0,0,1,-93,0,6,2,11040262,0,68,0,0,10.7497,384,[0 0 0 0 0 0 0 0 0 0 0 0 -8 8 -8 7 -8 8 -7 7 -7 8 -7 8 -7 8 -7 8 -6 8 -7 8 -6 8 -6 8 -6 8 -5 9 -5 8 -4 9 -4 9 -4 9 -4 9 -4 9 -4 9 -4 9 -3 9 -3 10 -3 10 -3 10 0 0 -3 10 -3 11 -3 10 -3 11 -3 10 -4 10 -4 10 -4 10 -4 10 -4 10 -5 10 -4 9 -4 9 -5 8 -4 9 -5 8 -5 8 -5 7 -5 7 -5 7 -5 7 -5 7 -5 6 -6 6 -6 5 -6 5 0 0 0 0 0 0 0 0 0 0 ]
CSI_DATA,AP,10:B4:1D:CC:60:E0,-28,11,1,7,1,1,1,1,0,0,1,-93,0,6,2,11130205,0,68,0,0,10.8396,384,[0 0 0 0 0 0 0 0 0 0 0 0 8 7 8 6 8 6 8 6 8 6 8 6 8 5 8 5 8 5 8 4 8 4 9 4 9 4 9 4 9 4 9 3 9 4 9 3 9 3 9 3 9 3 10 3 9 2 10 2 10 2 10 2 0 0 10 2 10 3 10 3 10 3 10 3 10 3 10 3 10 4 10 4 10 3 9 4 9 4 9 4 8 5 8 5 8 5 7 5 7 4 7 5 6 5 6 5 6 5 6 5 5 5 5 5 4 5 0 0 0 0 0 0 0 0 0 0 ]
CSI_DATA,AP,10:B4:1D:CC:60:E0,-29,11,1,7,1,1,1,1,0,0,1,-93,0,6,2,11220450,0,68,0,0,10.9298,384,[0 0 0 0 0 0 0 0 0 0 0 0 -11 -1 -11 -1 -11 0 -11 0 -11 0 -11 0 -11 0 -11 0 -11 0 -10 1 -10 1 -10 1 -10 2 -10 2 -10 2 -10 2 -10 2 -10 3 -10 3 -10 3 -10 3 -10 3 -10 4 -10 4 -10 4 -10 4 0 0 -10 4 -10 4 -10 4 -10 4 -10 4 -11 4 -11 3 -10 3 -10 3 -11 2 -10 3 -10 2 -10 2 -10 2 -10 1 -9 1 -9 1 -9 1 -9 0 -9 0 -8 0 -8 0 -8 -1 -8 -1 -8 -1 -7 -2 0 0 0 0 0 0 0 0 0 0 ]
CSI_DATA,AP,10:B4:1D:CC:60:E0,-28,11,1,7,1,1,1,1,0,0,1,-93,0,6,2,11310288,0,68,0,0,11.0197,384,[0 0 0 0 0 0 0 0 0 0 0 0 -10 -5 -10 -5 -10 -5 -11 -5 -10 -5 -10 -4 -10 -4 -10 -4 -10 -4 -10 -3 -10 -3 -10 -3 -10 -3 -10 -2 -10 -2 -11 -2 -10 -1 -10 -1 -11 -1 -11 -1 -11 -1 -11 -1 -11 0 -11 -1 -11 0 -11 0 0 0 -12 0 -12 0 -12 0 -12 0 -12 -1 -12 -1 -12 -1 -11 -1 -11 -1 -11 -2 -11 -2 -11 -2 -11 -2 -10 -2 -10 -3 -10 -3 -10 -3 -9 -3 -9 -3 -9 -3 -8 -4 -8 -4 -8 -4 -8 -4 -7 -4 -7 -5 0 0 0 0 0 0 0 0 0 0 ]
CSI_DATA,AP,10:B4:1D:CC:60:E0,-28,11,1,7,1,1,1,1,0,0,1,-93,0,6,2,11400283,0,68,0,0,11.1097,384,[0 0 0 0 0 0 0 0 0 0 0 0 9 -5 9 -6 9 -5 9 -5 8 -5 8 -6 8 -6 8 -6 8 -6 8 -6 8 -6 7 -6 7 -6 7 -7 7 -7 7 -7 6 -7 6 -7 6 -8 6 -8 6 -8 6 -8 6 -8 6 -9 6 -8 6 -8 0 0 6 -9 6 -9 6 -9 6 -9 7 -9 7 -9 7 -8 7 -8 7 -8 8 -8 7 -7 7 -7 7 -7 7 -6 7 -6 7 -6 7 -6 7 -5 7 -5 7 -4 7 -4 7 -4 7 -4 7 -3 7 -3 7 -2 0 0 0 0 0 0 0 0 0 0 ]
CSI_DATA,AP,10:B4:1D:CC:60:E0,-29,11,1,7,1,1,1,1,0,0,1,-93,0,6,2,11490352,0,68,0,0,11.1998,384,[0 0 0 0 0 0 0 0 0 0 0 0 11 -1 10 -1 10 -2 10 -1 10 -2 10 -2 10 -2 10 -3 9 -3 10 -3 9 -3 9 -3 9 -3 9 -4 9 -4 9 -4 9 -4 9 -5 9 -5 9 -5 8 -5 8 -5 9 -6 9 -6 9 -6 9 -6 0 0 9 -6 9 -6 9 -6 9 -6 9 -6 9 -6 9 -6 9 -5 9 -5 10 -5 9 -5 9 -4 9 -4 9 -4 9 -3 8 -3 9 -3 8 -3 8 -3 8 -2 8 -2 8 -1 8 -1 7 -1 8 0 7 0 0 0 0 0 0 0 0 0 0 0 ]
CSI_DATA,AP,10:B4:1D:CC:60:E0,-29,11,1,7,1,1,1,1,0,0,1,-93,0,6,2,11580339,0,68,0,0,11.2897,384,[0 0 0 0 0 0 0 0 0 0 0 0 -10 4 -10 4 -10 5 -10 4 -10 4 -10 5 -9 4 -9 5 -9 5 -9 5 -9 5 -8 6 -8 6 -8 6 -8 6 -8 6 -8 6 -7 7 -7 7 -7 7 -7 7 -8 7 -7 7 -7 8 -7 8 -7 8 0 0 -8 8 -7 8 -8 8 -8 8 -8 8 -8 8 -8 7 -8 7 -9 7 -8 7 -9 6 -8 6 -8 6 -8 6 -8 5 -8 5 -8 5 -8 4 -8 4 -8 3 -8 3 -8 3 -8 3 -8 2 -8 2 -8 1 0 0 0 0 0 0 0 0 0 0 ]
CSI_DATA,AP,10:B4:1D:CC:60:E0,-28,11,1,7,1,1,1,1,0,0,1,-93,0,6,2,11670194,0,68,0,0,11.3796,384,[0 0 0 0 0 0 0 0 0 0 0 0 -9 7 -8 7 -8 7 -8 7 -8 7 -8 7 -7 7 -7 7 -7 7 -7 8 -7 8 -6 8 -6 8 -5 8 -6 8 -6 8 -5 8 -5 9 -5 8 -5 9 -5 9 -4 9 -5 9 -4 9 -4 9 -4 9 0 0 -5 10 -4 10 -5 10 -5 10 -5 10 -5 10 -5 10 -5 10 -6 9 -6 9 -6 9 -6 8 -6 8 -6 8 -6 7 -6 7 -6 7 -6 6 -6 6 -7 6 -7 6 -6 5 -7 5 -6 4 -7 4 -7 3 0 0 0 0 0 0 0 0 0 0 ]
CSI_DATA,AP,10:B4:1D:CC:60:E0,-29,11,1,7,1,1,1,1,0,0,1,-93,0,6,2,11760290,0,68,0,0,11.4697,384,[0 0 0 0 0 0 0 0 0 0 0 0 1 10 2 10 2 10 2 10 2 10 2 10 2 10 2 9 2 9 3 9 3 9 3 9 3 9 4 8 4 8 4 8 4 8 4 8 5 8 5 8 5 8 5 9 5 8 6 8 6 8 6 8 0 0 5 9 6 9 5 9 6 9 5 9 5 9 5 10 5 10 4 9 4 9 4 9 4 9 3 9 3 9 3 9 2 8 2 9 2 8 1 8 1 8 1 8 0 8 0 8 0 7 0 7 -1 7 0 0 0 0 0 0 0 0 0 0 ]
CSI_DATA,AP,10:B4:1D:CC:60:E0,-28,11,1,7,1,1,1,1,0,0,1,-93,0,6,2,11850143,0,68,0,0,11.5595,384,[0 0 0 0 0 0 0 0 0 0 0 0 10 3 10 2 10 2 10 2 10 2 10 2 10 2 10 1 10 1 10 1 10 1 9 1 10 0 10 0 10 0 10 -1 9 -1 10 -1 10 -1 10 -2 10 -2 10 -2 10 -2 10 -2 10 -2 10 -3 0 0 10 -2 11 -2 10 -2 11 -2 11 -2 11 -2 11 -2 11 -1 10 -1 10 -1 10 0 10 0 10 0 9 0 9 0 9 1 9 1 8 1 8 1 8 1 8 2 7 2 7 2 7 3 7 3 6 3 0 0 0 0 0 0 0 0 0 0 ]
CSI_DATA,AP,10:B4:1D:CC:60:E0,-29,11,1,7,1,1,1,1,0,0,1,-93,0,6,2,11940315,0,68,0,0,11.6497,384,[0 0 0 0 0 0 0 0 0 0 0 0 -11 -2 -11 -1 -11 -1 -11 -1 -11 -1 -11 -1 -11 -1 -11 -1 -10 -1 -10 0 -10 0 -10 0 -10 0 -10 1 -10 1 -10 1 -10 1 -10 2 -10 2 -10 2 -10 2 -10 2 -10 2 -10 3 -10 3 -10 3 0 0 -11 2 -10 2 -11 2 -11 2 -11 2 -11 2 -11 2 -11 1 -11 1 -10 1 -10 1 -10 1 -10 0 -10 0 -10 0 -9 0 -9 -1 -9 -1 -9 -1 -8 -1 -8 -2 -8 -2 -8 -2 -8 -2 -7 -2 -7 -3 0 0 0 0 0 0 0 0 0 0 ]
CSI_DATA,AP,10:B4:1D:CC:60:E0,-28,11,1,7,1,1,1,1,0,0,1,-93,0,6,2,12030272,0,68,0,0,11.7397,384,[0 0 0 0 0 0 0 0 0 0 0 0 9 -6 9 -6 8 -6 8 -6 8 -6 8 -7 8 -6 8 -7 8 -7 7 -7 7 -7 7 -7 7 -7 7 -7 6 -8 6 -8 6 -8 6 -8 6 -8 6 -8 5 -8 5 -9 5 -9 5 -9 6 -9 6 -9 0 0 6 -9 6 -9 6 -10 6 -9 6 -9 6 -9 6 -9 6 -9 7 -9 6 -8 7 -8 7 -8 7 -8 7 -7 7 -7 7 -7 7 -6 7 -6 7 -6 6 -5 7 -5 7 -5 6 -4 7 -4 7 -3 7 -3 0 0 0 0 0 0 0 0 0 0 ]
CSI_DATA,AP,10:B4:1D:CC:60:E0,-28,11,1,7,1,1,1,1,0,0,1,-93,0,6,2,12120917,0,68,0,0,11.8303,384,[0 0 0 0 0 0 0 0 0 0 0 0 3 10 3 10 3 10 3 9 3 9 4 9 3 9 4 9 4 8 4 8 4 8 4 8 5 8 5 8 5 8 5 7 5 8 6 7 6 7 6 8 6 7 6 7 7 7 7 7 7 7 7 7 0 0 7 7 7 7 7 8 7 7 7 8 7 8 7 8 6 8 6 8 6 8 6 8 6 8 5 8 5 8 4 8 4 8 4 8 4 7 3 7 3 7 3 7 2 7 2 7 2 7 1 7 1 7 0 0 0 0 0 0 0 0 0 0 ]
CSI_DATA,AP,10:B4:1D:CC:60:E0,-28,11,1,7,1,1,1,1,0,0,1,-93,0,6,2,12210245,0,68,0,0,11.9196,384,[0 0 0 0 0 0 0 0 0 0 0 0 5 9 5 9 6 9 5 8 5 8 5 8 5 8 6 8 6 7 6 8 6 7 6 7 7 7 7 7 7 6 7 6 7 6 7 6 7 6 8 6 8 6 8 6 8 6 8 5 8 5 8 5 0 0 8 6 9 6 9 6 9 6 9 6 8 6 8 7 8 7 8 6 8 7 7 6 7 7 6 7 6 7 6 7 6 7 5 7 5 6 5 7 4 7 4 7 4 7 4 7 3 7 3 7 2 7 0 0 0 0 0 0 0 0 0 0 ]
CSI_DATA,AP,10:B4:1D:CC:60:E0,-28,11,1,7,1,1,1,1,0,0,1,-93,0,6,2,12300465,0,68,0,0,12.0099,384,[0 0 0 0 0 0 0 0 0 0 0 0 -8 8 -7 8 -7 8 -7 8 -7 8 -7 8 -6 8 -6 8 -6 8 -5 8 -5 8 -5 8 -5 9 -5 9 -4 9 -4 9 -4 9 -4 9 -3 9 -3 9 -3 9 -3 9 -3 10 -2 10 -2 10 -3 10 0 0 -3 10 -2 11 -3 10 -3 10 -3 10 -3 10 -3 10 -3 10 -4 10 -4 10 -4 9 -4 9 -4 9 -4 9 -5 8 -5 8 -5 8 -5 8 -5 7 -5 7 -5 7 -5 6 -5 6 -5 6 -6 5 -6 5 0 0 0 0 0 0 0 0 0 0 ]
CSI_DATA,AP,10:B4:1D:CC:60:E0,-28,11,1,7,1,1,1,1,0,0,1,-93,0,6,2,12390412,0,68,0,0,12.0998,384,[0 0 0 0 0 0 0 0 0 0 0 0 0 -11 0 -11 0 -11 0 -11 0 -11 0 -11 -1 -11 0 -10 -1 -10 -1 -11 -1 -10 -2 -10 -2 -10 -2 -10 -2 -10 -3 -10 -3 -10 -3 -10 -3 -10 -3 -10 -3 -10 -4 -10 -4 -10 -4 -10 -4 -10 -4 -10 0 0 -4 -10 -4 -11 -4 -10 -4 -11 -4 -11 -4 -11 -4 -11 -3 -11 -3 -10 -3 -11 -2 -10 -2 -10 -2 -10 -2 -10 -2 -10 -1 -9 -1 -9 -1 -9 -1 -9 0 -8 0 -8 0 -8 0 -8 0 -8 1 -7 1 -7 0 0 0 0 0 0 0 0 0 0 ]
CSI_DATA,AP,10:B4:1D:CC:60:E0,-28,11,1,7,1,1,1,1,0,0,1,-93,0,6,2,12480109,0,68,0,0,12.1895,384,[0 0 0 0 0 0 0 0 0 0 0 0 4 9 5 9 5 9 5 9 5 8 5 8 5 8 5 8 5 8 5 7 5 7 5 7 6 7 6 7 6 7 6 6 6 7 6 6 7 6 7 7 7 6 7 6 7 6 8 6 8 6 8 6 0 0 8 6 8 6 8 7 8 6 8 7 8 7 8 7 7 7 7 7 7 7 7 7 7 7 6 7 6 7 5 7 5 7 5 7 5 7 4 7 4 7 3 7 3 7 3 7 2 6 2 7 2 7 0 0 0 0 0 0 0 0 0 0 ]
CSI_DATA,AP,10:B4:1D:CC:60:E0,-28,11,1,7,1,1,1,1,0,0,1,-93,0,6,2,12570263,0,68,0,0,12.2797,384,[0 0 0 0 0 0 0 0 0 0 0 0 -11 -4 -12 -4 -11 -4 -11 -4 -11 -3 -11 -3 -11 -3 -11 -3 -11 -3 -11 -2 -11 -2 -11 -2 -11 -2 -11 -1 -11 -1 -11 -1 -11 0 -11 0 -11 0 -11 0 -11 0 -11 0 -11 0 -11 1 -11 1 -11 1 0 0 -12 1 -12 1 -12 1 -12 1 -12 0 -12 0 -12 0 -12 0 -12 -1 -11 -1 -11 -1 -11 -2 -11 -1 -10 -2 -10 -2 -10 -2 -10 -2 -9 -2 -9 -2 -9 -3 -9 -3 -8 -3 -8 -3 -8 -4 -7 -4 -7 -4 0 0 0 0 0 0 0 0 0 0 ]
CSI_DATA,AP,10:B4:1D:CC:60:E0,-28,11,1,7,1,1,1,1,0,0,1,-93,0,6,2,12662595,0,68,0,0,12.372,384,[0 0 0 0 0 0 0 0 0 0 0 0 -12 -3 -11 -2 -12 -3 -11 -2 -11 -2 -11 -2 -11 -2 -11 -2 -11 -1 -11 -1 -11 -1 -11 -1 -11 -1 -11 0 -11 0 -11 0 -10 1 -11 1 -11 1 -11 1 -11 1 -11 2 -11 2 -11 2 -11 2 -11 2 0 0 -11 2 -11 2 -11 2 -11 2 -12 2 -11 1 -12 2 -12 1 -11 1 -11 1 -11 0 -11 0 -10 0 -10 0 -10 0 -10 -1 -10 -1 -9 -1 -9 -1 -9 -2 -8 -2 -8 -2 -8 -3 -8 -3 -8 -3 -7 -3 0 0 0 0 0 0 0 0 0 0 ]
CSI_DATA,AP,10:B4:1D:CC:60:E0,-28,11,1,7,1,1,1,1,0,0,1,-93,0,6,2,12750245,0,68,0,0,12.4596,384,[0 0 0 0 0 0 0 0 0 0 0 0 -10 -5 -10 -5 -11 -5 -10 -5 -10 -5 -10 -5 -10 -4 -10 -5 -10 -4 -10 -4 -10 -3 -10 -3 -10 -3 -10 -3 -10 -3 -10 -2 -10 -2 -10 -2 -10 -2 -11 -1 -11 -1 -11 -1 -11 -1 -11 -1 -11 -1 -11 -1 0 0 -11 -1 -11 -1 -11 -1 -12 -1 -11 -1 -11 -2 -11 -2 -11 -2 -11 -2 -11 -2 -11 -2 -10 -3 -10 -3 -10 -3 -10 -3 -9 -3 -9 -3 -9 -3 -8 -3 -8 -4 -8 -4 -8 -4 -7 -4 -7 -4 -7 -4 -6 -5 0 0 0 0 0 0 0 0 0 0 ]
CSI_DATA,AP,10:B4:1D:CC:60:E0,-28,11,1,7,1,1,1,1,0,0,1,-93,0,6,2,12840276,0,68,0,0,12.5497,384,[0 0 0 0 0 0 0 0 0 0 0 0 -9 7 -9 7 -9 7 -9 6 -8 7 -9 7 -8 7 -8 7 -8 7 -7 7 -7 7 -7 7 -7 7 -6 8 -6 8 -6 8 -6 8 -6 8 -6 8 -6 8 -6 8 -6 8 -5 8 -5 9 -5 9 -5 9 0 0 -6 9 -6 9 -5 9 -6 9 -6 9 -6 9 -6 9 -7 8 -7 8 -6 8 -6 8 -6 8 -6 7 -7 7 -7 6 -7 6 -7 6 -7 5 -7 5 -7 5 -7 4 -7 4 -7 4 -7 4 -7 3 -7 2 0 0 0 0 0 0 0 0 0 0 ]
CSI_DATA,AP,10:B4:1D:CC:60:E0,-28,11,1,7,1,1,1,1,0,0,1,-93,0,6,2,12930248,0,68,0,0,12.6396,384,[0 0 0 0 0 0 0 0 0 0 0 0 -11 -5 -10 -5 -10 -5 -10 -4 -10 -4 -10 -4 -10 -4 -10 -3 -10 -4 -10 -3 -10 -3 -10 -3 -10 -3 -10 -2 -10 -2 -10 -2 -10 -2 -10 -1 -11 -1 -10 -1 -10 -1 -11 -1 -10 -1 -11 0 -11 0 -11 0 0 0 -11 0 -11 0 -11 -1 -11 0 -11 -1 -11 -1 -11 -1 -11 -1 -11 -1 -10 -2 -10 -2 -10 -2 -10 -2 -10 -2 -10 -2 -9 -2 -9 -3 -9 -3 -8 -3 -8 -3 -8 -3 -8 -3 -7 -4 -7 -4 -7 -4 -6 -4 0 0 0 0 0 0 0 0 0 0 ]
CSI_DATA,AP,10:B4:1D:CC:60:E0,-28,11,1,7,1,1,1,1,0,0,1,-93,0,6,2,13020253,0,68,0,0,12.7296,384,[0 0 0 0 0 0 0 0 0 0 0 0 -3 -12 -3 -11 -3 -11 -3 -11 -3 -11 -3 -11 -3 -11 -3 -10 -4 -10 -4 -10 -4 -10 -4 -10 -4 -10 -5 -9 -5 -10 -5 -9 -5 -9 -6 -9 -5 -9 -6 -9 -6 -9 -6 -9 -6 -9 -6 -9 -7 -9 -7 -9 0 0 -7 -9 -7 -9 -7 -9 -7 -9 -6 -10 -6 -10 -6 -10 -6 -10 -5 -10 -5 -10 -5 -10 -5 -10 -4 -9 -4 -9 -4 -9 -3 -9 -3 -9 -3 -8 -2 -9 -2 -8 -2 -8 -2 -8 -1 -8 -1 -8 -1 -8 0 -7 0 0 0 0 0 0 0 0 0 0 ]
CSI_DATA,AP,10:B4:1D:CC:60:E0,-28,11,1,7,1,1,1,1,0,0,1,-93,0,6,2,13111187,0,68,0,0,12.8206,384,[0 0 0 0 0 0 0 0 0 0 0 0 10 -5 9 -5 9 -5 9 -5 9 -5 9 -5 8 -5 8 -6 8 -6 8 -6 8 -6 8 -6 7 -6 7 -7 7 -7 7 -7 7 -7 7 -7 6 -8 6 -8 6 -7 6 -8 6 -8 6 -8 6 -8 6 -8 0 0 7 -9 6 -9 6 -9 7 -9 7 -8 7 -9 7 -8 7 -8 7 -8 7 -8 7 -7 7 -7 7 -7 7 -6 7 -6 7 -5 7 -5 7 -5 7 -5 7 -4 7 -4 7 -4 7 -4 7 -3 7 -3 6 -2 0 0 0 0 0 0 0 0 0 0 ]
CSI_DATA,AP,10:B4:1D:CC:60:E0,-28,11,1,7,1,1,1,1,0,0,1,-93,0,6,2,13200239,0,68,0,0,12.9096,384,[0 0 0 0 0 0 0 0 0 0 0 0 9 4 10 4 10 4 9 4 9 3 9 3 9 3 9 3 9 3 9 2 9 2 9 2 9 2 9 1 9 1 9 1 9 1 9 1 9 0 10 0 10 0 9 0 10 0 10 0 10 0 10 0 0 0 10 0 10 0 10 0 10 0 10 0 10 1 10 1 10 1 10 1 10 1 10 1 10 1 9 2 9 2 9 2 8 2 8 2 8 2 8 3 7 3 7 3 7 3 6 3 6 3 6 4 5 4 0 0 0 0 0 0 0 0 0 0 ]
CSI_DATA,AP,10:B4:1D:CC:60:E0,-28,11,1,7,1,1,1,1,0,0,1,-93,0,6,2,13290199,0,68,0,0,12.9996,384,[0 0 0 0 0 0 0 0 0 0 0 0 -4 10 -4 10 -4 10 -3 10 -3 10 -3 10 -3 9 -3 9 -3 9 -2 9 -2 9 -2 9 -1 9 -1 9 -1 9 -1 9 -1 9 -1 9 0 9 0 9 0 9 0 10 0 10 1 9 1 10 1 10 0 0 0 10 0 10 0 10 0 10 0 10 0 10 0 10 -1 10 -1 10 -1 9 -1 10 -1 10 -1 9 -2 9 -2 9 -2 8 -2 8 -2 8 -3 8 -3 7 -3 7 -3 7 -3 7 -3 6 -4 6 -4 6 0 0 0 0 0 0 0 0 0 0 ]
CSI_DATA,AP,10:B4:1D:CC:60:E0,-28,11,1,7,1,1,1,1,0,0,1,-93,0,6,2,13380204,0,68,0,0,13.0896,384,[0 0 0 0 0 0 0 0 0 0 0 0 -7 9 -7 8 -6 9 -6 9 -6 9 -6 9 -6 9 -5 9 -5 9 -5 9 -5 9 -5 9 -4 9 -4 9 -3 9 -3 9 -3 9 -3 9 -2 9 -2 9 -2 9 -2 10 -2 10 -2 10 -2 10 -2 10 0 0 -2 10 -2 10 -2 10 -2 10 -2 10 -2 10 -3 10 -3 10 -3 10 -3 10 -3 10 -3 9 -3 9 -4 9 -4 9 -4 8 -4 8 -4 8 -4 7 -4 7 -5 7 -5 7 -5 6 -5 6 -5 6 -5 5 0 0 0 0 0 0 0 0 0 0 ]
CSI_DATA,AP,10:B4:1D:CC:60:E0,-28,11,1,7,1,1,1,1,0,0,1,-93,0,6,2,13470402,0,68,0,0,13.1798,384,[0 0 0 0 0 0 0 0 0 0 0 0 -12 -1 -12 0 -12 0 -11 0 -11 0 -11 0 -11 0 -11 0 -11 1 -11 1 -11 1 -10 1 -10 2 -10 2 -10 2 -10 2 -10 3 -10 3 -10 3 -10 3 -10 3 -10 4 -10 4 -10 4 -10 4 -10 4 0 0 -10 4 -10 4 -10 4 -11 4 -11 4 -11 4 -11 3 -11 3 -11 3 -10 3 -11 3 -10 2 -10 2 -10 2 -10 2 -10 1 -10 1 -9 1 -9 0 -9 0 -9 0 -8 0 -8 -1 -8 -1 -8 -1 -8 -2 0 0 0 0 0 0 0 0 0 0 ]
CSI_DATA,AP,10:B4:1D:CC:60:E0,-27,11,1,7,1,1,1,1,0,0,1,-93,0,6,2,13560244,0,68,0,0,13.2696,384,[0 0 0 0 0 0 0 0 0 0 0 0 8 6 8 6 8 6 8 6 8 6 8 6 8 5 8 5 8 5 9 5 8 4 9 4 9 4 9 4 9 3 9 3 9 3 9 2 9 2 9 2 9 2 10 2 10 2 10 2 10 2 10 1 0 0 10 2 10 2 10 2 10 2 10 2 10 2 10 2 10 2 10 3 10 3 9 3 9 3 9 3 8 3 8 3 8 3 8 4 8 4 7 4 6 3 7 4 6 4 6 4 5 4 5 5 5 5 0 0 0 0 0 0 0 0 0 0 ]
CSI_DATA,AP,10:B4:1D:CC:60:E0,-27,11,1,7,1,1,1,1,0,0,1,-93,0,6,2,13652585,0,68,0,0,13.362,384,[0 0 0 0 0 0 0 0 0 0 0 0 10 -4 10 -4 10 -4 10 -4 9 -4 9 -4 9 -5 9 -4 9 -5 9 -5 9 -5 9 -5 8 -5 8 -5 8 -6 8 -6 8 -6 8 -6 8 -7 7 -7 7 -7 7 -7 7 -7 7 -7 7 -7 7 -7 0 0 8 -7 8 -8 8 -7 8 -8 8 -7 8 -7 8 -7 8 -7 8 -7 9 -6 8 -6 8 -5 8 -5 8 -5 8 -5 8 -4 8 -4 8 -4 7 -3 7 -3 7 -3 7 -3 7 -2 7 -2 7 -1 7 -1 0 0 0 0 0 0 0 0 0 0 ]
CSI_DATA,AP,10:B4:1D:CC:60:E0,-27,11,1,7,1,1,1,1,0,0,1,-93,0,6,2,13740326,0,68,0,0,13.4497,384,[0 0 0 0 0 0 0 0 0 0 0 0 -9 8 -8 7 -8 7 -8 7 -8 7 -7 7 -7 7 -7 7 -7 7 -6 8 -7 8 -6 7 -6 8 -6 8 -5 8 -5 8 -5 8 -5 8 -5 9 -5 9 -4 9 -4 9 -4 9 -4 9 -4 9 -4 9 0 0 -5 9 -5 10 -5 9 -5 10 -5 9 -5 10 -5 9 -5 9 -6 9 -6 9 -6 9 -6 8 -6 8 -6 7 -6 7 -6 7 -6 6 -6 6 -6 6 -6 5 -6 5 -6 5 -6 5 -6 4 -7 4 -6 3 0 0 0 0 0 0 0 0 0 0 ]
CSI_DATA,AP,10:B4:1D:CC:60:E0,-28,11,1,7,1,1,1,1,0,0,1,-93,0,6,2,13830238,0,68,0,0,13.5396,384,[0 0 0 0 0 0 0 0 0 0 0 0 -11 2 -11 2 -11 3 -11 3 -11 3 -10 3 -10 3 -10 3 -10 3 -10 3 -9 4 -9 4 -9 4 -9 4 -9 4 -9 5 -9 5 -9 5 -8 5 -8 5 -8 5 -8 6 -8 6 -8 6 -8 6 -8 6 0 0 -8 6 -8 7 -8 6 -9 6 -9 6 -9 6 -9 6 -9 6 -9 5 -9 5 -9 5 -9 5 -9 4 -9 4 -9 4 -9 3 -9 3 -8 3 -8 2 -8 2 -8 2 -8 2 -8 2 -8 1 -7 1 -7 0 0 0 0 0 0 0 0 0 0 0 ]
CSI_DATA,AP,10:B4:1D:CC:60:E0,-28,11,1,7,1,1,1,1,0,0,1,-93,0,6,2,13920195,0,68,0,0,13.6296,384,[0 0 0 0 0 0 0 0 0 0 0 0 7 8 7 8 7 8 7 8 7 8 7 7 7 7 7 7 7 6 7 6 7 6 7 6 8 6 8 5 8 5 8 5 8 5 8 4 8 5 8 5 8 4 9 4 9 4 9 4 9 4 9 4 0 0 9 4 10 4 9 4 9 5 9 5 9 5 9 5 9 5 8 5 8 5 8 5 8 6 7 6 7 6 7 5 7 6 6 6 6 6 5 6 5 6 5 6 4 6 4 6 4 6 3 6 3 6 0 0 0 0 0 0 0 0 0 0 ]
CSI_DATA,AP,10:B4:1D:CC:60:E0,-28,11,1,7,1,1,1,1,0,0,1,-93,0,6,2,14010312,0,68,0,0,13.7197,384,[0 0 0 0 0 0 0 0 0 0 0 0 8 6 8 6 8 6 8 6 8 6 8 6 8 6 8 5 8 5 8 5 8 4 8 4 8 4 8 4 9 4 9 3 9 3 9 3 9 3 9 3 9 3 9 3 9 2 10 2 9 2 10 2 0 0 10 3 10 3 10 3 10 3 10 3 10 3 10 4 9 4 9 4 9 4 9 4 9 4 8 4 8 4 8 5 7 5 7 5 7 5 6 5 6 5 6 5 5 5 5 5 5 5 4 5 4 5 0 0 0 0 0 0 0 0 0 0 ]
CSI_DATA,AP,10:B4:1D:CC:60:E0,-27,11,1,7,1,1,1,1,0,0,1,-93,0,6,2,14100295,0,68,0,0,13.8097,384,[0 0 0 0 0 0 0 0 0 0 0 0 -10 -7 -10 -7 -10 -7 -10 -6 -10 -7 -10 -6 -9 -6 -10 -6 -10 -6 -10 -5 -10 -5 -10 -5 -10 -5 -10 -4 -10 -4 -10 -4 -10 -4 -10 -3 -10 -3 -11 -3 -11 -3 -11 -3 -11 -2 -11 -2 -11 -2 -11 -2 0 0 -11 -2 -11 -3 -12 -2 -11 -3 -11 -3 -12 -3 -11 -3 -11 -4 -11 -4 -11 -4 -11 -4 -10 -4 -10 -4 -10 -4 -10 -4 -9 -5 -9 -5 -9 -5 -8 -5 -8 -5 -8 -5 -7 -5 -7 -5 -7 -5 -6 -6 -6 -6 0 0 0 0 0 0 0 0 0 0 ]
CSI_DATA,AP,10:B4:1D:CC:60:E0,-27,11,1,7,1,1,1,1,0,0,1,-93,0,6,2,14190291,0,68,0,0,13.8997,384,[0 0 0 0 0 0 0 0 0 0 0 0 8 7 8 7 8 7 8 7 8 7 8 6 8 6 7 6 8 6 8 6 8 5 8 5 8 5 8 5 8 4 9 4 8 4 9 4 9 4 9 4 9 4 9 3 9 3 10 3 10 3 10 3 0 0 10 3 10 3 10 3 10 3 10 4 10 4 10 4 9 4 9 4 9 5 9 4 9 5 8 4 8 5 8 5 7 4 7 5 6 5 6 5 6 5 6 5 5 6 5 5 4 5 4 5 4 5 0 0 0 0 0 0 0 0 0 0 ]
CSI_DATA,AP,10:B4:1D:CC:60:E0,-28,11,1,7,1,1,1,1,0,0,1,-93,0,6,2,14280213,0,68,0,0,13.9896,384,[0 0 0 0 0 0 0 0 0 0 0 0 11 0 10 0 10 0 10 0 11 0 10 -1 10 -1 10 -1 10 -1 10 -2 10 -2 10 -2 10 -2 9 -3 9 -3 9 -3 9 -3 9 -4 9 -4 9 -4 9 -4 9 -4 9 -4 9 -5 9 -5 10 -5 0 0 10 -5 10 -5 9 -5 10 -5 10 -5 10 -5 10 -4 10 -4 10 -4 10 -4 10 -3 9 -3 9 -3 9 -3 9 -2 9 -2 9 -2 8 -2 8 -2 8 -1 8 -1 8 0 7 0 7 0 7 0 6 1 0 0 0 0 0 0 0 0 0 0 ]
CSI_DATA,AP,10:B4:1D:CC:60:E0,-28,11,1,7,1,1,1,1,0,0,1,-93,0,6,2,14370247,0,68,0,0,14.0796,384,[0 0 0 0 0 0 0 0 0 0 0 0 -10 5 -9 5 -9 5 -9 5 -9 5 -9 5 -9 5 -9 5 -9 5 -8 5 -8 6 -8 6 -7 6 -7 6 -7 6 -7 6 -7 7 -7 7 -7 7 -6 7 -6 7 -7 7 -6 8 -6 8 -6 8 -6 8 0 0 -7 8 -7 8 -6 8 -7 8 -7 8 -7 8 -7 8 -7 7 -7 7 -7 7 -7 7 -7 7 -7 6 -8 6 -7 6 -8 5 -7 5 -7 5 -7 4 -7 4 -7 4 -7 3 -7 3 -7 3 -7 3 -7 2 0 0 0 0 0 0 0 0 0 0 ]
CSI_DATA,AP,10:B4:1D:CC:60:E0,-28,11,1,7,1,1,1,1,0,0,1,-93,0,6,2,14460262,0,68,0,0,14.1697,384,[0 0 0 0 0 0 0 0 0 0 0 0 10 -5 9 -5 9 -6 9 -5 9 -5 9 -5 9 -6 9 -6 8 -6 8 -6 8 -6 8 -6 7 -7 7 -7 7 -7 7 -7 7 -7 7 -7 7 -8 6 -8 6 -8 6 -8 6 -8 6 -9 6 -9 6 -9 0 0 7 -9 7 -9 7 -9 7 -9 7 -9 7 -9 8 -8 8 -8 8 -8 8 -8 8 -7 8 -7 8 -7 7 -6 8 -6 7 -6 7 -5 7 -5 7 -5 7 -4 7 -4 7 -4 7 -4 7 -3 7 -3 7 -2 0 0 0 0 0 0 0 0 0 0 ]
CSI_DATA,AP,10:B4:1D:CC:60:E0,-28,11,1,7,1,1,1,1,0,0,1,-93,0,6,2,14550493,0,68,0,0,14.2599,384,[0 0 0 0 0 0 0 0 0 0 0 0 -10 -6 -10 -6 -10 -6 -10 -6 -10 -5 -10 -5 -10 -5 -10 -5 -10 -5 -10 -4 -10 -4 -10 -4 -10 -4 -10 -3 -10 -4 -10 -3 -10 -3 -10 -2 -11 -3 -10 -3 -10 -2 -11 -2 -11 -2 -11 -2 -11 -2 -11 -2 0 0 -11 -2 -11 -2 -11 -2 -11 -2 -11 -2 -12 -3 -11 -3 -11 -3 -11 -3 -10 -3 -10 -3 -10 -4 -10 -4 -10 -4 -9 -4 -9 -4 -9 -4 -8 -5 -8 -5 -8 -5 -7 -5 -7 -5 -7 -5 -6 -5 -6 -5 -6 -6 0 0 0 0 0 0 0 0 0 0 ]
CSI_DATA,AP,10:B4:1D:CC:60:E0,-28,11,1,7,1,1,1,1,0,0,1,-93,0,6,2,14640119,0,68,0,0,14.3495,384,[0 0 0 0 0 0 0 0 0 0 0 0 2 -11 2 -11 1 -11 1 -11 1 -11 1 -11 1 -11 1 -11 0 -11 0 -11 0 -11 0 -10 -1 -10 -1 -10 -1 -11 -2 -10 -1 -10 -2 -10 -2 -11 -2 -10 -3 -11 -3 -11 -3 -11 -3 -11 -3 -11 -3 -11 0 0 -3 -11 -3 -11 -3 -11 -3 -11 -3 -11 -3 -12 -2 -12 -2 -11 -2 -11 -1 -11 -1 -11 -1 -11 -1 -11 0 -10 0 -10 0 -10 0 -10 0 -9 1 -9 1 -9 1 -9 1 -8 2 -8 2 -8 2 -7 3 -7 0 0 0 0 0 0 0 0 0 0 ]
CSI_DATA,AP,10:B4:1D:CC:60:E0,-29,11,1,7,1,1,1,1,0,0,1,-93,0,6,2,14730319,0,68,0,0,14.4397,384,[0 0 0 0 0 0 0 0 0 0 0 0 -7 7 -7 8 -7 8 -7 8 -7 8 -7 8 -6 8 -6 8 -6 8 -6 8 -6 8 -5 8 -5 8 -5 8 -5 8 -4 8 -4 8 -4 8 -4 9 -4 9 -3 9 -3 9 -3 9 -3 9 -3 9 -3 9 0 0 -3 9 -3 10 -3 10 -4 10 -4 10 -4 10 -4 9 -4 9 -5 9 -5 9 -5 8 -5 8 -5 8 -5 8 -5 7 -5 7 -5 7 -5 6 -5 6 -5 6 -5 5 -5 5 -6 5 -6 4 -6 4 -6 3 0 0 0 0 0 0 0 0 0 0 ]
CSI_DATA,AP,10:B4:1D:CC:60:E0,-28,11,1,7,1,1,1,1,0,0,1,-93,0,6,2,14820208,0,68,0,0,14.5296,384,[0 0 0 0 0 0 0 0 0 0 0 0 4 9 4 9 5 9 5 9 4 9 5 8 5 8 5 8 5 8 5 8 6 7 5 7 6 7 6 7 6 7 6 6 6 6 6 6 7 6 7 6 7 6 7 6 8 6 8 6 8 6 8 6 0 0 8 6 8 6 8 6 8 6 8 6 8 7 8 7 7 7 7 7 7 7 7 6 6 7 6 7 6 7 6 7 5 7 5 7 5 6 5 7 4 6 4 7 3 7 3 7 3 6 2 6 2 6 0 0 0 0 0 0 0 0 0 0 ]
CSI_DATA,AP,10:B4:1D:CC:60:E0,-28,11,1,7,1,1,1,1,0,0,1,-93,0,6,2,14910262,0,68,0,0,14.6197,384,[0 0 0 0 0 0 0 0 0 0 0 0 3 10 3 10 3 10 3 10 3 10 3 9 3 9 3 9 3 9 4 8 4 8 4 8 5 8 5 8 5 8 5 8 5 7 5 7 6 8 6 7 6 7 6 7 7 7 7 7 7 7 7 7 0 0 7 8 7 7 7 8 7 7 7 8 7 8 6 9 6 8 6 8 6 8 6 8 5 8 5 8 5 8 4 8 4 8 4 8 3 8 3 7 3 7 2 7 2 7 2 7 1 7 1 7 0 7 0 0 0 0 0 0 0 0 0 0 ]
CSI_DATA,AP,10:B4:1D:CC:60:E0,-28,11,1,7,1,1,1,1,0,0,1,-93,0,6,2,15000346,0,68,0,0,14.7097,384,[0 0 0 0 0 0 0 0 0 0 0 0 10 -1 10 -1 10 -1 10 -1 10 -2 10 -2 10 -2 10 -2 10 -2 9 -3 9 -3 9 -3 9 -3 9 -4 9 -4 9 -4 9 -4 8 -4 8 -5 9 -5 8 -5 8 -5 8 -5 8 -6 8 -6 9 -6 0 0 9 -6 9 -6 9 -6 9 -6 9 -5 10 -5 9 -5 9 -5 10 -5 9 -4 9 -5 9 -4 9 -4 9 -3 9 -3 9 -3 8 -2 8 -2 8 -2 8 -1 8 -1 8 -1 7 -1 7 -1 7 0 7 1 0 0 0 0 0 0 0 0 0 0 ]
CSI_DATA,AP,10:B4:1D:CC:60:E0,-28,11,1,7,1,1,1,1,0,0,1,-93,0,6,2,15090515,0,68,0,0,14.7999,384,[0 0 0 0 0 0 0 0 0 0 0 0 -11 -1 -12 -1 -11 -1 -11 0 -11 0 -11 0 -11 0 -11 0 -11 0 -10 1 -10 1 -10 1 -10 1 -10 2 -10 2 -10 2 -10 2 -10 2 -10 3 -10 3 -10 3 -10 3 -10 3 -10 4 -10 4 -10 4 0 0 -11 4 -10 4 -10 4 -10 4 -11 4 -11 3 -11 3 -11 3 -11 2 -11 2 -10 2 -10 2 -10 2 -10 2 -10 1 -10 1 -9 0 -9 0 -9 0 -9 0 -9 -1 -9 -1 -8 -1 -8 -2 -8 -2 -8 -2 0 0 0 0 0 0 0 0 0 0 ]
CSI_DATA,AP,10:B4:1D:CC:60:E0,-28,11,1,7,1,1,1,1,0,0,1,-93,0,6,2,15180330,0,68,0,0,14.8897,384,[0 0 0 0 0 0 0 0 0 0 0 0 -8 -8 -9 -8 -9 -8 -9 -8 -9 -7 -9 -7 -8 -7 -9 -7 -9 -7 -9 -6 -9 -6 -9 -6 -9 -5 -9 -5 -10 -5 -10 -5 -10 -5 -10 -4 -10 -4 -10 -4 -10 -4 -10 -4 -10 -4 -11 -3 -11 -3 -11 -3 0 0 -11 -4 -11 -3 -11 -4 -11 -4 -11 -4 -11 -4 -11 -5 -11 -5 -11 -5 -11 -5 -10 -4 -10 -5 -10 -5 -9 -5 -9 -5 -9 -5 -8 -6 -8 -5 -8 -5 -7 -6 -7 -6 -7 -6 -7 -6 -6 -6 -6 -6 -5 -6 0 0 0 0 0 0 0 0 0 0 ]
CSI_DATA,AP,10:B4:1D:CC:60:E0,-28,11,1,7,1,1,1,1,0,0,1,-93,0,6,2,15270247,0,68,0,0,14.9796,384,[0 0 0 0 0 0 0 0 0 0 0 0 -6 9 -6 9 -6 9 -6 9 -6 9 -5 9 -5 9 -5 9 -5 9 -4 9 -4 9 -4 9 -4 9 -3 9 -3 9 -3 9 -3 9 -2 9 -2 10 -2 9 -2 9 -2 10 -2 10 -2 10 -1 10 -1 10 0 0 -2 10 -1 11 -1 11 -2 11 -2 11 -2 11 -2 10 -3 10 -3 10 -3 10 -3 10 -3 10 -3 9 -3 9 -4 9 -4 8 -4 8 -4 8 -4 7 -5 7 -5 7 -5 7 -5 6 -5 6 -5 6 -6 5 0 0 0 0 0 0 0 0 0 0 ]
CSI_DATA,AP,10:B4:1D:CC:60:E0,-28,11,1,7,1,1,1,1,0,0,1,-93,0,6,2,15360316,0,68,0,0,15.0697,384,[0 0 0 0 0 0 0 0 0 0 0 0 -11 1 -11 1 -11 1 -11 1 -11 1 -11 1 -11 1 -11 1 -10 2 -10 2 -10 2 -10 2 -10 3 -10 3 -10 3 -9 3 -10 4 -9 4 -9 4 -9 4 -9 4 -10 4 -9 4 -9 5 -9 5 -9 5 0 0 -10 5 -10 5 -10 5 -10 5 -10 5 -10 4 -10 4 -10 4 -10 3 -10 3 -10 3 -10 3 -10 3 -10 2 -10 2 -10 2 -9 1 -9 1 -9 1 -9 1 -9 0 -8 0 -8 0 -8 -1 -8 -1 -8 -1 0 0 0 0 0 0 0 0 0 0 ]
CSI_DATA,AP,10:B4:1D:CC:60:E0,-28,11,1,7,1,1,1,1,0,0,1,-93,0,6,2,15450147,0,68,0,0,15.1595,384,[0 0 0 0 0 0 0 0 0 0 0 0 -7 -9 -7 -9 -7 -9 -7 -9 -7 -9 -8 -9 -7 -8 -7 -8 -7 -8 -8 -8 -8 -7 -8 -7 -8 -7 -9 -7 -8 -7 -9 -6 -9 -6 -9 -6 -9 -6 -10 -6 -9 -5 -10 -6 -10 -5 -10 -5 -10 -5 -10 -5 0 0 -10 -5 -10 -5 -10 -5 -10 -5 -11 -6 -10 -6 -10 -6 -10 -6 -9 -6 -9 -6 -9 -6 -9 -7 -9 -7 -8 -7 -8 -6 -8 -7 -7 -7 -7 -7 -7 -7 -6 -7 -6 -7 -6 -7 -5 -7 -5 -7 -5 -7 -4 -7 0 0 0 0 0 0 0 0 0 0 ]
CSI_DATA,AP,10:B4:1D:CC:60:E0,-29,11,1,7,1,1,1,1,0,0,1,-93,0,6,2,15540264,0,68,0,0,15.2497,384,[0 0 0 0 0 0 0 0 0 0 0 0 -9 -6 -9 -6 -10 -6 -9 -6 -9 -6 -9 -5 -9 -5 -9 -5 -9 -5 -9 -5 -9 -4 -9 -4 -9 -4 -9 -4 -10 -3 -10 -3 -10 -3 -10 -3 -10 -2 -10 -2 -10 -2 -10 -2 -10 -2 -11 -2 -10 -2 -11 -2 0 0 -11 -2 -11 -2 -11 -2 -11 -2 -11 -2 -11 -2 -11 -3 -10 -3 -10 -3 -10 -3 -10 -3 -10 -3 -9 -4 -9 -4 -9 -3 -8 -3 -8 -4 -8 -4 -8 -4 -7 -4 -7 -4 -7 -4 -6 -4 -6 -5 -6 -5 -5 -5 0 0 0 0 0 0 0 0 0 0 ]
CSI_DATA,AP,10:B4:1D:CC:60:E0,-28,11,1,7,1,1,1,1,0,0,1,-93,0,6,2,15630290,0,68,0,0,15.3397,384,[0 0 0 0 0 0 0 0 0 0 0 0 10 2 11 2 10 2 10 2 10 1 10 1 10 1 10 1 10 0 9 0 9 0 9 -1 9 -1 9 -1 10 -1 9 -2 9 -2 9 -2 10 -2 9 -2 9 -2 10 -3 9 -3 10 -3 9 -3 10 -4 0 0 10 -4 10 -4 10 -3 10 -3 10 -3 10 -3 10 -3 10 -3 10 -2 10 -2 10 -2 10 -2 10 -2 10 -1 9 -1 9 -1 8 0 8 0 8 0 8 0 8 0 8 1 7 1 7 1 7 1 6 2 0 0 0 0 0 0 0 0 0 0 ]
CSI_DATA,AP,10:B4:1D:CC:60:E0,-28,11,1,7,1,1,1,1,0,0,1,-93,0,6,2,15720417,0,68,0,0,15.4298,384,[0 0 0 0 0 0 0 0 0 0 0 0 10 2 10 2 10 2 10 2 10 2 10 2 10 1 10 1 9 1 10 1 10 0 10 0 10 0 9 0 10 0 10 -1 9 -1 10 -2 10 -2 10 -2 10 -2 10 -2 10 -2 10 -3 10 -3 10 -3 0 0 10 -3 10 -3 11 -3 11 -3 11 -3 11 -3 11 -2 11 -2 10 -2 11 -2 10 -1 10 -1 10 -1 10 -1 10 -1 9 0 9 0 9 0 8 1 8 1 8 1 8 1 8 2 7 2 7 2 7 3 0 0 0 0 0 0 0 0 0 0 ]
CSI_DATA,AP,10:B4:1D:CC:60:E0,-28,11,1,7,1,1,1,1,0,0,1,-93,0,6,2,15810247,0,68,0,0,15.5196,384,[0 0 0 0 0 0 0 0 0 0 0 0 -9 6 -9 6 -9 6 -9 6 -8 6 -8 7 -8 6 -8 7 -8 7 -8 7 -7 7 -7 7 -7 7 -7 7 -7 8 -6 8 -6 8 -6 8 -5 8 -5 8 -5 8 -5 8 -5 8 -5 8 -5 9 -5 9 0 0 -5 9 -5 9 -5 9 -6 9 -6 9 -6 9 -6 9 -6 9 -6 9 -7 8 -6 8 -6 8 -7 8 -7 7 -7 7 -7 6 -7 6 -7 6 -7 5 -7 5 -7 5 -7 5 -7 4 -7 4 -7 4 -7 3 0 0 0 0 0 0 0 0 0 0 ]
CSI_DATA,AP,10:B4:1D:CC:60:E0,-27,11,1,7,1,1,1,1,0,0,1,-93,0,6,2,15900231,0,68,0,0,15.6096,384,[0 0 0 0 0 0 0 0 0 0 0 0 8 8 8 8 8 8 8 7 8 7 8 7 8 7 8 7 8 6 8 6 8 6 8 5 8 5 9 5 9 5 9 5 9 5 9 4 9 4 9 4 9 4 9 4 9 4 10 3 10 3 10 3 0 0 10 4 10 4 10 4 10 4 10 4 10 5 10 5 9 5 9 5 9 5 9 5 8 5 8 5 8 5 7 5 7 5 7 5 6 5 6 5 6 5 5 5 5 5 5 6 4 5 4 5 3 5 0 0 0 0 0 0 0 0 0 0 ]
CSI_DATA,AP,10:B4:1D:CC:60:E0,-28,11,1,7,1,1,1,1,0,0,1,-93,0,6,2,15990323,0,68,0,0,15.6997,384,[0 0 0 0 0 0 0 0 0 0 0 0 -11 0 -12 0 -12 0 -11 0 -11 0 -11 0 -11 1 -11 1 -11 1 -10 1 -11 2 -10 2 -11 2 -10 2 -10 2 -10 3 -10 3 -10 3 -10 3 -10 3 -10 4 -10 4 -10 4 -10 4 -10 4 -10 4 0 0 -10 4 -10 4 -10 4 -11 5 -10 4 -11 4 -11 3 -11 3 -11 3 -11 3 -10 3 -11 2 -10 2 -10 2 -10 2 -10 1 -10 1 -9 1 -9 0 -9 0 -9 0 -9 0 -9 -1 -8 -1 -8 -1 -8 -2 0 0 0 0 0 0 0 0 0 0 ]
CSI_DATA,AP,10:B4:1D:CC:60:E0,-33,11,1,7,1,1,1,1,0,0,1,-93,0,6,2,16081215,0,68,0,0,15.7906,384,[0 0 0 0 0 0 0 0 0 0 0 0 -10 -6 -10 -6 -10 -5 -10 -5 -10 -5 -10 -5 -10 -5 -10 -4 -10 -4 -10 -4 -10 -4 -10 -3 -10 -3 -10 -3 -10 -3 -10 -3 -10 -2 -10 -2 -11 -2 -11 -2 -10 -2 -11 -2 -11 -1 -11 -1 -11 -1 -11 -1 0 0 -11 -1 -11 -1 -11 -2 -11 -1 -12 -2 -12 -2 -11 -2 -11 -3 -11 -3 -11 -3 -10 -3 -10 -3 -10 -3 -10 -4 -9 -3 -9 -3 -9 -4 -8 -4 -8 -4 -8 -4 -8 -4 -7 -4 -7 -5 -6 -4 -7 -5 -6 -5 0 0 0 0 0 0 0 0 0 0 ]
CSI_DATA,AP,10:B4:1D:CC:60:E0,-33,11,1,7,1,1,1,1,0,0,1,-93,0,6,2,16170162,0,68,0,0,15.8795,384,[0 0 0 0 0 0 0 0 0 0 0 0 9 -6 9 -6 9 -6 9 -6 9 -6 9 -6 8 -6 8 -6 8 -6 8 -7 8 -7 8 -7 7 -7 7 -8 7 -8 7 -8 7 -8 6 -8 6 -8 6 -9 6 -9 6 -9 6 -9 6 -10 6 -10 6 -9 0 0 6 -10 6 -9 6 -10 6 -10 7 -10 7 -9 7 -9 7 -9 7 -8 7 -8 7 -8 7 -8 7 -8 7 -7 7 -7 7 -6 7 -6 7 -6 7 -5 7 -5 7 -5 7 -4 6 -4 6 -4 6 -3 6 -3 0 0 0 0 0 0 0 0 0 0 ]
CSI_DATA,AP,10:B4:1D:CC:60:E0,-33,11,1,7,1,1,1,1,0,0,1,-93,0,6,2,16260190,0,68,0,0,15.9696,384,[0 0 0 0 0 0 0 0 0 0 0 0 -8 -9 -8 -8 -8 -9 -8 -8 -8 -8 -8 -8 -8 -8 -8 -7 -8 -7 -8 -7 -9 -7 -9 -6 -9 -6 -9 -6 -9 -6 -9 -6 -9 -5 -10 -5 -10 -5 -10 -5 -10 -5 -10 -5 -10 -4 -11 -5 -10 -5 -11 -5 0 0 -11 -5 -11 -5 -11 -5 -11 -5 -11 -6 -11 -6 -10 -6 -10 -6 -10 -6 -10 -6 -9 -6 -9 -6 -9 -7 -8 -7 -8 -6 -8 -6 -7 -7 -7 -6 -7 -6 -6 -6 -6 -7 -6 -7 -5 -7 -5 -6 -5 -6 -4 -7 0 0 0 0 0 0 0 0 0 0 ]
CSI_DATA,AP,10:B4:1D:CC:60:E0,-33,11,1,7,1,1,1,1,0,0,1,-93,0,6,2,16350184,0,68,0,0,16.0596,384,[0 0 0 0 0 0 0 0 0 0 0 0 -11 -4 -10 -4 -11 -4 -10 -4 -10 -4 -10 -3 -10 -4 -10 -3 -10 -3 -11 -3 -10 -2 -10 -2 -10 -2 -10 -2 -10 -2 -11 -1 -10 -1 -11 -1 -10 -1 -11 -1 -11 -1 -11 -1 -11 0 -11 0 -11 0 -11 0 0 0 -11 -1 -11 0 -11 -1 -11 -1 -11 -1 -11 -1 -11 -1 -11 -2 -11 -2 -11 -2 -11 -2 -10 -2 -10 -3 -10 -3 -10 -3 -9 -3 -9 -3 -8 -3 -8 -4 -8 -4 -8 -4 -7 -4 -7 -4 -7 -4 -6 -4 -6 -5 0 0 0 0 0 0 0 0 0 0 ]
CSI_DATA,AP,10:B4:1D:CC:60:E0,-33,11,1,7,1,1,1,1,0,0,1,-93,0,6,2,16440223,0,68,0,0,16.1496,384,[0 0 0 0 0 0 0 0 0 0 0 0 -2 10 -1 10 -2 10 -1 10 -1 10 -1 10 -1 10 -1 10 0 10 0 10 0 9 0 9 1 9 1 9 1 9 1 9 1 9 2 9 2 9 2 10 2 9 2 9 2 9 3 10 3 10 3 10 0 0 3 10 3 10 3 10 2 10 2 10 2 11 2 10 2 10 1 10 1 10 1 10 0 10 0 10 0 9 0 9 0 8 0 9 -1 8 -1 8 -1 8 -2 7 -2 7 -2 7 -2 7 -3 6 -3 6 0 0 0 0 0 0 0 0 0 0 ]
CSI_DATA,AP,10:B4:1D:CC:60:E0,-33,11,1,7,1,1,1,1,0,0,1,-93,0,6,2,16530265,0,68,0,0,16.2397,384,[0 0 0 0 0 0 0 0 0 0 0 0 9 -6 9 -6 9 -6 9 -7 9 -6 9 -7 8 -6 9 -7 8 -7 8 -7 8 -7 8 -7 8 -7 7 -7 7 -8 7 -8 7 -8 7 -8 7 -9 7 -8 7 -9 6 -9 7 -8 6 -9 6 -9 7 -9 0 0 7 -9 7 -9 7 -9 7 -9 7 -9 7 -9 8 -9 8 -8 8 -8 8 -7 8 -7 8 -7 8 -7 8 -7 7 -6 8 -5 7 -5 7 -5 7 -4 7 -4 7 -4 7 -4 7 -3 7 -3 7 -2 7 -2 0 0 0 0 0 0 0 0 0 0 ]
CSI_DATA,AP,10:B4:1D:CC:60:E0,-31,11,1,7,1,1,1,1,0,0,1,-93,0,6,2,16622012,0,68,0,0,16.3314,384,[0 0 0 0 0 0 0 0 0 0 0 0 -3 10 -2 10 -2 10 -2 10 -2 10 -2 10 -2 9 -1 9 -1 9 -1 9 -1 9 -1 9 -1 9 0 9 0 9 0 9 0 9 0 9 1 9 1 9 1 9 1 9 1 9 1 9 1 9 1 9 0 0 1 10 1 10 1 10 1 9 1 10 1 10 0 10 0 10 0 9 0 9 -1 9 -1 9 -1 9 -1 9 -2 8 -2 8 -2 7 -2 7 -2 7 -2 7 -3 7 -3 6 -3 6 -3 6 -4 5 -4 5 0 0 0 0 0 0 0 0 0 0 ]
CSI_DATA,AP,10:B4:1D:CC:60:E0,-31,11,1,7,1,1,1,1,0,0,1,-93,0,6,2,16710328,0,68,0,0,16.4197,384,[0 0 0 0 0 0 0 0 0 0 0 0 -2 10 -2 10 -2 10 -1 10 -1 10 -2 10 -1 9 -1 9 -1 9 -1 9 0 9 0 9 0 9 0 9 0 9 1 9 1 9 1 9 2 9 2 9 1 9 2 9 2 9 2 9 2 9 2 9 0 0 2 9 2 9 2 9 2 9 2 10 2 10 1 10 1 10 1 9 1 9 1 9 0 9 0 9 0 9 -1 8 -1 8 -1 8 -1 7 -1 7 -1 7 -1 7 -2 7 -2 6 -2 6 -2 6 -3 5 0 0 0 0 0 0 0 0 0 0 ]
CSI_DATA,AP,10:B4:1D:CC:60:E0,-31,11,1,7,1,1,1,1,0,0,1,-93,0,6,2,16800378,0,68,0,0,16.5098,384,[0 0 0 0 0 0 0 0 0 0 0 0 7 -9 7 -8 7 -9 6 -9 6 -9 6 -8 6 -9 5 -9 5 -8 5 -9 5 -9 4 -9 4 -9 4 -9 4 -9 4 -9 3 -9 3 -9 3 -9 3 -10 3 -10 2 -10 3 -10 3 -10 2 -10 2 -10 0 0 3 -10 2 -10 3 -10 3 -10 3 -10 3 -10 3 -10 3 -10 4 -9 4 -9 4 -9 4 -9 4 -8 4 -8 4 -8 4 -8 4 -7 4 -7 4 -7 4 -6 4 -6 4 -6 4 -6 5 -5 4 -5 5 -4 0 0 0 0 0 0 0 0 0 0 ]
CSI_DATA,AP,10:B4:1D:CC:60:E0,-31,11,1,7,1,1,1,1,0,0,1,-93,0,6,2,16890213,0,68,0,0,16.5996,384,[0 0 0 0 0 0 0 0 0 0 0 0 -3 10 -3 10 -3 10 -2 10 -2 10 -2 10 -2 10 -2 10 -2 10 -1 9 -1 9 -1 9 -1 9 0 9 0 10 0 9 0 9 0 9 0 9 1 9 1 9 1 10 1 9 1 9 1 10 1 9 0 0 1 10 1 10 1 10 1 10 1 10 1 10 0 10 0 10 0 9 0 9 0 9 -1 9 -1 9 -1 9 -1 8 -2 8 -2 8 -2 7 -2 7 -2 7 -3 7 -3 7 -3 6 -3 6 -3 6 -3 5 0 0 0 0 0 0 0 0 0 0 ]
CSI_DATA,AP,10:B4:1D:CC:60:E0,-31,11,1,7,1,1,1,1,0,0,1,-93,0,6,2,16980201,0,68,0,0,16.6896,384,[0 0 0 0 0 0 0 0 0 0 0 0 10 -5 9 -5 9 -5 9 -6 9 -6 9 -6 8 -6 8 -6 8 -6 8 -6 8 -6 7 -6 7 -7 7 -7 7 -7 7 -7 7 -7 6 -7 6 -8 6 -8 6 -8 6 -8 6 -8 6 -9 6 -9 6 -9 0 0 6 -9 6 -9 6 -9 6 -9 6 -9 7 -9 6 -8 6 -8 7 -8 7 -8 7 -7 7 -7 7 -7 7 -7 7 -6 7 -6 7 -5 6 -5 6 -5 6 -4 6 -4 6 -4 6 -4 6 -3 6 -3 6 -2 0 0 0 0 0 0 0 0 0 0 ]
CSI_DATA,AP,10:B4:1D:CC:60:E0,-32,11,1,7,1,1,1,1,0,0,1,-93,0,6,2,17070222,0,68,0,0,16.7796,384,[0 0 0 0 0 0 0 0 0 0 0 0 -11 4 -11 4 -11 4 -10 4 -10 4 -10 4 -10 4 -10 4 -10 5 -9 5 -9 5 -9 5 -9 5 -8 6 -8 5 -8 6 -8 6 -8 6 -8 6 -8 6 -8 6 -8 7 -8 7 -7 7 -7 7 -8 7 0 0 -8 7 -8 8 -8 7 -8 8 -8 7 -8 7 -8 7 -8 7 -8 6 -9 6 -8 6 -8 6 -8 5 -8 5 -8 5 -8 4 -8 4 -7 4 -8 3 -8 3 -8 3 -7 2 -7 2 -7 2 -7 2 -7 1 0 0 0 0 0 0 0 0 0 0 ]
CSI_DATA,AP,10:B4:1D:CC:60:E0,-32,11,1,7,1,1,1,1,0,0,1,-93,0,6,2,17160357,0,68,0,0,16.8697,384,[0 0 0 0 0 0 0 0 0 0 0 0 -10 5 -10 5 -9 5 -10 5 -9 5 -9 5 -9 5 -9 5 -9 5 -8 6 -8 6 -8 6 -8 6 -7 6 -8 7 -7 6 -7 7 -7 7 -7 7 -7 7 -7 7 -6 7 -6 7 -6 8 -6 8 -6 8 0 0 -7 8 -6 8 -7 8 -7 8 -7 8 -7 8 -7 7 -7 7 -7 7 -7 7 -7 6 -7 6 -7 6 -7 6 -7 5 -7 5 -7 5 -7 4 -7 4 -7 3 -7 3 -7 3 -7 3 -7 3 -7 2 -7 2 0 0 0 0 0 0 0 0 0 0 ]
CSI_DATA,AP,10:B4:1D:CC:60:E0,-31,11,1,7,1,1,1,1,0,0,1,-93,0,6,2,17250333,0,68,0,0,16.9597,384,[0 0 0 0 0 0 0 0 0 0 0 0 9 -7 8 -6 8 -7 8 -6 8 -7 8 -7 8 -7 8 -7 7 -7 7 -7 7 -7 7 -7 7 -7 6 -8 6 -8 6 -8 6 -8 6 -8 5 -8 5 -9 5 -8 5 -9 5 -9 5 -9 5 -9 5 -9 0 0 6 -9 5 -9 5 -9 6 -9 6 -9 6 -9 6 -9 6 -9 6 -8 6 -8 6 -7 6 -7 6 -7 6 -7 6 -6 6 -6 6 -6 6 -5 6 -5 6 -5 6 -4 6 -4 6 -4 6 -3 6 -3 6 -2 0 0 0 0 0 0 0 0 0 0 ]
CSI_DATA,AP,10:B4:1D:CC:60:E0,-31,11,1,7,1,1,1,1,0,0,1,-93,0,6,2,17340225,0,68,0,0,17.0496,384,[0 0 0 0 0 0 0 0 0 0 0 0 -4 -11 -4 -11 -4 -11 -5 -11 -5 -10 -5 -10 -5 -10 -5 -10 -5 -9 -5 -9 -5 -9 -5 -9 -6 -9 -6 -9 -6 -9 -6 -8 -6 -8 -6 -8 -7 -8 -7 -8 -7 -8 -7 -8 -7 -8 -7 -8 -7 -8 -7 -8 0 0 -7 -8 -7 -8 -7 -9 -7 -8 -7 -9 -7 -9 -7 -9 -6 -9 -6 -9 -6 -9 -6 -9 -5 -9 -5 -9 -5 -9 -4 -8 -4 -8 -4 -8 -4 -8 -3 -8 -3 -8 -3 -8 -2 -8 -2 -8 -2 -7 -1 -7 -1 -7 0 0 0 0 0 0 0 0 0 0 ]
CSI_DATA,AP,10:B4:1D:CC:60:E0,-31,11,1,7,1,1,1,1,0,0,1,-93,0,6,2,17430457,0,68,0,0,17.1398,384,[0 0 0 0 0 0 0 0 0 0 0 0 11 1 10 1 11 1 10 1 10 1 10 0 10 0 10 0 10 0 10 -1 10 -1 9 -1 9 -1 9 -1 9 -2 9 -2 9 -2 9 -2 9 -3 9 -3 9 -3 9 -3 9 -3 9 -3 9 -3 9 -4 0 0 10 -4 10 -4 9 -3 10 -3 10 -3 10 -3 10 -3 10 -2 10 -2 10 -2 9 -2 9 -2 9 -1 9 -1 9 -1 8 -1 8 0 8 0 8 0 7 0 7 0 7 1 7 1 6 1 6 1 6 2 0 0 0 0 0 0 0 0 0 0 ]
CSI_DATA,AP,10:B4:1D:CC:60:E0,-30,11,1,7,1,1,1,1,0,0,1,-93,0,6,2,17520264,0,68,0,0,17.2297,384,[0 0 0 0 0 0 0 0 0 0 0 0 3 10 3 10 4 10 4 10 4 10 4 9 4 9 4 9 4 9 4 9 4 8 4 8 5 8 5 8 5 8 5 8 5 8 5 7 6 7 6 7 6 7 6 7 6 7 6 7 6 7 7 7 0 0 7 8 6 8 6 8 6 7 6 8 6 8 6 8 5 8 5 8 5 8 5 8 4 8 4 8 4 8 3 7 3 8 3 7 3 7 2 7 2 7 2 7 1 7 1 7 1 6 0 6 0 6 0 0 0 0 0 0 0 0 0 0 ]
CSI_DATA,AP,10:B4:1D:CC:60:E0,-30,11,1,7,1,1,1,1,0,0,1,-93,0,6,2,17610206,0,68,0,0,17.3196,384,[0 0 0 0 0 0 0 0 0 0 0 0 3 -11 3 -11 3 -11 2 -11 2 -11 2 -11 2 -11 2 -11 1 -10 1 -11 1 -10 1 -10 1 -10 0 -10 0 -10 0 -10 0 -10 -1 -10 -1 -11 -1 -11 -1 -11 -1 -11 -1 -10 -2 -11 -2 -11 -2 -11 0 0 -1 -11 -2 -11 -2 -11 -1 -11 -1 -11 -1 -11 -1 -11 -1 -11 0 -10 0 -10 0 -10 0 -10 0 -10 1 -10 1 -9 1 -9 1 -9 1 -8 1 -8 1 -8 2 -8 2 -7 2 -7 2 -7 2 -7 3 -6 0 0 0 0 0 0 0 0 0 0 ]
CSI_DATA,AP,10:B4:1D:CC:60:E0,-30,11,1,7,1,1,1,1,0,0,1,-93,0,6,2,17700262,0,68,0,0,17.4096,384,[0 0 0 0 0 0 0 0 0 0 0 0 1 -12 1 -12 1 -12 1 -12 1 -11 1 -11 0 -11 0 -11 0 -11 0 -11 0 -11 -1 -11 -1 -11 -1 -11 -1 -11 -1 -11 -1 -11 -2 -10 -2 -11 -2 -11 -2 -11 -3 -11 -3 -10 -3 -11 -3 -11 -3 -11 0 0 -3 -11 -3 -11 -3 -12 -2 -11 -2 -11 -2 -11 -2 -11 -2 -11 -1 -11 -1 -11 -1 -10 -1 -11 0 -10 0 -10 0 -10 0 -9 1 -9 0 -9 1 -9 1 -8 1 -8 2 -8 2 -8 2 -7 2 -7 2 -7 0 0 0 0 0 0 0 0 0 0 ]
CSI_DATA,AP,10:B4:1D:CC:60:E0,-30,11,1,7,1,1,1,1,0,0,1,-93,0,6,2,17790233,0,68,0,0,17.4996,384,[0 0 0 0 0 0 0 0 0 0 0 0 10 5 10 5 10 5 10 5 9 4 9 4 9 4 9 4 9 4 9 4 9 3 9 3 9 3 10 2 9 2 9 2 9 2 10 1 10 1 10 1 10 2 10 1 10 1 10 1 10 1 10 1 0 0 11 1 10 1 10 1 10 1 10 2 10 2 10 2 10 2 10 2 10 2 9 2 9 3 9 3 8 3 8 3 8 3 7 3 7 3 7 3 7 4 6 4 6 4 6 4 5 4 5 4 5 4 0 0 0 0 0 0 0 0 0 0 ]
CSI_DATA,AP,10:B4:1D:CC:60:E0,-29,11,1,7,1,1,1,1,0,0,1,-92,0,6,2,17880944,0,68,0,0,17.5903,384,[0 0 0 0 0 0 0 0 0 0 0 0 5 9 5 9 5 9 5 9 5 9 5 9 5 8 5 8 5 8 5 8 6 8 6 8 6 7 6 7 6 7 6 7 6 6 7 6 7 6 7 6 7 6 7 6 7 6 8 6 7 6 8 6 0 0 7 6 8 6 8 6 8 6 8 7 7 7 7 7 7 7 7 7 6 7 6 7 6 7 5 7 5 7 5 7 5 7 4 7 4 6 4 6 3 6 3 6 3 6 2 6 2 6 2 6 1 6 0 0 0 0 0 0 0 0 0 0 ]
CSI_DATA,AP,10:B4:1D:CC:60:E0,-28,11,1,7,1,1,1,1,0,0,1,-92,0,6,2,17970376,0,68,0,0,17.6798,384,[0 0 0 0 0 0 0 0 0 0 0 0 1 -12 1 -12 0 -12 0 -12 0 -11 0 -11 0 -11 0 -11 0 -11 -1 -11 -1 -11 -1 -11 -1 -11 -2 -11 -2 -11 -2 -11 -2 -11 -3 -10 -3 -11 -3 -11 -3 -11 -3 -11 -3 -10 -4 -11 -4 -11 -3 -11 0 0 -4 -11 -4 -11 -4 -11 -3 -11 -3 -11 -3 -11 -3 -11 -3 -11 -2 -11 -2 -11 -2 -11 -2 -10 -2 -10 -1 -10 -1 -10 -1 -10 0 -10 0 -9 0 -9 0 -9 0 -9 1 -8 1 -8 1 -8 1 -7 2 -7 0 0 0 0 0 0 0 0 0 0 ]

