--- Warning: GDB cannot open serial ports accessed as COMx
--- Using \\.\COM5 instead...
--- esp-idf-monitor 1.9.0 on \\.\COM5 115200
--- Quit: Ctrl+] | Menu: Ctrl+T | Help: Ctrl+T followed by Ctrl+H
Executing action: monitor
Running idf_monitor in directory C:\ESP32-CSI-Tool\active_ap
Executing "C:\Espressif\python_env\idf5.5_py3.11_env\Scripts\python.exe C:\Espressif\frameworks\esp-idf-v5.5.4-3\tools/idf_monitor.py -p COM5 -b 115200 --toolchain-prefix xtensa-esp32s3-elf- --target esp32s3 --revision 0 C:\ESP32-CSI-Tool\active_ap\build\active-ap.elf C:\ESP32-CSI-Tool\active_ap\build\bootloader\bootloader.elf --force-color -m 'C:\Espressif\python_env\idf5.5_py3.11_env\Scripts\python.exe' 'C:\Espressif\frameworks\esp-idf-v5.5.4-3\tools\idf.py' '-p' 'COM5'"...
ESP-ROM:esp32s3-20210327
Build:Mar 27 2021
rst:0x1 (POWERON),boot:0x8 (SPI_FAST_FLASH_BOOT)
SPIWP:0xee
mode:DIO, clock div:1
load:0x3fce2820,len:0x14f0
load:0x403c8700,len:0xd24
--- 0x403c8700: _stext at ??:?
load:0x403cb700,len:0x2ef0
entry 0x403c8924
--- 0x403c8924: call_start_cpu0 at C:/Espressif/frameworks/esp-idf-v5.5.4-3/components/bootloader/subproject/main/bootloader_start.c:27
I (24) boot: ESP-IDF v5.5.4 2nd stage bootloader
I (25) boot: compile time Jun 25 2026 19:04:14
I (25) boot: Multicore bootloader
I (25) boot: chip revision: v0.2
I (28) boot: efuse block revision: v1.3
I (31) boot.esp32s3: Boot SPI Speed : 80MHz
I (35) boot.esp32s3: SPI Mode       : DIO
I (39) boot.esp32s3: SPI Flash Size : 2MB
I (43) boot: Enabling RNG early entropy source...
I (47) boot: Partition Table:
I (50) boot: ## Label            Usage          Type ST Offset   Length
I (56) boot:  0 nvs              WiFi data        01 02 00009000 00006000
I (63) boot:  1 phy_init         RF data          01 01 0000f000 00001000
I (69) boot:  2 factory          factory app      00 00 00010000 00100000
I (76) boot: End of partition table
I (79) esp_image: segment 0: paddr=00010020 vaddr=3c0c0020 size=1e414h (123924) map
I (108) esp_image: segment 1: paddr=0002e43c vaddr=3fc9a400 size=01bdch (  7132) load
I (110) esp_image: segment 2: paddr=00030020 vaddr=42000020 size=b082ch (722988) map
I (239) esp_image: segment 3: paddr=000e0854 vaddr=3fc9bfdc size=03320h ( 13088) load
I (242) esp_image: segment 4: paddr=000e3b7c vaddr=40374000 size=1631ch ( 90908) load
I (263) esp_image: segment 5: paddr=000f9ea0 vaddr=50000000 size=00020h (    32) load
I (272) boot: Loaded app from partition at offset 0x10000
I (272) boot: Disabling RNG early entropy source...
I (282) cpu_start: Multicore app
I (291) cpu_start: GPIO 44 and 43 are used as console UART I/O pins
I (292) cpu_start: Pro cpu start user code
I (292) cpu_start: cpu freq: 160000000 Hz
I (293) app_init: Application information:
I (297) app_init: Project name:     active-ap
I (301) app_init: App version:      cce5b1a-dirty
I (305) app_init: Compile time:     Jul  2 2026 19:28:44
I (311) app_init: ELF file SHA256:  509764614...
I (315) app_init: ESP-IDF:          v5.5.4
I (319) efuse_init: Min chip rev:     v0.0
I (322) efuse_init: Max chip rev:     v0.99 
I (326) efuse_init: Chip rev:         v0.2
I (330) heap_init: Initializing. RAM available for dynamic allocation:
I (337) heap_init: At 3FCA4190 len 00045580 (277 KiB): RAM
I (342) heap_init: At 3FCE9710 len 00005724 (21 KiB): RAM
I (347) heap_init: At 3FCF0000 len 00008000 (32 KiB): DRAM
I (352) heap_init: At 600FE000 len 00001FE8 (7 KiB): RTCRAM
I (359) spi_flash: detected chip: generic
I (361) spi_flash: flash io: dio
W (364) spi_flash: Detected size(16384k) larger than the size in the binary image header(2048k). Using the size in the binary image header.
I (377) sleep_gpio: Configure to isolate all GPIO pins in sleep state
I (383) sleep_gpio: Enable automatic switching of GPIO sleep configuration
I (390) main_task: Started on CPU0
I (410) main_task: Calling app_main()








-----------------------
ESP32 CSI Tool Settings
-----------------------
PROJECT_NAME: ACTIVE_AP
CONFIG_ESPTOOLPY_MONITOR_BAUD: 115200
CONFIG_ESP_CONSOLE_UART_BAUDRATE: 115200
IDF_VER: v5.5.4
-----------------------
WIFI_CHANNEL: 6
ESP_WIFI_SSID: testopen
ESP_WIFI_PASSWORD: 
SHOULD_COLLECT_CSI: 1
SHOULD_COLLECT_ONLY_LLTF: 1
SEND_CSI_TO_SERIAL: 1
SEND_CSI_TO_SD: 0
-----------------------








I (460) pp: pp rom version: e7ae62f
I (460) net80211: net80211 rom version: e7ae62f
I (470) wifi:wifi driver task: 3fced484, prio:23, stack:6656, core=0
I (470) wifi:wifi firmware version: 0947e8b
I (470) wifi:wifi certification version: v7.0
I (470) wifi:config NVS flash: enabled
I (470) wifi:config nano formatting: disabled
I (480) wifi:Init data frame dynamic rx buffer num: 32
I (480) wifi:Init static rx mgmt buffer num: 5
I (490) wifi:Init management short buffer num: 32
I (490) wifi:Init dynamic tx buffer num: 32
I (500) wifi:Init static tx FG buffer num: 2
I (500) wifi:Init static rx buffer size: 2212
I (500) wifi:Init static rx buffer num: 10
I (510) wifi:Init dynamic rx buffer num: 32
I (510) wifi_init: rx ba win: 6
I (510) wifi_init: accept mbox: 6
I (520) wifi_init: tcpip mbox: 32
I (520) wifi_init: udp mbox: 6
I (520) wifi_init: tcp mbox: 6
I (530) wifi_init: tcp tx win: 5760
I (530) wifi_init: tcp rx win: 5760
I (530) wifi_init: tcp mss: 1440
I (540) wifi_init: WiFi IRAM OP enabled
I (540) wifi_init: WiFi RX IRAM OP enabled
W (550) wifi:Affected by the ESP-NOW encrypt num, set the max connection num to 10
I (550) phy_init: phy_version 711,97bcf0a2,Aug 25 2025,19:04:10
I (610) wifi:mode : softAP (10:b4:1d:cc:60:ad)
I (610) wifi:Total power save buffer number: 16
I (610) wifi:Init max length of beacon: 752/752
I (610) wifi:Init max length of beacon: 752/752
I (620) wifi:Set ps type: 0, coexist: 0
I (620) esp_netif_lwip: DHCP server started on interface WIFI_AP_DEF with IP: 192.168.4.1

I (630) Active CSI collection (AP): softap_init finished. SSID:testopen password:
type,role,mac,rssi,rate,sig_mode,mcs,bandwidth,smoothing,not_sounding,aggregation,stbc,fec_coding,sgi,noise_floor,ampdu_cnt,channel,secondary_channel,local_timestamp,ant,sig_len,rx_state,real_time_set,real_timestamp,len,CSI_DATA
I (650) main_task: Returned from app_main()
I (3100) wifi:new:<6,2>, old:<6,2>, ap:<6,2>, sta:<255,255>, prof:6, snd_ch_cfg:0x0
I (3100) wifi:station: 10:b4:1d:cc:60:e0 join, AID=1, bgn, 40D
I (3100) Active CSI collection (AP): station join, AID=1
CSI_DATA,AP,00:00:00:00:00:00,-24,11,0,0,0,0,0,0,0,0,0,-93,0,6,2,3105013,0,14,0,0,2.8158,128,[0 0 0 0 0 0 0 0 0 0 0 0 -7 14 -7 15 -6 14 -6 14 -6 14 -5 14 -5 14 -5 13 -5 14 -4 13 -4 13 -4 13 -4 13 -3 13 -3 13 -2 13 -2 13 -2 13 -2 13 -1 13 -1 13 -1 13 -1 13 -1 13 0 14 0 14 0 0 0 14 0 14 -1 14 -1 14 -1 14 -1 14 -1 14 -2 13 -2 13 -2 13 -3 13 -3 13 -3 12 -3 12 -3 11 -3 11 -4 11 -4 11 -4 10 -5 10 -4 9 -5 9 -5 9 -5 8 -5 8 -6 7 0 0 0 0 0 0 0 0 0 0 ]
CSI_DATA,AP,10:B4:1D:CC:60:E0,-24,11,0,0,0,0,0,0,0,0,0,-93,0,6,2,3129550,0,374,0,0,2.85746,128,[0 0 0 0 0 0 0 0 0 0 0 0 2 15 3 15 3 15 2 14 2 14 3 14 3 14 3 14 3 13 4 13 4 13 4 12 5 12 5 12 5 12 5 12 5 11 5 11 6 11 6 11 6 11 6 11 7 11 7 11 7 11 7 11 0 0 7 11 7 12 7 11 7 11 7 12 6 12 6 12 6 12 5 12 5 12 5 12 5 11 4 11 4 11 3 11 3 11 3 10 3 10 2 10 2 10 1 10 1 10 1 9 0 9 0 9 -1 9 0 0 0 0 0 0 0 0 0 0 ]
CSI_DATA,AP,00:00:00:00:00:00,-24,11,0,0,0,0,0,0,0,0,0,-93,0,6,2,3189926,0,14,0,0,2.89934,128,[0 0 0 0 0 0 0 0 0 0 0 0 11 10 11 10 11 10 11 9 11 9 11 9 11 9 11 8 11 8 11 8 11 7 11 7 11 7 11 7 11 6 11 6 11 5 12 5 12 5 12 5 12 5 12 5 12 4 12 4 13 4 13 4 0 0 13 4 13 4 12 5 13 5 13 5 13 5 12 5 12 5 12 6 12 6 11 6 11 6 10 6 10 6 10 6 9 6 9 7 8 7 8 7 8 7 7 7 7 7 6 7 6 7 5 7 5 7 0 0 0 0 0 0 0 0 0 0 ]
CSI_DATA,AP,10:B4:1D:CC:60:E0,-24,11,0,0,0,0,0,0,0,0,0,-93,0,6,2,3191480,0,374,0,0,2.92708,128,[0 0 0 0 0 0 0 0 0 0 0 0 -7 14 -7 14 -7 13 -7 14 -6 13 -6 13 -5 13 -5 13 -5 13 -5 13 -5 13 -4 13 -4 13 -3 13 -3 13 -3 13 -2 13 -2 13 -2 13 -1 13 -1 13 -1 13 -1 13 -1 13 -1 13 -1 13 0 0 0 13 0 14 -1 14 -1 14 -1 14 -1 14 -1 14 -1 14 -2 13 -2 13 -2 13 -3 13 -3 12 -3 12 -3 12 -3 11 -3 11 -3 11 -3 10 -4 10 -4 9 -4 9 -5 9 -5 8 -5 8 -5 7 0 0 0 0 0 0 0 0 0 0 ]
I (3260) esp_netif_lwip: DHCP server assigned IP to a client, IP is: 192.168.4.2
CSI_DATA,AP,00:00:00:00:00:00,-25,11,0,0,0,0,0,0,0,0,0,-93,0,6,2,3262101,0,14,0,0,2.97153,128,[0 0 0 0 0 0 0 0 0 0 0 0 5 14 5 14 5 14 5 13 5 13 6 13 6 12 6 12 6 12 6 12 6 11 7 11 7 11 7 11 7 10 8 10 8 10 8 10 8 10 9 9 9 9 9 9 9 9 9 9 10 9 10 9 0 0 10 9 10 9 10 9 10 10 10 10 10 10 10 10 9 10 9 10 8 10 8 10 8 10 7 10 7 10 7 10 6 10 6 9 5 9 5 9 5 9 4 9 4 9 3 9 3 9 2 9 2 9 0 0 0 0 0 0 0 0 0 0 ]
CSI_DATA,AP,10:B4:1D:CC:60:E0,-25,11,0,0,0,0,0,0,0,0,0,-93,0,6,2,3262882,0,66,0,0,3.00761,128,[0 0 0 0 0 0 0 0 0 0 0 0 5 -16 4 -15 4 -15 4 -15 3 -15 3 -15 3 -15 2 -15 2 -14 2 -14 2 -14 1 -14 1 -14 1 -14 0 -14 0 -14 0 -14 -1 -14 -1 -14 -1 -14 -1 -14 -2 -14 -2 -14 -2 -14 -2 -14 -2 -14 0 0 -2 -15 -3 -15 -2 -14 -2 -15 -2 -15 -2 -15 -2 -15 -1 -15 -1 -15 -1 -15 0 -14 0 -14 0 -14 0 -13 0 -13 1 -13 1 -12 1 -12 1 -11 2 -11 2 -11 2 -11 3 -10 3 -10 4 -9 4 -9 0 0 0 0 0 0 0 0 0 0 ]
CSI_DATA,AP,10:B4:1D:CC:60:E0,-24,11,0,0,0,0,0,0,0,0,0,-93,0,6,2,3756478,0,66,0,0,3.46596,128,[0 0 0 0 0 0 0 0 0 0 0 0 8 -14 8 -15 7 -14 7 -14 7 -14 6 -14 6 -14 5 -14 5 -14 5 -13 4 -14 4 -14 4 -14 4 -14 4 -14 3 -14 3 -14 3 -14 2 -14 2 -14 2 -14 2 -14 2 -14 1 -14 1 -15 1 -15 0 0 1 -15 1 -15 2 -15 2 -14 2 -15 2 -15 2 -15 3 -14 3 -14 3 -14 3 -14 3 -13 4 -13 4 -13 4 -12 4 -12 5 -11 5 -11 4 -10 5 -10 5 -10 5 -9 5 -9 5 -8 6 -8 6 -7 0 0 0 0 0 0 0 0 0 0 ]
CSI_DATA,AP,10:B4:1D:CC:60:E0,-24,11,0,0,0,0,0,0,0,0,0,-93,0,6,2,3886224,0,66,0,0,3.59569,128,[0 0 0 0 0 0 0 0 0 0 0 0 11 -12 11 -11 11 -11 10 -11 10 -11 10 -11 9 -11 9 -11 9 -12 8 -11 8 -12 8 -12 7 -12 8 -12 7 -12 6 -12 6 -12 6 -12 6 -12 5 -12 5 -13 5 -13 5 -13 5 -13 5 -13 5 -14 0 0 5 -14 5 -13 5 -14 5 -13 6 -13 6 -13 6 -13 6 -13 6 -12 6 -12 6 -12 7 -12 7 -11 7 -11 7 -10 7 -10 7 -9 6 -9 7 -8 7 -8 7 -8 7 -7 7 -7 7 -6 7 -6 7 -5 0 0 0 0 0 0 0 0 0 0 ]
CSI_DATA,AP,10:B4:1D:CC:60:E0,-24,11,0,0,0,0,0,0,0,0,0,-92,0,6,2,4662338,0,66,0,0,4.37181,128,[0 0 0 0 0 0 0 0 0 0 0 0 -14 8 -14 9 -14 8 -13 8 -13 8 -13 9 -12 8 -12 8 -12 8 -11 8 -11 8 -11 9 -11 9 -11 9 -11 9 -10 9 -10 9 -10 9 -9 10 -9 10 -9 10 -9 10 -9 10 -9 10 -9 10 -9 11 0 0 -9 11 -9 11 -9 10 -9 10 -10 10 -9 10 -10 10 -10 10 -10 10 -11 9 -10 9 -10 8 -10 8 -10 7 -10 7 -10 6 -10 6 -10 5 -10 5 -9 4 -9 4 -10 4 -9 4 -9 3 -9 2 -9 2 0 0 0 0 0 0 0 0 0 0 ]
CSI_DATA,AP,00:00:00:00:00:00,-25,9,0,0,0,0,0,0,0,0,0,-92,0,6,2,4694670,0,14,0,0,4.40408,128,[0 0 0 0 0 0 0 0 0 0 0 0 16 -1 15 -1 16 -1 15 -1 15 -2 14 -2 14 -2 14 -2 14 -3 14 -2 13 -3 14 -3 13 -4 13 -4 13 -4 13 -5 13 -5 12 -5 12 -5 12 -5 12 -6 12 -6 13 -6 12 -6 12 -6 12 -6 0 0 12 -7 13 -7 12 -6 13 -6 12 -6 13 -6 13 -6 13 -5 13 -5 13 -5 13 -4 12 -4 12 -3 12 -3 12 -3 11 -3 11 -2 11 -2 10 -2 10 -2 10 -1 10 -1 10 0 9 0 9 1 8 1 0 0 0 0 0 0 0 0 0 0 ]
CSI_DATA,AP,00:00:00:00:00:00,-24,11,0,0,0,0,0,0,0,0,0,-92,0,6,2,4694966,0,14,0,0,4.44143,128,[0 0 0 0 0 0 0 0 0 0 0 0 -5 -16 -5 -16 -5 -16 -5 -15 -5 -15 -5 -14 -5 -14 -6 -14 -6 -14 -6 -14 -6 -13 -6 -13 -6 -13 -7 -13 -7 -12 -7 -12 -7 -12 -8 -12 -8 -11 -8 -11 -8 -12 -8 -12 -9 -11 -9 -12 -9 -12 -9 -12 0 0 -9 -11 -9 -12 -9 -11 -9 -12 -9 -12 -8 -12 -8 -12 -8 -12 -7 -12 -7 -13 -6 -12 -6 -12 -6 -12 -6 -12 -5 -12 -5 -11 -4 -11 -4 -11 -4 -11 -3 -11 -3 -10 -3 -10 -2 -10 -2 -10 -1 -10 -1 -9 0 0 0 0 0 0 0 0 0 0 ]
CSI_DATA,AP,10:B4:1D:CC:60:E0,-24,11,0,0,0,0,0,0,0,0,0,-92,0,6,2,4695648,0,37,0,0,4.4854,128,[0 0 0 0 0 0 0 0 0 0 0 0 -1 -17 -1 -16 -1 -16 -1 -16 -1 -16 -2 -15 -2 -15 -2 -15 -2 -15 -2 -15 -3 -14 -3 -14 -3 -14 -4 -14 -4 -14 -4 -13 -5 -13 -5 -13 -5 -13 -5 -13 -5 -13 -6 -13 -6 -13 -6 -13 -6 -13 -6 -13 0 0 -7 -13 -6 -13 -6 -13 -6 -13 -6 -14 -6 -14 -6 -14 -5 -13 -5 -14 -5 -13 -4 -13 -4 -13 -4 -13 -3 -13 -3 -12 -3 -12 -2 -12 -2 -11 -2 -11 -2 -11 -1 -11 -1 -10 -1 -10 0 -10 0 -10 1 -9 0 0 0 0 0 0 0 0 0 0 ]
CSI_DATA,AP,10:B4:1D:CC:60:E0,-30,11,1,7,1,1,1,0,0,0,1,-92,0,6,2,4695920,0,68,0,0,4.52927,384,[0 0 0 0 0 0 0 0 0 0 0 0 -5 10 -5 10 -4 10 -4 10 -4 9 -4 10 -4 9 -4 9 -3 9 -3 9 -3 9 -3 9 -3 9 -2 9 -2 9 -2 9 -2 9 -1 9 -1 9 -1 9 -1 9 -1 9 -1 9 0 9 0 9 0 9 0 0 -1 9 0 10 -1 10 -1 9 -1 10 -1 10 -1 9 -2 9 -2 9 -2 9 -2 9 -2 9 -2 8 -2 8 -3 7 -3 7 -3 7 -3 7 -3 6 -3 6 -4 6 -4 6 -4 5 -4 5 -4 5 -4 4 0 0 0 0 0 0 0 0 0 0 ]
CSI_DATA,AP,10:B4:1D:CC:60:E0,-24,11,0,0,0,0,0,0,0,0,0,-92,0,6,2,4696531,0,37,0,0,4.5649,128,[0 0 0 0 0 0 0 0 0 0 0 0 15 -7 15 -7 14 -7 14 -7 14 -7 13 -7 13 -7 13 -7 13 -7 12 -7 12 -8 12 -8 11 -8 11 -8 11 -8 11 -8 11 -9 10 -9 10 -9 10 -9 10 -9 10 -9 10 -10 10 -10 10 -10 10 -10 0 0 10 -10 10 -10 11 -10 11 -10 11 -10 11 -9 11 -9 11 -9 11 -8 11 -8 11 -8 11 -8 11 -7 10 -7 10 -6 10 -6 10 -5 10 -5 10 -4 10 -4 9 -4 9 -3 9 -3 9 -3 9 -2 9 -1 0 0 0 0 0 0 0 0 0 0 ]
CSI_DATA,AP,10:B4:1D:CC:60:E0,-30,11,1,7,1,1,1,0,0,0,1,-92,0,6,2,4761623,0,68,0,0,4.60487,384,[0 0 0 0 0 0 0 0 0 0 0 0 9 -6 9 -6 9 -6 9 -6 9 -6 8 -6 8 -6 8 -6 8 -6 8 -7 7 -7 7 -7 7 -7 7 -7 7 -7 7 -7 6 -7 6 -7 6 -8 6 -8 6 -8 6 -8 6 -8 5 -8 5 -8 5 -8 0 0 6 -8 6 -9 6 -8 6 -8 6 -8 6 -8 6 -8 6 -7 6 -7 6 -7 6 -7 6 -7 6 -6 6 -6 6 -6 6 -5 6 -5 6 -5 6 -4 6 -4 6 -4 6 -4 6 -3 6 -3 6 -3 5 -2 0 0 0 0 0 0 0 0 0 0 ]
CSI_DATA,AP,10:B4:1D:CC:60:E0,-30,11,1,7,1,1,1,0,0,0,1,-92,0,6,2,4851413,0,68,0,0,4.64011,384,[0 0 0 0 0 0 0 0 0 0 0 0 10 -6 10 -5 10 -5 9 -5 9 -5 9 -5 9 -5 9 -5 8 -6 8 -6 8 -6 8 -6 7 -6 7 -6 7 -6 7 -7 7 -7 7 -7 6 -7 6 -7 6 -7 6 -7 6 -7 6 -8 6 -8 6 -8 0 0 7 -8 6 -8 6 -8 7 -8 6 -8 7 -7 7 -7 7 -7 7 -7 7 -6 7 -6 7 -6 7 -6 7 -5 7 -5 6 -5 6 -5 6 -4 6 -4 6 -3 6 -3 6 -3 6 -3 6 -3 6 -2 6 -2 0 0 0 0 0 0 0 0 0 0 ]
CSI_DATA,AP,10:B4:1D:CC:60:E0,-24,11,0,0,0,0,0,0,0,0,0,-92,0,6,2,4885968,0,66,0,0,4.67559,128,[0 0 0 0 0 0 0 0 0 0 0 0 12 10 12 10 12 10 12 10 12 9 12 9 11 8 11 8 11 8 11 8 12 7 12 7 11 7 12 6 12 6 12 6 12 6 12 5 12 5 12 5 12 5 12 5 12 4 12 4 13 4 13 4 0 0 13 5 13 4 13 5 13 5 13 5 13 5 13 5 12 6 12 6 11 6 11 6 11 6 10 7 10 7 9 7 9 6 8 7 8 7 8 7 7 7 7 7 6 7 6 7 5 7 5 7 4 7 0 0 0 0 0 0 0 0 0 0 ]
CSI_DATA,AP,10:B4:1D:CC:60:E0,-30,11,1,7,1,1,1,0,0,0,1,-92,0,6,2,4941536,0,68,0,0,4.71013,384,[0 0 0 0 0 0 0 0 0 0 0 0 -12 1 -11 1 -11 1 -11 1 -11 1 -11 1 -11 1 -11 1 -10 1 -10 1 -10 2 -10 2 -10 2 -10 2 -10 2 -9 2 -10 3 -9 3 -9 3 -9 3 -9 3 -9 3 -9 3 -9 4 -9 3 -9 4 0 0 -10 4 -9 4 -9 4 -9 3 -10 3 -10 3 -10 3 -10 3 -10 2 -10 2 -9 2 -9 1 -9 1 -9 1 -8 1 -9 0 -8 0 -8 0 -8 0 -7 -1 -7 -1 -7 -1 -7 -1 -7 -1 -7 -2 -6 -2 0 0 0 0 0 0 0 0 0 0 ]
CSI_DATA,AP,10:B4:1D:CC:60:E0,-24,11,0,0,0,0,0,0,0,0,0,-92,0,6,2,5016205,0,66,0,0,4.75009,128,[0 0 0 0 0 0 0 0 0 0 0 0 -9 13 -9 14 -9 13 -8 13 -8 13 -8 13 -8 13 -7 13 -7 13 -7 12 -6 12 -6 13 -6 13 -6 13 -5 13 -5 12 -5 13 -4 12 -4 13 -4 13 -4 13 -3 13 -3 13 -4 13 -3 14 -3 14 0 0 -3 14 -3 14 -4 14 -4 13 -4 13 -4 13 -4 13 -5 13 -5 13 -5 12 -5 12 -5 12 -6 11 -6 11 -6 10 -6 10 -6 10 -6 9 -6 9 -6 8 -7 8 -7 8 -6 7 -7 7 -7 6 -7 6 0 0 0 0 0 0 0 0 0 0 ]
CSI_DATA,AP,10:B4:1D:CC:60:E0,-30,11,1,7,1,1,1,0,0,0,1,-92,0,6,2,5032829,0,68,0,0,4.78699,384,[0 0 0 0 0 0 0 0 0 0 0 0 7 -9 6 -9 6 -9 6 -9 6 -9 6 -9 6 -9 5 -9 5 -9 5 -9 5 -9 5 -9 4 -9 4 -9 4 -9 4 -9 3 -9 3 -9 3 -9 3 -10 3 -10 3 -10 3 -10 2 -10 2 -10 3 -10 0 0 3 -10 3 -10 3 -10 3 -10 3 -10 3 -10 3 -10 3 -9 4 -9 4 -9 4 -9 4 -9 4 -8 4 -8 4 -8 4 -7 4 -7 4 -6 4 -6 4 -6 4 -6 4 -6 4 -5 4 -5 5 -4 4 -4 0 0 0 0 0 0 0 0 0 0 ]
CSI_DATA,AP,00:00:00:00:00:00,-24,11,0,0,0,0,0,0,0,0,0,-92,0,6,2,5114524,0,14,0,0,4.82479,128,[0 0 0 0 0 0 0 0 0 0 0 0 3 15 3 15 3 14 3 14 4 14 4 14 4 13 4 13 4 13 4 12 5 12 5 12 5 12 5 12 6 12 6 11 6 11 6 11 7 11 7 11 7 11 7 11 7 10 8 11 8 10 8 11 0 0 8 10 8 11 8 11 8 11 8 11 7 11 7 11 7 11 6 11 6 11 6 11 6 11 5 11 5 11 4 10 4 10 3 10 3 10 3 10 3 9 2 9 2 9 2 9 1 9 0 9 0 8 0 0 0 0 0 0 0 0 0 0 ]
I (5150) wifi:<ba-add>idx:2 (ifx:1, 10:b4:1d:cc:60:e0), tid:0, ssn:0, winSize:64
CSI_DATA,AP,10:B4:1D:CC:60:E0,-30,11,1,7,1,1,1,1,0,0,1,-93,0,6,2,5122817,0,68,0,0,4.86554,384,[0 0 0 0 0 0 0 0 0 0 0 0 9 -6 9 -6 9 -6 8 -6 8 -6 8 -6 8 -6 8 -6 8 -6 7 -6 7 -7 7 -6 7 -7 6 -7 6 -7 6 -7 6 -7 6 -7 6 -8 6 -8 6 -8 6 -8 6 -8 5 -8 5 -8 5 -8 0 0 6 -8 6 -8 6 -8 6 -8 6 -8 6 -8 6 -8 6 -7 6 -7 6 -7 6 -7 6 -7 6 -6 6 -6 6 -5 6 -5 6 -5 6 -5 6 -4 6 -4 6 -4 6 -3 6 -3 5 -3 5 -2 5 -2 0 0 0 0 0 0 0 0 0 0 ]
CSI_DATA,AP,10:B4:1D:CC:60:E0,-30,11,1,7,1,1,1,1,0,0,1,-93,0,6,2,5211543,0,68,0,0,4.92095,384,[0 0 0 0 0 0 0 0 0 0 0 0 -11 4 -11 4 -11 4 -11 4 -11 4 -10 4 -10 4 -10 4 -10 5 -10 5 -10 4 -9 4 -9 5 -9 5 -9 5 -8 6 -8 5 -8 6 -8 6 -8 6 -8 6 -8 6 -8 6 -8 6 -8 6 -8 7 0 0 -8 7 -8 7 -8 6 -8 7 -8 6 -8 6 -8 6 -8 6 -8 5 -9 5 -9 5 -8 5 -8 4 -8 4 -8 4 -8 3 -8 3 -8 3 -8 3 -7 2 -7 2 -7 2 -7 2 -7 1 -7 1 -7 0 0 0 0 0 0 0 0 0 0 0 ]
CSI_DATA,AP,10:B4:1D:CC:60:E0,-30,11,1,7,1,1,1,1,0,0,1,-93,0,6,2,5301459,0,68,0,0,5.01085,384,[0 0 0 0 0 0 0 0 0 0 0 0 8 7 8 6 8 7 8 6 8 6 8 6 8 6 8 5 8 5 8 5 8 5 8 4 8 4 8 4 8 4 9 4 8 3 9 3 9 3 9 3 9 3 9 3 9 2 9 2 9 3 9 2 0 0 9 3 9 3 9 3 9 3 9 3 9 3 9 3 9 3 8 4 8 4 8 4 8 4 7 4 7 4 7 4 6 4 6 4 6 4 6 4 5 4 5 4 5 4 4 4 4 4 4 5 3 4 0 0 0 0 0 0 0 0 0 0 ]
CSI_DATA,AP,10:B4:1D:CC:60:E0,-30,11,1,7,1,1,1,1,0,0,1,-93,0,6,2,5391933,0,68,0,0,5.10133,384,[0 0 0 0 0 0 0 0 0 0 0 0 10 5 9 5 9 5 9 4 9 5 9 4 9 4 9 4 9 3 9 3 9 3 9 3 9 3 9 3 9 2 9 2 9 2 9 2 9 2 9 1 9 1 9 1 9 1 9 1 9 1 9 1 0 0 9 1 10 1 9 1 10 1 9 1 9 2 9 2 9 2 9 2 9 2 8 3 8 3 8 3 7 3 7 3 7 3 7 3 6 3 6 3 6 3 6 4 5 3 5 4 4 4 4 4 4 4 0 0 0 0 0 0 0 0 0 0 ]
CSI_DATA,AP,10:B4:1D:CC:60:E0,-30,11,1,7,1,1,1,1,0,0,1,-93,0,6,2,5481705,0,68,0,0,5.19112,384,[0 0 0 0 0 0 0 0 0 0 0 0 10 3 10 3 10 3 10 3 10 3 10 2 10 2 10 2 9 2 9 2 9 1 9 1 9 1 9 1 9 0 9 0 9 0 9 0 9 0 9 0 9 0 9 0 9 -1 9 -1 9 -1 10 -1 0 0 10 -1 10 -1 10 -1 10 -1 10 0 10 0 9 0 9 1 9 1 9 1 9 1 9 1 8 1 8 2 8 2 8 2 7 2 7 2 7 2 6 2 6 3 6 3 5 3 5 3 5 3 5 3 0 0 0 0 0 0 0 0 0 0 ]
CSI_DATA,AP,10:B4:1D:CC:60:E0,-30,11,1,7,1,1,1,1,0,0,1,-93,0,6,2,5571615,0,68,0,0,5.28101,384,[0 0 0 0 0 0 0 0 0 0 0 0 -10 5 -10 5 -10 5 -9 5 -9 5 -9 5 -9 5 -9 5 -9 5 -8 5 -8 5 -8 5 -8 6 -8 6 -7 6 -7 6 -7 6 -7 6 -7 7 -7 7 -7 7 -6 7 -7 7 -7 7 -7 7 -7 7 0 0 -7 7 -7 7 -7 7 -7 7 -7 7 -7 7 -7 7 -7 6 -8 6 -7 6 -7 5 -7 5 -7 5 -7 5 -7 4 -7 4 -7 4 -7 3 -7 3 -7 3 -7 3 -7 2 -7 2 -7 2 -7 1 -6 1 0 0 0 0 0 0 0 0 0 0 ]
CSI_DATA,AP,10:B4:1D:CC:60:E0,-30,11,1,7,1,1,1,1,0,0,1,-93,0,6,2,5661618,0,68,0,0,5.37102,384,[0 0 0 0 0 0 0 0 0 0 0 0 -10 6 -10 6 -10 6 -9 6 -9 6 -9 6 -9 6 -9 6 -9 6 -8 6 -8 6 -8 6 -8 6 -8 6 -7 7 -7 7 -7 7 -7 7 -6 7 -7 7 -6 7 -6 7 -6 7 -6 7 -6 8 -7 8 0 0 -7 8 -7 8 -7 8 -7 7 -7 7 -7 7 -7 7 -7 7 -8 6 -7 6 -7 6 -7 6 -7 6 -7 5 -7 5 -7 4 -7 4 -7 4 -7 3 -7 3 -7 3 -7 3 -7 2 -6 2 -7 1 -7 1 0 0 0 0 0 0 0 0 0 0 ]
CSI_DATA,AP,10:B4:1D:CC:60:E0,-30,11,1,7,1,1,1,1,0,0,1,-93,0,6,2,5751616,0,68,0,0,5.46101,384,[0 0 0 0 0 0 0 0 0 0 0 0 -11 -4 -12 -4 -11 -3 -11 -3 -11 -3 -11 -3 -11 -3 -11 -3 -11 -3 -10 -2 -11 -2 -10 -2 -10 -2 -10 -1 -10 -1 -10 -1 -10 -1 -10 -1 -10 0 -10 0 -10 0 -10 0 -10 0 -10 0 -10 0 -10 0 0 0 -11 0 -11 0 -11 0 -11 0 -11 0 -11 -1 -11 -1 -10 -1 -10 -1 -10 -1 -10 -1 -10 -2 -9 -2 -9 -2 -9 -3 -9 -2 -8 -3 -8 -3 -8 -3 -7 -3 -7 -3 -7 -3 -7 -3 -6 -3 -6 -4 -6 -4 0 0 0 0 0 0 0 0 0 0 ]
CSI_DATA,AP,10:B4:1D:CC:60:E0,-30,11,1,7,1,1,1,1,0,0,1,-93,0,6,2,5841639,0,68,0,0,5.55103,384,[0 0 0 0 0 0 0 0 0 0 0 0 -4 -11 -4 -11 -4 -11 -4 -11 -4 -11 -4 -10 -4 -10 -5 -10 -4 -10 -5 -10 -5 -10 -5 -9 -5 -9 -5 -9 -6 -9 -6 -9 -6 -8 -6 -8 -6 -8 -6 -9 -6 -9 -6 -8 -7 -8 -7 -8 -7 -8 -7 -8 0 0 -7 -8 -7 -8 -7 -9 -7 -9 -6 -9 -6 -9 -6 -9 -6 -9 -6 -9 -5 -9 -5 -9 -5 -9 -4 -9 -4 -8 -4 -8 -4 -8 -3 -8 -3 -8 -3 -8 -3 -7 -2 -7 -2 -7 -2 -7 -1 -7 -1 -7 -1 -6 0 0 0 0 0 0 0 0 0 0 ]
CSI_DATA,AP,10:B4:1D:CC:60:E0,-24,11,0,0,0,0,0,0,0,0,0,-93,0,6,2,5886023,0,66,0,0,5.59548,128,[0 0 0 0 0 0 0 0 0 0 0 0 10 11 10 11 10 11 10 11 10 10 10 11 10 10 10 9 10 9 10 9 10 9 10 8 10 8 10 8 11 8 10 7 11 7 11 7 11 7 11 6 11 6 11 6 11 6 12 6 12 6 12 6 0 0 12 6 12 6 12 6 12 7 12 7 11 7 11 7 11 7 11 8 10 8 10 8 10 8 9 8 9 8 8 8 8 8 7 8 7 8 6 7 6 8 6 8 5 8 5 8 4 8 3 7 3 8 0 0 0 0 0 0 0 0 0 0 ]
CSI_DATA,AP,10:B4:1D:CC:60:E0,-30,11,1,7,1,1,1,1,0,0,1,-93,0,6,2,5931483,0,68,0,0,5.64086,384,[0 0 0 0 0 0 0 0 0 0 0 0 -11 4 -11 4 -10 4 -10 4 -10 4 -10 4 -10 4 -10 4 -9 4 -9 4 -9 5 -9 5 -8 5 -8 5 -8 5 -8 5 -8 5 -8 5 -8 6 -8 6 -8 6 -7 6 -7 6 -8 6 -7 6 -8 6 0 0 -8 6 -8 6 -8 6 -8 6 -8 6 -8 6 -8 6 -8 5 -8 5 -8 5 -8 5 -8 4 -8 4 -8 4 -8 3 -8 3 -8 3 -8 3 -7 2 -7 2 -7 2 -7 1 -7 1 -7 1 -7 0 -7 0 0 0 0 0 0 0 0 0 0 0 ]
CSI_DATA,AP,10:B4:1D:CC:60:E0,-30,11,1,7,1,1,1,1,0,0,1,-93,0,6,2,6022289,0,68,0,0,5.73168,384,[0 0 0 0 0 0 0 0 0 0 0 0 11 -3 11 -3 10 -3 10 -3 10 -3 10 -3 10 -3 10 -3 10 -3 9 -4 9 -4 9 -4 9 -4 9 -4 9 -4 9 -4 9 -4 8 -4 8 -5 8 -5 8 -5 8 -5 8 -5 8 -6 8 -6 8 -6 0 0 9 -6 8 -6 9 -5 9 -5 9 -5 9 -5 9 -5 9 -5 9 -4 9 -4 8 -4 8 -4 8 -3 8 -3 8 -3 8 -2 7 -2 7 -2 7 -1 7 -1 7 -1 7 -1 6 -1 6 0 6 0 6 0 0 0 0 0 0 0 0 0 0 0 ]
CSI_DATA,AP,10:B4:1D:CC:60:E0,-30,11,1,7,1,1,1,1,0,0,1,-93,0,6,2,6113916,0,68,0,0,5.82331,384,[0 0 0 0 0 0 0 0 0 0 0 0 9 5 9 5 9 5 9 5 9 5 9 5 9 4 9 4 9 4 8 4 8 4 8 3 8 3 9 3 9 3 9 2 9 2 9 2 9 2 9 2 9 2 9 2 9 2 9 2 9 2 9 1 0 0 10 2 9 2 9 2 9 2 9 2 9 2 9 3 9 3 9 3 8 3 8 3 8 3 8 3 7 3 7 3 7 3 6 4 6 4 6 4 5 4 5 4 5 4 5 4 4 4 4 4 3 4 0 0 0 0 0 0 0 0 0 0 ]
CSI_DATA,AP,10:B4:1D:CC:60:E0,-30,11,1,7,1,1,1,1,0,0,1,-93,0,6,2,6201565,0,68,0,0,5.91096,384,[0 0 0 0 0 0 0 0 0 0 0 0 -12 -2 -11 -2 -11 -2 -11 -2 -11 -2 -11 -2 -11 -2 -11 -1 -11 -1 -11 -1 -11 -1 -10 -1 -10 0 -10 0 -10 0 -10 0 -10 0 -10 1 -10 1 -10 1 -10 1 -10 1 -10 2 -10 2 -10 2 -10 2 0 0 -10 2 -10 2 -10 2 -11 1 -10 1 -10 1 -10 1 -10 1 -10 0 -10 0 -10 0 -10 0 -9 0 -9 -1 -9 -1 -9 -1 -8 -1 -8 -1 -8 -2 -7 -2 -7 -2 -7 -2 -7 -2 -7 -2 -7 -3 -6 -3 0 0 0 0 0 0 0 0 0 0 ]
CSI_DATA,AP,10:B4:1D:CC:60:E0,-30,11,1,7,1,1,1,1,0,0,1,-93,0,6,2,6291621,0,68,0,0,6.00101,384,[0 0 0 0 0 0 0 0 0 0 0 0 -11 2 -11 2 -11 2 -11 2 -10 2 -11 2 -10 2 -10 2 -10 2 -10 3 -10 3 -9 3 -9 3 -9 3 -9 4 -9 4 -9 4 -8 4 -8 4 -8 4 -8 4 -8 4 -8 4 -8 5 -8 5 -8 5 0 0 -9 5 -8 5 -8 5 -9 5 -9 5 -9 4 -9 4 -9 4 -9 4 -9 3 -9 3 -8 3 -9 3 -8 2 -8 2 -8 2 -8 2 -8 2 -8 1 -7 1 -7 1 -7 0 -7 0 -7 0 -7 0 -7 -1 0 0 0 0 0 0 0 0 0 0 ]
CSI_DATA,AP,10:B4:1D:CC:60:E0,-30,11,1,7,1,1,1,1,0,0,1,-93,0,6,2,6381482,0,68,0,0,6.09088,384,[0 0 0 0 0 0 0 0 0 0 0 0 -5 9 -5 9 -5 9 -5 9 -5 9 -4 9 -4 9 -4 9 -4 9 -4 9 -4 9 -3 8 -3 9 -3 8 -3 9 -2 9 -2 8 -2 9 -2 9 -2 9 -1 9 -1 9 -2 9 -1 9 -1 9 -1 9 0 0 -1 9 -1 9 -1 9 -2 9 -2 9 -2 9 -2 9 -2 9 -2 8 -3 8 -3 8 -3 8 -3 8 -3 7 -3 7 -3 7 -4 7 -3 6 -3 6 -3 6 -4 5 -4 5 -4 5 -4 5 -4 4 -4 4 0 0 0 0 0 0 0 0 0 0 ]
CSI_DATA,AP,10:B4:1D:CC:60:E0,-30,11,1,7,1,1,1,1,0,0,1,-93,0,6,2,6471489,0,68,0,0,6.18089,384,[0 0 0 0 0 0 0 0 0 0 0 0 -11 -5 -11 -5 -11 -5 -11 -5 -11 -5 -11 -4 -10 -4 -10 -4 -10 -4 -10 -3 -10 -3 -10 -3 -10 -3 -10 -2 -10 -2 -10 -2 -10 -2 -10 -2 -10 -1 -10 -1 -10 -1 -10 -1 -10 -1 -10 -1 -10 -1 -11 -1 0 0 -11 -1 -11 -1 -11 -1 -11 -1 -11 -1 -11 -1 -10 -2 -10 -2 -10 -2 -10 -2 -10 -2 -9 -2 -9 -3 -9 -3 -9 -3 -8 -3 -8 -3 -8 -3 -8 -3 -7 -3 -7 -4 -7 -4 -6 -4 -6 -4 -6 -4 -5 -4 0 0 0 0 0 0 0 0 0 0 ]
CSI_DATA,AP,10:B4:1D:CC:60:E0,-30,11,1,7,1,1,1,1,0,0,1,-93,0,6,2,6561683,0,68,0,0,6.27108,384,[0 0 0 0 0 0 0 0 0 0 0 0 9 -5 9 -5 9 -5 9 -5 9 -5 9 -5 8 -5 8 -5 8 -5 8 -6 7 -6 7 -6 7 -6 7 -6 7 -7 7 -7 7 -7 6 -7 6 -7 6 -7 6 -7 6 -7 6 -8 6 -8 6 -8 6 -8 0 0 6 -8 6 -8 6 -8 6 -8 6 -8 6 -8 7 -8 7 -7 7 -7 7 -7 7 -6 6 -6 6 -6 7 -6 6 -5 7 -5 6 -5 6 -4 6 -4 6 -4 6 -3 6 -3 6 -3 6 -3 6 -2 5 -2 0 0 0 0 0 0 0 0 0 0 ]
CSI_DATA,AP,10:B4:1D:CC:60:E0,-30,11,1,7,1,1,1,1,0,0,1,-93,0,6,2,6651352,0,68,0,0,6.36075,384,[0 0 0 0 0 0 0 0 0 0 0 0 -9 -8 -9 -8 -9 -8 -9 -8 -9 -7 -9 -7 -9 -7 -9 -7 -9 -6 -9 -6 -9 -6 -9 -6 -9 -5 -9 -5 -9 -5 -9 -5 -9 -5 -9 -4 -10 -4 -10 -4 -9 -4 -10 -4 -10 -4 -10 -4 -10 -4 -10 -4 0 0 -11 -4 -10 -4 -10 -4 -10 -4 -10 -5 -10 -5 -10 -5 -10 -5 -10 -5 -9 -5 -9 -5 -9 -6 -8 -6 -8 -6 -8 -6 -8 -6 -7 -6 -7 -6 -7 -6 -6 -6 -6 -6 -5 -6 -5 -6 -5 -6 -5 -6 -4 -6 0 0 0 0 0 0 0 0 0 0 ]
CSI_DATA,AP,10:B4:1D:CC:60:E0,-30,11,1,7,1,1,1,1,0,0,1,-93,0,6,2,6741511,0,68,0,0,6.45091,384,[0 0 0 0 0 0 0 0 0 0 0 0 7 7 7 7 8 7 7 7 7 7 8 6 8 6 8 6 7 6 8 6 8 6 8 5 8 5 8 5 8 5 8 4 8 4 8 4 9 4 9 4 9 4 9 3 9 3 9 4 9 3 9 3 0 0 9 3 10 4 9 4 9 4 9 4 9 4 9 4 9 4 9 4 8 5 8 5 8 5 7 5 7 5 7 5 6 5 6 5 6 5 5 5 5 5 5 5 4 5 4 5 4 5 3 5 3 5 0 0 0 0 0 0 0 0 0 0 ]
CSI_DATA,AP,10:B4:1D:CC:60:E0,-30,11,1,7,1,1,1,1,0,0,1,-93,0,6,2,6831739,0,68,0,0,6.54113,384,[0 0 0 0 0 0 0 0 0 0 0 0 -3 10 -3 10 -2 10 -2 10 -2 10 -2 10 -2 10 -2 10 -1 10 -1 9 -1 10 0 9 0 9 0 10 0 10 0 9 1 9 1 9 1 10 1 9 1 9 1 10 2 9 2 10 2 10 2 10 0 0 2 10 2 10 2 11 2 10 2 10 1 11 1 10 1 10 0 10 0 10 0 10 0 10 0 10 0 10 -1 9 -1 9 -1 8 -1 8 -2 8 -2 7 -2 8 -2 7 -2 7 -3 7 -3 7 -3 6 0 0 0 0 0 0 0 0 0 0 ]
CSI_DATA,AP,10:B4:1D:CC:60:E0,-24,11,0,0,0,0,0,0,0,0,0,-93,0,6,2,6886063,0,66,0,0,6.59552,128,[0 0 0 0 0 0 0 0 0 0 0 0 -10 -12 -11 -12 -10 -11 -11 -11 -10 -11 -11 -11 -10 -10 -11 -10 -11 -10 -10 -9 -11 -9 -11 -9 -11 -9 -12 -8 -12 -8 -11 -8 -12 -8 -12 -7 -12 -7 -12 -7 -13 -7 -13 -7 -12 -6 -13 -6 -13 -6 -14 -6 0 0 -14 -7 -13 -7 -14 -7 -13 -7 -14 -7 -13 -7 -13 -8 -13 -8 -13 -8 -12 -8 -12 -8 -12 -8 -11 -8 -11 -9 -10 -8 -10 -9 -9 -8 -9 -8 -9 -9 -8 -9 -8 -8 -7 -9 -7 -8 -6 -9 -6 -9 -5 -9 0 0 0 0 0 0 0 0 0 0 ]
CSI_DATA,AP,10:B4:1D:CC:60:E0,-30,11,1,7,1,1,1,1,0,0,1,-93,0,6,2,6921497,0,68,0,0,6.63121,384,[0 0 0 0 0 0 0 0 0 0 0 0 -11 -4 -11 -4 -11 -4 -11 -4 -11 -4 -11 -4 -10 -3 -11 -3 -11 -3 -10 -3 -11 -2 -10 -2 -10 -2 -10 -2 -10 -2 -10 -1 -10 -1 -10 -1 -10 -1 -10 0 -10 0 -11 0 -11 0 -11 0 -11 0 -11 0 0 0 -11 0 -11 0 -11 0 -11 0 -11 0 -11 -1 -11 -1 -11 -1 -11 -1 -10 -1 -10 -2 -10 -2 -10 -2 -9 -2 -9 -2 -9 -2 -9 -3 -8 -3 -8 -3 -8 -3 -8 -3 -7 -4 -7 -3 -7 -4 -7 -4 -6 -4 0 0 0 0 0 0 0 0 0 0 ]
CSI_DATA,AP,10:B4:1D:CC:60:E0,-30,11,1,7,1,1,1,1,0,0,1,-93,0,6,2,7011595,0,68,0,0,6.72099,384,[0 0 0 0 0 0 0 0 0 0 0 0 7 7 7 8 7 7 7 7 7 7 7 7 7 6 7 6 7 6 7 6 7 5 7 5 7 5 7 5 8 5 8 4 8 4 8 4 8 4 8 4 8 4 8 4 8 4 8 4 9 4 9 4 0 0 9 4 9 4 9 4 8 4 8 4 8 5 8 5 8 5 8 5 7 5 7 5 7 5 7 5 6 6 6 5 6 6 5 5 5 5 5 5 4 5 4 5 3 6 3 5 3 5 3 5 2 5 0 0 0 0 0 0 0 0 0 0 ]
CSI_DATA,AP,10:B4:1D:CC:60:E0,-30,11,1,7,1,1,1,1,0,0,1,-93,0,6,2,7101625,0,68,0,0,6.81102,384,[0 0 0 0 0 0 0 0 0 0 0 0 10 4 10 4 10 4 10 3 10 3 9 3 10 3 10 2 9 2 10 2 9 2 9 2 9 1 9 1 9 1 9 0 9 0 9 0 9 0 9 0 9 0 9 -1 10 -1 10 -1 9 -1 10 -1 0 0 10 -1 10 -1 10 -1 10 -1 10 -1 10 -1 10 0 10 0 10 0 10 1 9 0 9 1 9 1 8 1 8 1 8 1 8 1 7 1 7 2 7 2 7 2 6 2 6 2 6 3 6 3 5 3 0 0 0 0 0 0 0 0 0 0 ]
CSI_DATA,AP,10:B4:1D:CC:60:E0,-30,11,1,7,1,1,1,1,0,0,1,-93,0,6,2,7191532,0,68,0,0,6.90093,384,[0 0 0 0 0 0 0 0 0 0 0 0 -11 -3 -11 -3 -11 -2 -11 -2 -11 -2 -11 -2 -11 -2 -11 -2 -10 -2 -10 -1 -10 -1 -10 -1 -10 -1 -10 -1 -10 0 -10 0 -10 0 -10 0 -10 1 -10 1 -10 1 -10 1 -10 1 -10 1 -10 1 -10 1 0 0 -11 1 -10 1 -11 1 -11 1 -11 1 -11 1 -11 0 -10 0 -10 0 -10 0 -10 0 -10 -1 -9 -1 -9 -1 -9 -2 -9 -2 -9 -2 -8 -2 -8 -2 -8 -2 -8 -3 -7 -3 -7 -3 -7 -3 -7 -3 -6 -4 0 0 0 0 0 0 0 0 0 0 ]
CSI_DATA,AP,10:B4:1D:CC:60:E0,-30,11,1,7,1,1,1,1,0,0,1,-93,0,6,2,7281516,0,68,0,0,6.99091,384,[0 0 0 0 0 0 0 0 0 0 0 0 -4 -11 -4 -11 -4 -11 -4 -11 -4 -11 -4 -10 -4 -10 -4 -10 -4 -10 -5 -10 -5 -9 -5 -9 -5 -9 -5 -9 -5 -9 -5 -9 -5 -8 -6 -8 -6 -8 -6 -8 -6 -8 -6 -8 -7 -8 -7 -8 -7 -8 -7 -8 0 0 -7 -9 -7 -9 -7 -9 -7 -8 -6 -9 -6 -9 -6 -9 -6 -9 -6 -9 -5 -9 -5 -9 -5 -9 -5 -9 -4 -9 -4 -8 -4 -8 -3 -8 -3 -8 -3 -8 -2 -8 -2 -8 -2 -8 -2 -8 -1 -7 -1 -7 -1 -7 0 0 0 0 0 0 0 0 0 0 ]
CSI_DATA,AP,10:B4:1D:CC:60:E0,-30,11,1,7,1,1,1,1,0,0,1,-93,0,6,2,7371612,0,68,0,0,7.081,384,[0 0 0 0 0 0 0 0 0 0 0 0 -8 8 -7 8 -7 8 -7 8 -7 8 -7 7 -6 7 -6 8 -6 7 -6 8 -5 8 -5 8 -5 8 -5 8 -5 8 -5 8 -4 8 -4 8 -4 8 -4 8 -4 8 -4 8 -3 9 -3 9 -3 9 -3 9 0 0 -4 9 -3 9 -3 9 -4 9 -4 9 -4 9 -4 9 -4 8 -5 8 -5 8 -5 8 -5 8 -5 7 -5 7 -5 7 -5 6 -5 6 -5 6 -5 5 -5 5 -5 5 -5 5 -5 5 -5 4 -6 4 -6 3 0 0 0 0 0 0 0 0 0 0 ]
CSI_DATA,AP,10:B4:1D:CC:60:E0,-30,11,1,7,1,1,1,1,0,0,1,-93,0,6,2,7461560,0,68,0,0,7.17096,384,[0 0 0 0 0 0 0 0 0 0 0 0 -11 -4 -11 -4 -11 -3 -11 -3 -11 -3 -10 -3 -10 -3 -10 -3 -10 -3 -10 -2 -10 -2 -10 -2 -10 -2 -10 -1 -10 -1 -10 -1 -10 -1 -10 0 -10 0 -10 0 -10 0 -10 0 -10 0 -10 1 -10 1 -10 1 0 0 -10 1 -10 0 -10 1 -11 0 -10 0 -11 0 -10 0 -10 0 -10 -1 -10 -1 -10 -1 -10 -1 -9 -1 -9 -2 -9 -1 -9 -2 -9 -2 -8 -2 -8 -2 -8 -3 -8 -3 -7 -3 -7 -3 -7 -3 -7 -3 -6 -4 0 0 0 0 0 0 0 0 0 0 ]
CSI_DATA,AP,10:B4:1D:CC:60:E0,-30,11,1,7,1,1,1,1,0,0,1,-93,0,6,2,7551495,0,68,0,0,7.26089,384,[0 0 0 0 0 0 0 0 0 0 0 0 1 -11 1 -11 0 -11 0 -11 0 -11 0 -11 0 -11 0 -10 0 -10 -1 -10 -1 -10 -1 -10 -1 -10 -1 -10 -2 -10 -2 -9 -2 -10 -2 -9 -2 -10 -3 -10 -3 -10 -3 -10 -3 -10 -3 -10 -3 -10 -3 -10 0 0 -3 -10 -3 -10 -3 -10 -3 -10 -3 -11 -2 -10 -2 -11 -2 -10 -2 -10 -1 -10 -1 -10 -1 -10 -1 -10 -1 -10 0 -9 0 -9 0 -9 0 -8 0 -8 1 -8 1 -8 1 -8 1 -7 2 -7 2 -7 2 -6 0 0 0 0 0 0 0 0 0 0 ]
CSI_DATA,AP,10:B4:1D:CC:60:E0,-30,11,1,7,1,1,1,1,0,0,1,-92,0,6,2,7641501,0,68,0,0,7.3509,384,[0 0 0 0 0 0 0 0 0 0 0 0 -6 -10 -6 -9 -7 -9 -6 -9 -6 -9 -6 -9 -6 -8 -6 -8 -6 -8 -7 -8 -7 -7 -7 -7 -7 -7 -7 -7 -7 -7 -8 -6 -7 -6 -8 -6 -8 -6 -8 -6 -8 -6 -8 -6 -8 -6 -9 -6 -9 -5 -9 -5 0 0 -9 -6 -9 -6 -9 -6 -9 -6 -9 -6 -9 -6 -8 -6 -8 -6 -8 -6 -8 -6 -8 -6 -7 -7 -7 -6 -7 -7 -7 -7 -6 -6 -6 -7 -6 -6 -5 -6 -5 -6 -5 -6 -4 -6 -4 -6 -4 -6 -4 -6 -3 -6 0 0 0 0 0 0 0 0 0 0 ]
CSI_DATA,AP,10:B4:1D:CC:60:E0,-30,11,1,7,1,1,1,1,0,0,1,-92,0,6,2,7731734,0,68,0,0,7.44113,384,[0 0 0 0 0 0 0 0 0 0 0 0 -11 -3 -11 -3 -11 -3 -11 -3 -11 -3 -11 -3 -10 -2 -10 -2 -10 -2 -10 -2 -10 -2 -10 -2 -10 -1 -10 -1 -10 -1 -10 0 -10 0 -10 0 -10 0 -10 0 -10 0 -10 1 -10 1 -10 1 -10 1 -10 1 0 0 -11 1 -10 1 -11 1 -10 1 -11 1 -11 0 -11 0 -11 0 -10 0 -10 -1 -10 -1 -10 -1 -10 -1 -10 -1 -9 -1 -9 -2 -9 -2 -9 -2 -8 -2 -8 -2 -8 -3 -7 -3 -7 -3 -7 -3 -7 -4 -6 -4 0 0 0 0 0 0 0 0 0 0 ]
CSI_DATA,AP,10:B4:1D:CC:60:E0,-30,11,1,7,1,1,1,1,0,0,1,-92,0,6,2,7821586,0,68,0,0,7.53098,384,[0 0 0 0 0 0 0 0 0 0 0 0 6 8 6 8 6 8 6 8 6 8 6 7 6 7 6 7 6 7 6 6 6 6 6 6 7 6 7 5 7 5 7 5 7 5 7 5 7 5 7 5 7 5 7 4 8 4 8 4 8 4 8 4 0 0 8 4 8 5 8 5 8 4 8 5 8 5 8 5 8 5 7 5 7 5 7 5 7 6 6 6 6 6 6 6 6 6 5 6 5 6 5 5 4 5 4 6 3 6 3 6 3 6 3 6 2 6 0 0 0 0 0 0 0 0 0 0 ]
CSI_DATA,AP,10:B4:1D:CC:60:E0,-30,11,1,7,1,1,1,1,0,0,1,-92,0,6,2,7911613,0,68,0,0,7.62101,384,[0 0 0 0 0 0 0 0 0 0 0 0 9 5 8 5 9 5 8 5 8 4 8 4 8 4 8 4 8 4 8 3 8 3 8 3 8 3 8 2 8 2 8 2 8 2 8 2 9 1 9 1 9 1 9 1 9 1 9 1 9 1 9 1 0 0 9 1 9 1 10 1 9 1 10 1 10 2 9 2 9 2 9 2 9 2 9 2 8 2 8 3 8 3 8 3 8 3 7 3 7 3 7 3 6 3 6 4 6 4 5 4 5 4 5 4 4 4 0 0 0 0 0 0 0 0 0 0 ]
CSI_DATA,AP,10:B4:1D:CC:60:E0,-31,11,1,7,1,1,1,1,0,0,1,-92,0,6,2,8001706,0,68,0,0,7.7111,384,[0 0 0 0 0 0 0 0 0 0 0 0 2 -11 2 -10 1 -11 2 -10 1 -11 1 -10 1 -10 1 -10 0 -10 0 -10 0 -10 0 -10 0 -10 -1 -10 -1 -10 -1 -10 -1 -10 -2 -10 -2 -10 -2 -10 -2 -10 -2 -10 -2 -10 -3 -10 -3 -10 -2 -10 0 0 -2 -10 -3 -10 -3 -10 -3 -10 -2 -10 -2 -11 -2 -11 -2 -10 -1 -10 -1 -10 -1 -10 -1 -10 -1 -10 0 -9 0 -9 0 -9 0 -9 0 -8 0 -8 1 -8 1 -8 1 -8 1 -8 2 -7 2 -7 2 -6 0 0 0 0 0 0 0 0 0 0 ]
CSI_DATA,AP,10:B4:1D:CC:60:E0,-31,11,1,7,1,1,1,1,0,0,1,-92,0,6,2,8094165,0,68,0,0,7.80356,384,[0 0 0 0 0 0 0 0 0 0 0 0 0 10 0 10 0 10 0 10 0 10 0 10 0 10 1 9 1 9 1 9 2 9 2 9 2 9 2 9 2 8 3 8 2 8 3 8 3 8 3 8 3 8 3 8 4 8 4 8 4 8 4 8 0 0 4 8 4 9 4 8 4 9 4 9 3 9 3 9 3 9 3 9 3 9 3 9 2 9 2 8 2 8 2 8 1 8 1 8 1 7 0 7 0 7 0 7 -1 7 -1 7 -1 7 -1 6 -2 6 0 0 0 0 0 0 0 0 0 0 ]
CSI_DATA,AP,10:B4:1D:CC:60:E0,-31,11,1,7,1,1,1,1,0,0,1,-92,0,6,2,8181431,0,68,0,0,7.89082,384,[0 0 0 0 0 0 0 0 0 0 0 0 5 9 5 9 5 9 5 8 5 9 5 8 5 8 5 8 5 8 6 7 6 7 6 7 6 7 6 6 6 6 6 6 6 6 7 6 7 6 7 6 7 6 7 6 7 5 8 5 7 5 8 5 0 0 8 5 8 6 8 6 8 5 8 6 7 6 7 7 7 7 7 6 7 6 6 6 6 6 6 7 5 6 5 6 5 6 4 7 4 6 4 6 4 6 3 6 3 6 3 6 2 6 2 6 2 6 0 0 0 0 0 0 0 0 0 0 ]
CSI_DATA,AP,10:B4:1D:CC:60:E0,-30,11,1,7,1,1,1,1,0,0,1,-92,0,6,2,8271541,0,68,0,0,7.98094,384,[0 0 0 0 0 0 0 0 0 0 0 0 -1 -12 -1 -11 -1 -11 -1 -11 -1 -11 -2 -11 -1 -11 -2 -11 -2 -10 -2 -10 -3 -10 -3 -10 -3 -10 -3 -10 -3 -10 -4 -9 -4 -9 -4 -9 -4 -9 -4 -9 -4 -9 -5 -9 -5 -9 -5 -9 -5 -9 -5 -9 0 0 -5 -10 -5 -10 -5 -10 -5 -10 -5 -10 -5 -10 -4 -10 -4 -10 -4 -10 -4 -10 -4 -9 -4 -10 -3 -9 -3 -9 -3 -9 -2 -9 -2 -9 -2 -8 -1 -8 -1 -8 -1 -8 -1 -8 0 -8 0 -8 0 -8 0 -7 0 0 0 0 0 0 0 0 0 0 ]
CSI_DATA,AP,10:B4:1D:CC:60:E0,-28,11,1,7,0,1,1,1,0,0,1,-92,0,6,2,8361516,0,68,0,0,8.07091,256,[0 0 0 0 0 0 0 0 0 0 0 0 11 10 11 9 11 9 11 9 11 9 11 8 11 8 11 8 11 7 11 7 11 7 11 7 11 6 11 6 11 5 12 5 12 5 12 4 12 4 12 4 12 3 13 3 13 3 13 3 13 4 13 3 0 0 13 3 13 3 13 3 14 4 13 4 13 4 13 4 13 4 13 4 13 5 12 5 11 5 11 6 11 5 11 6 10 6 10 6 9 6 9 6 9 6 8 6 8 6 7 7 6 7 6 7 5 7 0 0 0 0 0 0 0 0 0 0 ]
CSI_DATA,AP,10:B4:1D:CC:60:E0,-30,11,1,7,1,1,1,1,0,0,1,-92,0,6,2,8451491,0,68,0,0,8.16089,384,[0 0 0 0 0 0 0 0 0 0 0 0 10 1 10 1 10 1 10 1 10 1 10 0 9 0 10 0 9 0 9 0 9 -1 9 -1 9 -1 9 -1 9 -1 9 -2 9 -2 9 -2 9 -3 9 -3 9 -3 9 -3 9 -3 9 -3 9 -3 9 -3 0 0 9 -3 9 -3 9 -3 9 -3 9 -3 9 -3 9 -3 9 -3 9 -2 9 -2 9 -2 9 -1 9 -1 8 -1 8 -1 8 -1 8 -1 8 0 7 0 7 0 7 0 7 0 7 1 6 1 6 1 6 2 0 0 0 0 0 0 0 0 0 0 ]
CSI_DATA,AP,10:B4:1D:CC:60:E0,-31,11,1,7,1,1,1,1,0,0,1,-92,0,6,2,8541581,0,68,0,0,8.25097,384,[0 0 0 0 0 0 0 0 0 0 0 0 -4 -11 -4 -10 -5 -10 -5 -10 -5 -10 -5 -10 -5 -10 -5 -9 -5 -9 -5 -9 -5 -9 -6 -9 -6 -8 -6 -9 -6 -8 -6 -8 -6 -8 -6 -8 -7 -8 -7 -8 -7 -8 -7 -8 -7 -8 -7 -8 -8 -8 -8 -8 0 0 -8 -8 -8 -8 -8 -8 -8 -8 -8 -8 -7 -9 -7 -9 -7 -9 -7 -9 -6 -8 -6 -8 -6 -9 -5 -9 -5 -9 -5 -8 -5 -8 -4 -8 -4 -8 -4 -8 -3 -8 -3 -8 -3 -8 -2 -8 -2 -8 -2 -7 -1 -7 0 0 0 0 0 0 0 0 0 0 ]
CSI_DATA,AP,10:B4:1D:CC:60:E0,-30,11,1,7,1,1,1,1,0,0,1,-92,0,6,2,8631510,0,68,0,0,8.34092,384,[0 0 0 0 0 0 0 0 0 0 0 0 -6 -10 -6 -9 -6 -10 -6 -9 -6 -9 -6 -9 -6 -9 -6 -8 -6 -8 -6 -8 -6 -8 -6 -8 -7 -8 -7 -7 -7 -7 -7 -7 -7 -6 -8 -7 -8 -6 -8 -7 -8 -7 -8 -6 -8 -6 -8 -6 -8 -7 -8 -6 0 0 -8 -7 -9 -7 -9 -7 -9 -7 -8 -7 -8 -7 -8 -7 -8 -7 -8 -7 -7 -8 -7 -7 -7 -8 -6 -8 -6 -7 -6 -8 -5 -7 -5 -8 -5 -7 -5 -7 -4 -7 -4 -7 -4 -7 -3 -7 -3 -7 -3 -7 -2 -7 0 0 0 0 0 0 0 0 0 0 ]
CSI_DATA,AP,10:B4:1D:CC:60:E0,-31,11,1,7,1,1,1,1,0,0,1,-92,0,6,2,8721479,0,68,0,0,8.43087,384,[0 0 0 0 0 0 0 0 0 0 0 0 -7 -8 -7 -8 -7 -8 -7 -8 -7 -8 -7 -8 -7 -8 -7 -7 -7 -7 -7 -7 -7 -7 -7 -6 -8 -6 -8 -6 -8 -6 -8 -6 -8 -6 -8 -5 -8 -5 -8 -5 -8 -5 -8 -5 -9 -5 -9 -5 -9 -5 -9 -5 0 0 -9 -5 -9 -5 -9 -5 -9 -5 -9 -6 -9 -6 -9 -6 -9 -6 -8 -6 -8 -6 -8 -6 -8 -6 -7 -6 -7 -6 -7 -6 -7 -6 -6 -6 -6 -6 -6 -6 -5 -6 -5 -6 -5 -7 -4 -6 -4 -6 -4 -7 -3 -6 0 0 0 0 0 0 0 0 0 0 ]
CSI_DATA,AP,10:B4:1D:CC:60:E0,-30,11,1,7,1,1,1,1,0,0,1,-92,0,6,2,8811768,0,68,0,0,8.52116,384,[0 0 0 0 0 0 0 0 0 0 0 0 -5 9 -5 9 -5 9 -5 9 -5 8 -5 8 -4 8 -4 8 -4 8 -3 8 -3 8 -3 8 -3 8 -2 8 -2 9 -2 8 -2 8 -2 8 -2 9 -1 9 -1 9 -1 9 -1 8 -1 9 -1 9 -1 9 0 0 -1 9 -1 9 -1 9 -1 9 -1 10 -1 9 -2 9 -2 9 -2 9 -2 9 -2 9 -2 9 -3 8 -3 8 -3 7 -3 7 -3 7 -3 7 -4 6 -4 6 -4 6 -4 6 -4 6 -4 5 -4 5 -5 5 0 0 0 0 0 0 0 0 0 0 ]
CSI_DATA,AP,10:B4:1D:CC:60:E0,-30,11,1,7,1,1,1,1,0,0,1,-92,0,6,2,8901522,0,68,0,0,8.61091,384,[0 0 0 0 0 0 0 0 0 0 0 0 1 10 1 10 1 10 1 10 1 10 1 10 1 9 2 9 2 9 2 9 2 9 2 9 3 8 3 8 3 8 3 8 3 8 4 8 4 8 4 8 4 8 4 8 4 8 5 8 5 8 5 8 0 0 5 8 5 8 5 8 5 8 4 9 4 9 4 9 4 9 4 8 3 8 3 8 3 9 3 8 2 8 2 8 2 8 2 8 1 7 1 7 1 7 1 7 0 7 0 7 0 7 0 6 -1 6 0 0 0 0 0 0 0 0 0 0 ]
CSI_DATA,AP,10:B4:1D:CC:60:E0,-30,11,1,7,1,1,1,1,0,0,1,-92,0,6,2,8991492,0,68,0,0,8.70089,384,[0 0 0 0 0 0 0 0 0 0 0 0 5 9 5 9 5 9 5 9 5 8 5 8 5 8 5 8 5 8 5 7 6 7 6 7 6 7 6 7 6 6 6 6 6 6 6 6 7 6 7 6 7 6 7 6 7 5 8 6 7 5 7 5 0 0 8 6 8 6 8 6 8 6 8 6 7 6 7 6 7 6 7 6 6 6 6 6 6 6 6 6 5 7 5 6 5 6 4 6 5 6 4 6 4 6 3 6 3 6 3 6 2 6 2 6 1 6 0 0 0 0 0 0 0 0 0 0 ]
CSI_DATA,AP,10:B4:1D:CC:60:E0,-30,11,1,7,1,1,1,1,0,0,1,-92,0,6,2,9084342,0,68,0,0,8.79374,384,[0 0 0 0 0 0 0 0 0 0 0 0 -9 -7 -9 -7 -9 -7 -9 -7 -9 -7 -9 -6 -9 -6 -9 -6 -9 -6 -9 -6 -9 -6 -9 -5 -9 -5 -9 -5 -9 -5 -9 -4 -9 -4 -9 -4 -9 -4 -10 -3 -9 -4 -10 -3 -10 -3 -10 -4 -10 -3 -10 -3 0 0 -10 -3 -10 -3 -10 -3 -10 -3 -10 -4 -10 -4 -10 -4 -10 -4 -10 -4 -10 -5 -9 -5 -9 -5 -8 -5 -8 -5 -8 -5 -8 -5 -7 -5 -7 -5 -7 -5 -6 -5 -6 -6 -6 -5 -6 -6 -5 -6 -5 -6 -4 -6 0 0 0 0 0 0 0 0 0 0 ]
CSI_DATA,AP,10:B4:1D:CC:60:E0,-31,11,1,7,1,1,1,1,0,0,1,-92,0,6,2,9171632,0,68,0,0,8.88103,384,[0 0 0 0 0 0 0 0 0 0 0 0 -1 10 -1 10 -1 10 -1 10 -1 10 -1 10 -1 9 -1 9 0 9 0 9 0 9 0 9 0 9 1 9 1 9 1 9 1 8 2 8 2 9 2 8 2 8 2 9 2 9 3 9 3 9 2 9 0 0 3 9 3 9 3 9 3 9 2 9 2 9 2 9 2 9 1 9 1 9 1 9 1 9 0 9 0 8 0 8 0 8 0 8 -1 7 -1 7 -1 7 -1 7 -2 7 -2 6 -2 6 -2 6 -3 6 0 0 0 0 0 0 0 0 0 0 ]
CSI_DATA,AP,10:B4:1D:CC:60:E0,-31,11,1,7,1,1,1,1,0,0,1,-92,0,6,2,9261503,0,68,0,0,8.9709,384,[0 0 0 0 0 0 0 0 0 0 0 0 -2 -11 -2 -11 -2 -11 -2 -11 -2 -11 -2 -10 -2 -10 -3 -10 -2 -10 -3 -10 -3 -10 -3 -9 -3 -9 -4 -9 -4 -10 -4 -9 -4 -9 -4 -9 -5 -9 -5 -9 -5 -9 -5 -9 -5 -9 -5 -9 -5 -9 -5 -9 0 0 -5 -9 -5 -9 -5 -10 -5 -9 -5 -9 -5 -10 -5 -10 -4 -10 -4 -9 -4 -9 -4 -9 -3 -9 -3 -9 -3 -9 -3 -9 -2 -9 -2 -9 -2 -8 -2 -8 -1 -8 -1 -8 -1 -8 -1 -8 0 -7 0 -7 0 -7 0 0 0 0 0 0 0 0 0 0 ]
CSI_DATA,AP,10:B4:1D:CC:60:E0,-30,11,1,7,1,1,1,1,0,0,1,-92,0,6,2,9351578,0,68,0,0,9.06097,384,[0 0 0 0 0 0 0 0 0 0 0 0 -8 7 -8 6 -8 7 -7 6 -7 7 -7 6 -7 7 -7 6 -6 6 -6 7 -6 7 -6 6 -6 7 -5 7 -5 7 -5 7 -5 7 -5 7 -4 7 -4 7 -4 7 -4 8 -4 8 -4 8 -4 8 -4 8 0 0 -4 8 -4 8 -4 8 -4 8 -4 8 -5 8 -5 8 -5 8 -5 7 -5 7 -5 7 -5 7 -5 7 -5 6 -5 6 -5 6 -6 6 -5 5 -5 5 -6 4 -6 4 -6 4 -6 4 -6 3 -6 3 -6 2 0 0 0 0 0 0 0 0 0 0 ]
CSI_DATA,AP,10:B4:1D:CC:60:E0,-30,11,1,7,1,1,1,1,0,0,1,-92,0,6,2,9441501,0,68,0,0,9.1509,384,[0 0 0 0 0 0 0 0 0 0 0 0 -5 -10 -5 -10 -5 -10 -5 -10 -5 -10 -5 -10 -5 -9 -5 -9 -5 -9 -5 -8 -5 -8 -6 -8 -6 -8 -6 -8 -6 -8 -6 -8 -6 -7 -6 -7 -7 -7 -7 -7 -7 -7 -7 -7 -7 -7 -8 -7 -8 -7 -8 -7 0 0 -8 -7 -8 -7 -8 -8 -7 -7 -7 -8 -7 -8 -7 -8 -7 -8 -6 -8 -6 -7 -6 -8 -6 -8 -6 -8 -5 -8 -5 -8 -5 -8 -4 -7 -4 -7 -4 -7 -3 -7 -4 -7 -3 -7 -3 -7 -2 -7 -2 -7 -2 -7 0 0 0 0 0 0 0 0 0 0 ]
CSI_DATA,AP,10:B4:1D:CC:60:E0,-30,11,1,7,1,1,1,1,0,0,1,-92,0,6,2,9531551,0,68,0,0,9.24094,384,[0 0 0 0 0 0 0 0 0 0 0 0 -10 -4 -10 -4 -10 -3 -10 -4 -10 -3 -10 -3 -10 -3 -10 -3 -10 -3 -9 -2 -10 -2 -9 -2 -9 -2 -9 -1 -9 -1 -9 -1 -9 -1 -9 -1 -9 0 -9 0 -9 0 -9 0 -9 0 -10 0 -10 0 -10 0 0 0 -10 0 -10 0 -10 0 -10 0 -10 0 -10 0 -10 0 -10 -1 -10 -1 -10 -1 -10 -1 -9 -1 -9 -2 -9 -2 -9 -2 -8 -2 -8 -2 -8 -2 -8 -2 -8 -2 -7 -3 -7 -3 -7 -3 -6 -3 -6 -4 -6 -4 0 0 0 0 0 0 0 0 0 0 ]
CSI_DATA,AP,10:B4:1D:CC:60:E0,-30,11,1,7,1,1,1,1,0,0,1,-92,0,6,2,9621478,0,68,0,0,9.33088,384,[0 0 0 0 0 0 0 0 0 0 0 0 10 -3 10 -3 10 -3 10 -3 10 -3 9 -3 9 -4 9 -3 9 -4 9 -4 8 -4 8 -4 8 -5 8 -5 8 -5 8 -5 8 -5 7 -5 7 -6 7 -6 7 -6 7 -6 7 -6 7 -7 7 -7 7 -7 0 0 8 -7 8 -7 7 -7 8 -7 8 -7 8 -6 8 -6 8 -6 8 -5 8 -5 8 -5 8 -5 8 -5 8 -4 8 -4 8 -4 7 -4 7 -3 7 -3 7 -2 7 -2 7 -2 7 -2 6 -2 7 -1 6 -1 0 0 0 0 0 0 0 0 0 0 ]
CSI_DATA,AP,10:B4:1D:CC:60:E0,-30,11,1,7,1,1,1,1,0,0,1,-92,0,6,2,9711462,0,68,0,0,9.42086,384,[0 0 0 0 0 0 0 0 0 0 0 0 6 8 6 8 6 7 6 7 6 7 6 7 6 7 6 6 6 6 6 6 6 6 6 5 7 5 7 5 7 5 7 5 7 4 7 4 7 4 7 4 7 4 8 4 7 4 8 4 8 4 8 4 0 0 8 4 8 4 8 4 8 4 8 4 8 4 8 5 8 5 7 5 7 5 7 5 7 5 7 5 6 5 6 5 6 5 5 5 5 5 5 5 4 5 4 5 4 5 3 5 3 5 3 5 3 5 0 0 0 0 0 0 0 0 0 0 ]
CSI_DATA,AP,10:B4:1D:CC:60:E0,-31,11,1,7,1,1,1,1,0,0,1,-92,0,6,2,9801492,0,68,0,0,9.51089,384,[0 0 0 0 0 0 0 0 0 0 0 0 6 8 6 8 6 8 6 8 6 8 6 7 6 7 6 7 6 7 6 6 7 6 7 6 7 6 7 5 7 6 7 5 7 5 7 5 8 5 7 5 8 4 8 5 8 4 8 4 8 4 8 4 0 0 8 4 8 4 8 5 8 4 8 5 8 5 8 5 8 5 7 5 8 5 7 5 7 5 7 5 6 5 6 5 6 5 5 5 5 5 5 5 4 5 4 6 4 6 3 5 3 5 3 5 2 5 0 0 0 0 0 0 0 0 0 0 ]
CSI_DATA,AP,10:B4:1D:CC:60:E0,-30,11,1,7,1,1,1,1,0,0,1,-92,0,6,2,9892312,0,68,0,0,9.60171,384,[0 0 0 0 0 0 0 0 0 0 0 0 -10 -5 -10 -5 -10 -5 -10 -5 -10 -4 -10 -4 -10 -4 -10 -4 -10 -3 -10 -3 -10 -3 -10 -3 -10 -3 -10 -2 -10 -2 -10 -2 -10 -2 -10 -1 -10 -1 -10 -1 -10 -1 -10 -1 -10 0 -10 0 -10 0 -10 0 0 0 -10 0 -10 0 -11 0 -11 0 -11 -1 -11 -1 -11 -1 -10 -1 -10 -1 -10 -1 -10 -2 -10 -2 -9 -2 -9 -2 -9 -2 -9 -2 -9 -3 -8 -3 -8 -3 -8 -3 -8 -3 -7 -3 -7 -4 -7 -4 -6 -4 -6 -4 0 0 0 0 0 0 0 0 0 0 ]
CSI_DATA,AP,10:B4:1D:CC:60:E0,-30,11,1,7,1,1,1,1,0,0,1,-92,0,6,2,9982003,0,68,0,0,9.6914,384,[0 0 0 0 0 0 0 0 0 0 0 0 4 -11 4 -10 4 -10 3 -10 3 -10 3 -10 3 -10 3 -10 3 -10 2 -10 2 -10 2 -10 1 -10 1 -10 1 -10 1 -10 1 -10 0 -10 0 -10 0 -10 0 -10 0 -10 -1 -10 -1 -10 -1 -10 -1 -10 0 0 -1 -10 -1 -11 -1 -11 0 -11 0 -11 0 -11 0 -11 0 -10 1 -10 1 -10 1 -10 1 -10 1 -10 1 -9 2 -9 2 -9 2 -9 2 -8 2 -8 2 -7 2 -7 3 -7 3 -7 3 -7 3 -6 3 -6 0 0 0 0 0 0 0 0 0 0 ]
CSI_DATA,AP,10:B4:1D:CC:60:E0,-31,11,1,7,1,1,1,1,0,0,1,-92,0,6,2,10071511,0,68,0,0,9.78091,384,[0 0 0 0 0 0 0 0 0 0 0 0 6 9 5 8 6 8 5 8 6 8 5 8 6 7 5 7 5 7 6 7 6 7 6 6 6 6 6 6 6 6 7 6 6 5 7 5 7 5 7 5 7 5 7 5 7 5 8 5 7 5 7 5 0 0 7 5 8 5 8 5 8 5 8 6 7 6 7 6 7 6 7 6 7 6 6 6 6 6 6 6 5 6 5 6 5 6 4 6 4 6 4 6 3 6 3 6 3 6 3 6 2 6 2 6 1 6 0 0 0 0 0 0 0 0 0 0 ]
CSI_DATA,AP,10:B4:1D:CC:60:E0,-31,11,1,7,1,1,1,1,0,0,1,-92,0,6,2,10161610,0,68,0,0,9.871,384,[0 0 0 0 0 0 0 0 0 0 0 0 9 -5 9 -4 9 -5 9 -5 8 -5 9 -4 8 -5 8 -5 8 -5 8 -5 7 -5 7 -5 7 -5 7 -6 7 -6 7 -6 7 -6 6 -6 6 -6 6 -6 6 -6 6 -7 6 -7 6 -7 6 -7 6 -7 0 0 6 -7 6 -7 6 -7 7 -7 7 -7 7 -7 7 -7 7 -7 7 -6 7 -6 7 -6 7 -6 7 -5 7 -5 7 -4 7 -4 7 -4 7 -4 6 -3 6 -3 6 -3 6 -3 6 -2 6 -2 6 -2 6 -1 0 0 0 0 0 0 0 0 0 0 ]
CSI_DATA,AP,10:B4:1D:CC:60:E0,-31,11,1,7,1,1,1,1,0,0,1,-92,0,6,2,10251483,0,68,0,0,9.96088,384,[0 0 0 0 0 0 0 0 0 0 0 0 3 -11 3 -10 3 -11 3 -10 2 -10 2 -10 2 -10 2 -10 2 -10 2 -10 1 -10 1 -10 1 -10 0 -10 0 -10 0 -10 0 -10 0 -10 -1 -10 -1 -10 -1 -10 -1 -10 -1 -10 -1 -10 -1 -10 -1 -10 0 0 -1 -10 -1 -11 -1 -10 -1 -11 -1 -11 -1 -11 0 -11 0 -10 0 -10 0 -10 1 -10 1 -10 1 -9 1 -9 1 -9 1 -9 2 -9 2 -8 2 -8 2 -8 2 -8 2 -7 3 -7 3 -7 3 -6 3 -6 0 0 0 0 0 0 0 0 0 0 ]
CSI_DATA,AP,10:B4:1D:CC:60:E0,-31,11,1,7,1,1,1,1,0,0,1,-92,0,6,2,10341544,0,68,0,0,10.0509,384,[0 0 0 0 0 0 0 0 0 0 0 0 10 -4 9 -4 9 -4 9 -4 9 -4 9 -4 9 -5 9 -4 8 -5 8 -5 8 -5 8 -5 8 -5 7 -5 7 -5 7 -6 7 -6 7 -6 7 -6 7 -7 7 -6 6 -7 7 -7 7 -7 6 -7 7 -7 0 0 7 -7 7 -7 7 -7 7 -7 7 -7 7 -7 7 -7 7 -6 7 -6 8 -6 7 -5 8 -5 7 -5 7 -5 7 -5 7 -4 7 -4 7 -4 7 -3 7 -3 7 -3 6 -3 7 -2 6 -2 6 -1 6 -1 0 0 0 0 0 0 0 0 0 0 ]
CSI_DATA,AP,10:B4:1D:CC:60:E0,-31,11,1,7,1,1,1,1,0,0,1,-92,0,6,2,10431378,0,68,0,0,10.1408,384,[0 0 0 0 0 0 0 0 0 0 0 0 9 4 9 4 9 4 9 4 9 4 9 3 9 3 9 3 9 3 9 2 9 2 9 2 9 2 9 1 9 1 9 1 8 1 9 0 9 0 9 0 9 0 9 0 9 0 9 -1 9 -1 9 -1 0 0 10 -1 9 -1 10 0 9 -1 10 0 10 0 9 0 9 0 9 0 9 1 9 1 9 1 8 1 8 1 8 1 8 2 7 2 7 2 7 2 7 2 7 2 6 2 6 2 6 3 5 3 5 3 0 0 0 0 0 0 0 0 0 0 ]
CSI_DATA,AP,10:B4:1D:CC:60:E0,-31,11,1,7,1,1,1,1,0,0,1,-92,0,6,2,10521467,0,68,0,0,10.2309,384,[0 0 0 0 0 0 0 0 0 0 0 0 8 7 7 6 8 6 8 6 7 6 7 6 7 5 7 5 7 5 7 5 8 5 7 4 7 4 8 4 8 4 8 3 8 3 8 3 8 3 8 3 8 3 8 3 8 2 9 2 9 2 9 2 0 0 9 3 9 2 9 3 9 3 9 3 9 3 9 3 8 4 8 3 8 4 8 4 8 4 7 4 7 4 7 4 6 4 6 4 6 4 5 4 5 4 5 5 5 5 4 5 4 5 4 5 3 5 0 0 0 0 0 0 0 0 0 0 ]
CSI_DATA,AP,10:B4:1D:CC:60:E0,-31,11,1,7,1,1,1,1,0,0,1,-92,0,6,2,10611558,0,68,0,0,10.321,384,[0 0 0 0 0 0 0 0 0 0 0 0 2 10 2 10 2 10 2 10 2 10 2 9 2 9 2 9 2 8 3 9 3 8 3 9 3 8 4 8 4 8 4 8 4 7 4 8 4 8 5 8 5 8 5 7 5 7 5 8 5 7 5 7 0 0 5 8 5 8 5 8 5 8 5 8 5 8 5 8 4 8 4 8 4 8 4 8 3 8 3 8 3 8 3 8 2 8 2 8 2 7 2 7 1 7 1 7 1 7 0 7 0 7 0 7 -1 6 0 0 0 0 0 0 0 0 0 0 ]
CSI_DATA,AP,10:B4:1D:CC:60:E0,-31,11,1,7,1,1,1,1,0,0,1,-92,0,6,2,10701615,0,68,0,0,10.411,384,[0 0 0 0 0 0 0 0 0 0 0 0 -11 0 -11 0 -11 0 -11 0 -10 0 -10 0 -10 0 -10 1 -10 1 -10 1 -10 1 -10 1 -9 1 -9 2 -9 2 -9 2 -9 3 -9 3 -9 3 -9 3 -9 3 -9 4 -9 4 -9 4 -9 4 -9 4 0 0 -9 4 -9 4 -9 4 -9 4 -9 4 -9 4 -9 4 -9 4 -9 3 -9 3 -9 3 -9 2 -9 2 -9 2 -9 2 -9 2 -9 2 -8 1 -8 1 -8 1 -8 1 -8 0 -8 0 -7 0 -7 -1 -7 -1 0 0 0 0 0 0 0 0 0 0 ]
CSI_DATA,AP,10:B4:1D:CC:60:E0,-31,11,1,7,1,1,1,1,0,0,1,-92,0,6,2,10791536,0,68,0,0,10.5009,384,[0 0 0 0 0 0 0 0 0 0 0 0 -10 4 -10 4 -9 4 -9 4 -9 4 -9 4 -9 4 -9 5 -8 5 -8 5 -8 5 -8 5 -8 5 -7 5 -7 5 -7 6 -7 6 -7 6 -7 6 -7 6 -7 6 -7 6 -6 7 -7 7 -6 7 -7 7 0 0 -7 7 -7 7 -7 7 -7 7 -7 6 -7 7 -7 6 -7 6 -8 6 -8 6 -7 5 -8 5 -8 5 -8 5 -8 4 -8 4 -7 4 -7 3 -7 3 -7 3 -8 2 -7 2 -7 2 -7 2 -7 1 -7 1 0 0 0 0 0 0 0 0 0 0 ]
CSI_DATA,AP,10:B4:1D:CC:60:E0,-31,11,1,7,1,1,1,1,0,0,1,-92,0,6,2,10881548,0,68,0,0,10.5909,384,[0 0 0 0 0 0 0 0 0 0 0 0 9 -5 9 -6 9 -6 9 -6 8 -6 8 -6 8 -5 8 -6 8 -6 7 -6 7 -6 7 -6 7 -6 6 -7 6 -7 6 -7 6 -7 6 -7 6 -7 6 -7 6 -7 6 -8 6 -8 6 -8 6 -8 6 -8 0 0 6 -8 6 -8 6 -8 6 -8 6 -8 7 -8 7 -8 7 -7 7 -7 7 -7 7 -7 7 -7 7 -6 7 -6 7 -5 7 -5 7 -5 6 -5 7 -4 6 -4 6 -4 6 -3 6 -3 6 -3 6 -2 6 -2 0 0 0 0 0 0 0 0 0 0 ]
CSI_DATA,AP,10:B4:1D:CC:60:E0,-31,11,1,7,1,1,1,1,0,0,1,-92,0,6,2,10971760,0,68,0,0,10.6812,384,[0 0 0 0 0 0 0 0 0 0 0 0 -7 -9 -7 -9 -7 -9 -7 -8 -7 -8 -7 -8 -7 -8 -7 -8 -7 -7 -8 -7 -8 -7 -8 -7 -8 -6 -8 -6 -8 -6 -8 -6 -8 -6 -8 -5 -9 -5 -8 -5 -9 -5 -9 -5 -9 -5 -9 -5 -9 -5 -9 -5 0 0 -9 -5 -10 -5 -10 -5 -10 -5 -10 -5 -9 -6 -9 -6 -9 -6 -9 -6 -8 -6 -8 -6 -8 -6 -8 -6 -7 -7 -7 -6 -7 -6 -6 -6 -6 -6 -6 -6 -5 -6 -5 -6 -5 -7 -5 -7 -4 -6 -4 -7 -4 -7 0 0 0 0 0 0 0 0 0 0 ]
CSI_DATA,AP,10:B4:1D:CC:60:E0,-31,11,1,7,1,1,1,1,0,0,1,-92,0,6,2,11062939,0,68,0,0,10.7723,384,[0 0 0 0 0 0 0 0 0 0 0 0 -2 10 -2 10 -1 10 -1 10 -1 9 -1 10 -1 9 -1 9 -1 9 0 9 0 9 0 9 0 9 1 9 1 9 1 8 1 9 1 8 2 9 2 9 2 9 2 8 2 8 2 9 3 9 3 9 0 0 3 9 2 9 2 9 2 9 2 9 2 9 2 9 2 9 1 9 1 9 1 9 1 9 1 9 0 9 0 8 0 8 0 8 -1 8 -1 7 -1 7 -1 7 -1 7 -2 7 -2 6 -2 6 -3 6 0 0 0 0 0 0 0 0 0 0 ]
CSI_DATA,AP,10:B4:1D:CC:60:E0,-31,11,1,7,1,1,1,1,0,0,1,-92,0,6,2,11151590,0,68,0,0,10.861,384,[0 0 0 0 0 0 0 0 0 0 0 0 5 -10 5 -10 4 -10 4 -10 4 -10 4 -10 4 -10 3 -10 3 -9 3 -10 2 -10 2 -10 2 -10 2 -10 2 -10 1 -10 1 -10 1 -10 1 -10 0 -10 0 -10 0 -10 0 -10 0 -10 0 -10 0 -10 0 0 0 -10 0 -11 0 -10 0 -10 0 -11 0 -11 1 -11 1 -11 1 -10 1 -10 1 -10 1 -10 1 -10 2 -9 2 -9 2 -9 2 -9 2 -8 2 -8 2 -8 3 -7 3 -7 3 -7 3 -7 3 -6 3 -6 0 0 0 0 0 0 0 0 0 0 ]
CSI_DATA,AP,10:B4:1D:CC:60:E0,-31,11,1,7,1,1,1,1,0,0,1,-92,0,6,2,11241506,0,68,0,0,10.9509,384,[0 0 0 0 0 0 0 0 0 0 0 0 10 0 10 0 10 -1 10 -1 10 -1 10 -1 9 -1 9 -1 9 -2 9 -2 9 -2 9 -2 9 -2 9 -3 9 -3 9 -3 8 -3 8 -3 8 -4 8 -4 8 -4 8 -4 8 -5 8 -4 8 -4 8 -5 0 0 9 -5 9 -5 9 -5 9 -5 9 -5 9 -4 9 -4 9 -4 9 -4 9 -3 9 -3 9 -3 9 -3 8 -2 8 -2 8 -2 8 -2 8 -2 7 -1 7 -1 7 -1 7 -1 7 0 6 0 6 1 6 1 0 0 0 0 0 0 0 0 0 0 ]
CSI_DATA,AP,10:B4:1D:CC:60:E0,-31,11,1,7,1,1,1,1,0,0,1,-92,0,6,2,11331513,0,68,0,0,11.0409,384,[0 0 0 0 0 0 0 0 0 0 0 0 7 -9 7 -9 6 -9 6 -9 6 -9 6 -8 6 -8 5 -8 5 -8 5 -9 5 -9 4 -9 4 -9 4 -9 4 -9 4 -9 3 -9 3 -9 3 -9 3 -9 3 -9 3 -10 2 -10 2 -10 2 -10 2 -10 0 0 2 -10 2 -10 2 -10 3 -10 3 -10 3 -10 3 -10 3 -10 4 -10 3 -9 3 -9 3 -9 4 -9 4 -9 4 -8 4 -8 4 -8 4 -7 4 -7 4 -6 4 -6 5 -6 5 -6 5 -6 5 -5 5 -5 0 0 0 0 0 0 0 0 0 0 ]
CSI_DATA,AP,10:B4:1D:CC:60:E0,-31,11,1,7,1,1,1,1,0,0,1,-92,0,6,2,11421484,0,68,0,0,11.1309,384,[0 0 0 0 0 0 0 0 0 0 0 0 4 -11 4 -10 4 -11 3 -10 3 -10 3 -10 3 -10 3 -10 2 -10 2 -10 2 -10 2 -10 1 -10 1 -10 1 -10 1 -10 1 -10 0 -10 0 -10 0 -10 0 -10 0 -10 0 -10 -1 -10 -1 -10 -1 -10 0 0 0 -10 -1 -11 -1 -11 0 -11 0 -11 0 -11 0 -11 0 -11 1 -10 1 -10 1 -10 1 -10 1 -10 2 -9 1 -9 2 -9 2 -9 2 -8 2 -8 2 -8 3 -7 3 -7 3 -7 3 -7 3 -6 4 -6 0 0 0 0 0 0 0 0 0 0 ]
CSI_DATA,AP,10:B4:1D:CC:60:E0,-31,11,1,7,1,1,1,1,0,0,1,-92,0,6,2,11511463,0,68,0,0,11.2209,384,[0 0 0 0 0 0 0 0 0 0 0 0 -3 -10 -3 -10 -3 -10 -4 -10 -4 -10 -4 -10 -4 -9 -4 -9 -4 -9 -4 -9 -4 -9 -4 -8 -5 -9 -5 -8 -5 -8 -5 -8 -5 -8 -5 -8 -6 -8 -6 -8 -6 -8 -6 -8 -6 -7 -6 -8 -6 -8 -7 -7 0 0 -7 -8 -7 -8 -7 -8 -6 -8 -6 -8 -6 -8 -6 -9 -6 -8 -6 -8 -5 -8 -5 -8 -5 -9 -5 -8 -4 -8 -4 -8 -4 -8 -3 -8 -3 -8 -3 -8 -3 -7 -2 -7 -2 -8 -2 -7 -1 -7 -1 -7 -1 -7 0 0 0 0 0 0 0 0 0 0 ]
CSI_DATA,AP,10:B4:1D:CC:60:E0,-31,11,1,7,1,1,1,1,0,0,1,-92,0,6,2,11601507,0,68,0,0,11.3109,384,[0 0 0 0 0 0 0 0 0 0 0 0 -11 2 -11 2 -10 2 -10 2 -10 2 -10 2 -10 2 -10 3 -9 3 -9 3 -9 3 -9 3 -9 3 -9 4 -9 4 -8 4 -8 4 -8 4 -8 5 -8 5 -8 5 -8 5 -8 5 -8 5 -8 5 -8 5 0 0 -9 5 -8 5 -8 6 -9 5 -9 5 -9 5 -9 5 -9 5 -9 4 -9 4 -9 4 -9 4 -9 3 -9 3 -8 3 -8 2 -8 2 -8 2 -8 1 -8 1 -8 1 -8 1 -8 1 -7 0 -7 0 -7 -1 0 0 0 0 0 0 0 0 0 0 ]
CSI_DATA,AP,10:B4:1D:CC:60:E0,-31,11,1,7,1,1,1,1,0,0,1,-92,0,6,2,11691514,0,68,0,0,11.4009,384,[0 0 0 0 0 0 0 0 0 0 0 0 -8 7 -8 7 -7 7 -7 7 -7 7 -7 7 -7 7 -7 7 -7 7 -6 7 -6 7 -6 7 -6 7 -5 7 -5 8 -5 7 -5 7 -5 7 -5 8 -5 8 -4 8 -4 8 -4 8 -4 8 -4 8 -4 9 0 0 -5 9 -4 8 -4 9 -4 8 -5 9 -5 8 -5 8 -5 8 -5 8 -5 7 -5 7 -6 7 -6 7 -6 7 -6 6 -6 6 -6 6 -6 5 -6 5 -6 4 -6 4 -6 4 -6 4 -6 4 -6 3 -6 3 0 0 0 0 0 0 0 0 0 0 ]
CSI_DATA,AP,10:B4:1D:CC:60:E0,-31,11,1,7,1,1,1,1,0,0,1,-92,0,6,2,11781544,0,68,0,0,11.4909,384,[0 0 0 0 0 0 0 0 0 0 0 0 0 10 0 10 0 10 1 10 1 10 1 9 1 9 1 9 1 9 1 9 2 9 2 9 2 9 2 9 2 8 3 8 3 8 3 8 4 8 4 8 4 8 4 8 4 8 4 8 4 8 4 8 0 0 4 8 5 9 4 8 5 8 4 9 4 9 4 9 4 9 4 9 3 9 3 8 3 9 2 8 2 8 2 8 2 8 1 8 1 7 1 7 1 7 0 7 0 7 0 7 0 7 -1 6 -1 6 0 0 0 0 0 0 0 0 0 0 ]
CSI_DATA,AP,10:B4:1D:CC:60:E0,-31,11,1,7,1,1,1,1,0,0,1,-92,0,6,2,11871434,0,68,0,0,11.5808,384,[0 0 0 0 0 0 0 0 0 0 0 0 -9 -7 -9 -7 -9 -7 -9 -7 -9 -7 -9 -7 -9 -7 -9 -6 -9 -6 -9 -6 -9 -5 -9 -5 -9 -5 -9 -5 -9 -5 -9 -4 -9 -4 -9 -4 -9 -4 -10 -4 -10 -4 -10 -4 -10 -3 -10 -3 -10 -3 -10 -3 0 0 -10 -3 -10 -3 -10 -3 -10 -3 -10 -4 -10 -4 -10 -4 -10 -4 -10 -4 -10 -4 -10 -4 -9 -5 -9 -5 -9 -5 -8 -5 -8 -5 -8 -5 -7 -5 -7 -5 -7 -5 -7 -5 -6 -6 -6 -5 -5 -6 -5 -6 -5 -6 0 0 0 0 0 0 0 0 0 0 ]
CSI_DATA,AP,10:B4:1D:CC:60:E0,-31,11,1,7,1,1,1,1,0,0,1,-92,0,6,2,11961554,0,68,0,0,11.6709,384,[0 0 0 0 0 0 0 0 0 0 0 0 9 3 9 3 9 3 9 2 9 2 9 2 9 2 9 2 9 1 8 1 8 1 8 1 8 0 8 0 8 0 8 0 8 -1 8 -1 8 -1 8 -1 8 -1 8 -1 9 -2 8 -2 9 -2 9 -2 0 0 9 -2 9 -2 9 -2 9 -1 9 -1 9 -1 9 -1 9 -1 9 -1 9 0 9 0 9 0 8 0 8 0 8 0 8 1 7 1 7 1 7 1 7 1 7 2 6 2 6 2 6 2 6 2 5 3 0 0 0 0 0 0 0 0 0 0 ]
CSI_DATA,AP,10:B4:1D:CC:60:E0,-31,11,1,7,1,1,1,1,0,0,1,-92,0,6,2,12053087,0,68,0,0,11.7625,384,[0 0 0 0 0 0 0 0 0 0 0 0 -10 5 -10 5 -9 5 -9 5 -9 5 -9 5 -9 5 -9 5 -8 5 -8 5 -8 5 -8 5 -7 6 -7 6 -7 6 -7 6 -7 6 -7 6 -6 7 -6 7 -6 7 -6 7 -6 7 -6 7 -6 7 -6 7 0 0 -6 7 -6 7 -7 7 -7 7 -7 7 -7 7 -7 7 -7 7 -7 6 -7 6 -7 6 -7 6 -7 6 -7 5 -7 5 -7 4 -7 4 -7 4 -7 4 -7 3 -7 3 -7 3 -7 2 -7 2 -7 2 -7 1 0 0 0 0 0 0 0 0 0 0 ]
CSI_DATA,AP,10:B4:1D:CC:60:E0,-30,11,1,7,1,1,1,1,0,0,1,-92,0,6,2,12141525,0,68,0,0,11.8509,384,[0 0 0 0 0 0 0 0 0 0 0 0 -2 10 -2 10 -2 10 -2 10 -2 10 -2 10 -2 10 -1 9 -1 9 -1 10 -1 9 -1 9 0 9 0 9 0 9 0 9 1 8 1 9 1 9 1 9 1 9 2 9 1 9 2 9 2 9 2 9 0 0 1 9 2 10 2 9 2 10 2 10 1 10 1 10 1 10 1 9 0 10 0 9 0 9 0 9 -1 9 -1 8 -1 8 -1 8 -1 8 -2 7 -2 7 -2 7 -2 7 -3 7 -3 6 -3 6 -3 6 0 0 0 0 0 0 0 0 0 0 ]
CSI_DATA,AP,10:B4:1D:CC:60:E0,-31,11,1,7,1,1,1,1,0,0,1,-92,0,6,2,12231713,0,68,0,0,11.9411,384,[0 0 0 0 0 0 0 0 0 0 0 0 -3 -11 -3 -11 -3 -11 -4 -11 -4 -11 -4 -10 -4 -10 -4 -10 -4 -10 -4 -10 -5 -9 -5 -9 -5 -9 -5 -9 -5 -9 -5 -9 -5 -8 -6 -8 -6 -8 -6 -8 -6 -8 -6 -8 -6 -8 -7 -8 -7 -8 -7 -8 0 0 -7 -8 -7 -9 -7 -9 -7 -9 -6 -9 -6 -9 -6 -9 -6 -9 -6 -9 -5 -9 -5 -9 -5 -9 -5 -9 -4 -9 -4 -9 -4 -9 -4 -9 -3 -8 -3 -8 -3 -8 -2 -8 -2 -8 -2 -8 -1 -8 -1 -8 -1 -7 0 0 0 0 0 0 0 0 0 0 ]
CSI_DATA,AP,10:B4:1D:CC:60:E0,-31,11,1,7,1,1,1,1,0,0,1,-92,0,6,2,12321622,0,68,0,0,12.031,384,[0 0 0 0 0 0 0 0 0 0 0 0 -11 2 -11 2 -11 3 -10 3 -10 3 -10 3 -10 3 -10 3 -10 3 -10 3 -9 3 -9 4 -9 4 -9 4 -9 4 -8 5 -8 5 -8 5 -8 5 -8 5 -8 5 -8 6 -8 6 -8 6 -8 6 -8 6 0 0 -8 6 -8 6 -8 6 -8 6 -8 6 -8 6 -9 6 -9 6 -9 5 -9 5 -9 5 -9 5 -8 4 -8 4 -8 4 -8 3 -9 3 -8 3 -8 3 -8 2 -8 2 -8 2 -8 1 -8 1 -8 1 -7 0 0 0 0 0 0 0 0 0 0 0 ]
CSI_DATA,AP,10:B4:1D:CC:60:E0,-31,11,1,7,1,1,1,1,0,0,1,-92,0,6,2,12411521,0,68,0,0,12.1209,384,[0 0 0 0 0 0 0 0 0 0 0 0 -3 10 -3 10 -3 10 -3 10 -2 10 -2 10 -2 9 -2 9 -2 9 -1 9 -1 9 -1 9 -1 9 0 9 0 9 0 9 0 9 0 9 1 9 1 9 1 9 1 9 1 9 1 9 1 9 1 9 0 0 1 9 1 10 1 10 1 9 1 10 1 10 1 10 1 10 0 9 0 9 0 9 0 9 -1 9 -1 9 -1 8 -1 8 -2 8 -2 8 -2 8 -2 7 -2 7 -3 7 -3 7 -3 6 -3 6 -4 6 0 0 0 0 0 0 0 0 0 0 ]
CSI_DATA,AP,10:B4:1D:CC:60:E0,-31,11,1,7,1,1,1,1,0,0,1,-92,0,6,2,12503642,0,68,0,0,12.213,384,[0 0 0 0 0 0 0 0 0 0 0 0 -11 -3 -11 -3 -11 -3 -11 -3 -10 -3 -11 -2 -10 -2 -10 -2 -10 -1 -10 -2 -10 -2 -10 -2 -10 -1 -10 -1 -10 -1 -10 0 -10 0 -10 0 -10 1 -10 1 -10 1 -10 1 -10 1 -10 1 -10 1 -10 1 0 0 -10 1 -10 2 -10 1 -11 1 -11 1 -11 1 -11 1 -11 1 -10 0 -10 0 -10 0 -10 -1 -10 -1 -10 -1 -10 -1 -9 -1 -9 -1 -9 -1 -9 -2 -8 -2 -8 -2 -8 -2 -8 -3 -7 -3 -7 -3 -7 -4 0 0 0 0 0 0 0 0 0 0 ]
CSI_DATA,AP,10:B4:1D:CC:60:E0,-31,11,1,7,1,1,1,1,0,0,1,-92,0,6,2,12591403,0,68,0,0,12.3008,384,[0 0 0 0 0 0 0 0 0 0 0 0 -6 -10 -6 -10 -6 -10 -6 -9 -6 -9 -6 -9 -6 -9 -6 -9 -6 -8 -6 -8 -7 -8 -7 -8 -7 -8 -7 -7 -7 -7 -7 -7 -7 -7 -8 -7 -8 -7 -8 -6 -8 -6 -8 -6 -8 -6 -9 -6 -9 -6 -9 -6 0 0 -9 -6 -9 -6 -9 -6 -9 -6 -9 -6 -9 -7 -8 -7 -8 -7 -8 -7 -8 -7 -8 -7 -7 -7 -7 -7 -7 -7 -7 -7 -6 -7 -6 -7 -6 -7 -5 -7 -5 -7 -5 -7 -4 -7 -4 -7 -4 -7 -4 -7 -3 -7 0 0 0 0 0 0 0 0 0 0 ]
CSI_DATA,AP,10:B4:1D:CC:60:E0,-31,11,1,7,1,1,1,1,0,0,1,-92,0,6,2,12681460,0,68,0,0,12.3909,384,[0 0 0 0 0 0 0 0 0 0 0 0 2 -11 2 -11 2 -11 2 -11 2 -11 2 -10 2 -10 1 -10 1 -10 1 -10 1 -10 0 -10 0 -10 0 -10 0 -10 -1 -10 -1 -10 -1 -10 -1 -10 -2 -10 -2 -10 -2 -10 -2 -10 -2 -10 -2 -10 -2 -10 0 0 -2 -10 -2 -11 -2 -11 -2 -10 -2 -11 -2 -11 -2 -11 -1 -11 -1 -10 -1 -10 -1 -10 -1 -10 0 -10 0 -10 0 -9 0 -9 1 -9 1 -9 1 -8 1 -8 1 -8 2 -8 2 -8 2 -7 2 -7 3 -7 0 0 0 0 0 0 0 0 0 0 ]
CSI_DATA,AP,10:B4:1D:CC:60:E0,-31,11,1,7,1,1,1,1,0,0,1,-92,0,6,2,12771471,0,68,0,0,12.4809,384,[0 0 0 0 0 0 0 0 0 0 0 0 9 4 9 4 9 4 9 4 9 4 9 4 9 4 9 3 8 3 9 3 9 2 9 2 9 2 9 2 9 2 9 1 9 1 9 1 9 1 9 1 9 1 9 1 9 0 9 0 9 0 9 0 0 0 10 0 10 0 9 0 10 0 10 1 10 1 10 1 9 1 9 2 9 2 9 2 9 2 8 2 8 2 8 2 8 2 8 3 7 3 7 3 7 3 6 3 6 4 6 3 5 4 5 4 5 4 0 0 0 0 0 0 0 0 0 0 ]
CSI_DATA,AP,10:B4:1D:CC:60:E0,-31,11,1,7,1,1,1,1,0,0,1,-92,0,6,2,12861572,0,68,0,0,12.571,384,[0 0 0 0 0 0 0 0 0 0 0 0 8 6 8 6 8 5 8 5 8 5 8 5 8 5 8 5 8 4 8 4 8 4 8 4 8 3 8 3 8 3 8 3 8 3 8 2 8 2 8 2 8 2 9 2 9 2 9 2 9 2 9 2 0 0 9 2 9 2 9 2 9 2 9 2 9 2 9 3 9 3 9 3 8 3 8 3 8 3 8 3 7 4 7 4 7 4 7 4 6 4 6 4 6 4 5 4 5 4 5 4 4 4 4 5 4 5 0 0 0 0 0 0 0 0 0 0 ]
CSI_DATA,AP,10:B4:1D:CC:60:E0,-31,11,1,7,1,1,1,1,0,0,1,-92,0,6,2,12951859,0,68,0,0,12.6613,384,[0 0 0 0 0 0 0 0 0 0 0 0 -4 10 -4 9 -3 9 -3 9 -3 9 -3 9 -3 9 -3 9 -3 9 -2 9 -2 9 -2 9 -2 9 -1 9 -1 9 -1 9 -1 8 0 9 0 9 0 9 0 9 0 9 0 9 1 9 1 9 0 9 0 0 0 9 1 10 1 9 0 10 0 10 0 10 0 10 -1 10 -1 9 -1 9 -1 9 -1 9 -1 9 -2 8 -2 8 -2 8 -2 8 -2 7 -3 7 -3 7 -3 7 -3 7 -3 6 -4 6 -4 6 -4 5 0 0 0 0 0 0 0 0 0 0 ]
CSI_DATA,AP,10:B4:1D:CC:60:E0,-31,11,1,7,1,1,1,1,0,0,1,-92,0,6,2,13041508,0,68,0,0,12.7509,384,[0 0 0 0 0 0 0 0 0 0 0 0 -1 10 -1 10 -1 10 -1 10 -1 10 -1 10 -1 10 0 9 -1 9 0 9 1 9 1 9 1 9 1 9 1 9 1 9 2 9 2 9 2 9 2 9 2 9 2 9 3 9 3 9 3 9 3 9 0 0 3 9 3 9 3 9 3 9 3 10 3 9 2 10 2 9 2 9 2 9 2 9 1 9 1 9 1 9 0 8 0 8 0 8 0 8 -1 8 -1 7 -1 7 -1 7 -1 7 -2 7 -2 7 -2 6 0 0 0 0 0 0 0 0 0 0 ]
CSI_DATA,AP,10:B4:1D:CC:60:E0,-31,11,1,7,1,1,1,1,0,0,1,-92,0,6,2,13131598,0,68,0,0,12.841,384,[0 0 0 0 0 0 0 0 0 0 0 0 0 10 0 10 0 10 0 10 0 10 0 10 0 9 0 9 0 9 1 9 1 9 1 9 2 9 2 9 2 9 2 8 2 8 2 8 3 9 3 9 3 8 3 8 3 8 4 8 4 8 4 8 0 0 3 9 4 9 4 9 3 9 4 9 3 9 3 9 3 9 2 9 2 9 2 9 2 9 2 9 1 9 1 8 1 8 1 8 0 8 0 8 0 7 0 7 -1 7 -1 7 -1 7 -1 7 -2 6 0 0 0 0 0 0 0 0 0 0 ]
CSI_DATA,AP,10:B4:1D:CC:60:E0,-31,11,1,7,1,1,1,1,0,0,1,-92,0,6,2,13221597,0,68,0,0,12.931,384,[0 0 0 0 0 0 0 0 0 0 0 0 -9 -8 -8 -8 -9 -7 -9 -7 -8 -7 -8 -7 -8 -7 -8 -6 -8 -6 -9 -6 -9 -6 -9 -5 -9 -5 -9 -5 -9 -5 -9 -4 -9 -4 -9 -4 -9 -4 -9 -4 -9 -4 -9 -4 -10 -3 -10 -4 -10 -4 -10 -3 0 0 -10 -4 -10 -4 -10 -4 -10 -4 -10 -4 -10 -4 -10 -5 -10 -5 -10 -5 -9 -5 -10 -5 -9 -5 -9 -5 -8 -5 -8 -5 -8 -5 -7 -6 -7 -6 -7 -6 -6 -6 -6 -6 -6 -6 -5 -6 -5 -6 -5 -6 -4 -6 0 0 0 0 0 0 0 0 0 0 ]
CSI_DATA,AP,10:B4:1D:CC:60:E0,-31,11,1,7,1,1,1,1,0,0,1,-92,0,6,2,13311517,0,68,0,0,13.0209,384,[0 0 0 0 0 0 0 0 0 0 0 0 -6 9 -6 8 -6 9 -5 8 -5 9 -5 8 -5 8 -5 8 -4 8 -4 8 -4 8 -4 8 -4 8 -3 8 -3 8 -3 9 -2 9 -3 9 -2 9 -2 9 -2 9 -2 9 -2 9 -2 9 -2 9 -2 9 0 0 -2 9 -1 10 -1 9 -1 10 -2 10 -2 10 -2 10 -2 10 -3 9 -3 9 -3 9 -3 9 -3 9 -3 8 -3 8 -3 8 -4 8 -4 7 -4 7 -4 6 -4 6 -4 6 -5 6 -5 5 -5 5 -5 5 0 0 0 0 0 0 0 0 0 0 ]
CSI_DATA,AP,10:B4:1D:CC:60:E0,-31,11,1,7,1,1,1,1,0,0,1,-92,0,6,2,13401701,0,68,0,0,13.1111,384,[0 0 0 0 0 0 0 0 0 0 0 0 7 -8 7 -8 7 -8 6 -8 6 -8 6 -8 6 -8 6 -8 5 -8 5 -8 5 -8 5 -8 4 -8 4 -8 4 -8 4 -8 3 -8 3 -9 3 -9 3 -9 3 -9 3 -9 3 -9 2 -10 2 -9 3 -10 0 0 3 -10 3 -10 3 -10 3 -10 3 -10 3 -10 3 -10 3 -9 4 -9 4 -9 4 -9 4 -9 4 -9 4 -8 4 -8 4 -7 4 -7 4 -7 4 -6 4 -6 5 -6 5 -6 5 -6 5 -5 5 -5 5 -4 0 0 0 0 0 0 0 0 0 0 ]
CSI_DATA,AP,10:B4:1D:CC:60:E0,-31,11,1,7,1,1,1,1,0,0,1,-92,0,6,2,13493086,0,68,0,0,13.2025,384,[0 0 0 0 0 0 0 0 0 0 0 0 7 7 7 7 7 7 7 7 7 6 7 7 7 6 7 6 7 6 7 5 7 5 7 5 7 5 8 5 8 5 8 4 8 4 8 4 8 4 8 4 8 3 9 4 8 3 9 3 9 3 9 3 0 0 9 3 9 3 9 4 9 3 9 4 9 4 9 4 8 4 8 4 8 5 8 5 8 5 7 5 7 5 7 5 7 5 6 5 6 5 6 5 5 5 5 5 4 5 4 5 4 5 4 6 3 6 0 0 0 0 0 0 0 0 0 0 ]
CSI_DATA,AP,10:B4:1D:CC:60:E0,-31,11,1,7,1,1,1,1,0,0,1,-92,0,6,2,13583792,0,68,0,0,13.2932,384,[0 0 0 0 0 0 0 0 0 0 0 0 1 10 1 10 1 10 1 10 1 9 1 9 1 9 1 9 2 9 2 9 2 9 2 8 2 8 3 8 3 8 3 8 3 8 4 8 4 8 4 8 4 8 4 8 4 8 4 8 5 8 5 8 0 0 5 8 5 8 5 8 5 8 5 8 4 8 4 9 4 8 4 8 3 8 3 8 3 8 3 8 3 8 2 8 2 7 2 8 2 7 1 7 1 7 1 7 1 7 0 7 0 7 0 6 -1 6 0 0 0 0 0 0 0 0 0 0 ]
CSI_DATA,AP,10:B4:1D:CC:60:E0,-31,11,1,7,1,1,1,1,0,0,1,-92,0,6,2,13671538,0,68,0,0,13.3809,384,[0 0 0 0 0 0 0 0 0 0 0 0 2 10 2 10 2 10 2 10 2 9 2 9 2 9 2 9 2 9 3 9 3 8 3 8 4 8 4 8 4 8 4 8 4 8 4 7 4 8 5 8 4 8 5 7 5 7 5 7 5 7 5 7 0 0 5 8 5 8 5 8 5 8 5 8 5 8 4 8 4 9 4 8 4 8 4 8 4 8 3 8 3 8 3 8 2 8 2 8 2 7 1 7 1 7 1 7 0 7 0 7 0 7 0 7 -1 6 0 0 0 0 0 0 0 0 0 0 ]
CSI_DATA,AP,10:B4:1D:CC:60:E0,-31,11,1,7,1,1,1,1,0,0,1,-92,0,6,2,13761572,0,68,0,0,13.471,384,[0 0 0 0 0 0 0 0 0 0 0 0 -4 10 -4 10 -3 10 -3 10 -3 9 -3 9 -3 9 -3 9 -3 9 -2 9 -1 9 -1 9 -1 9 -1 9 -1 9 -1 9 0 9 0 9 0 9 0 9 0 9 0 9 1 9 1 9 1 9 1 9 0 0 1 9 1 9 1 10 1 9 1 10 0 10 0 10 0 10 0 9 0 9 0 9 0 9 -1 9 -1 9 -1 8 -1 8 -2 8 -2 8 -2 7 -2 7 -3 7 -3 7 -3 7 -3 6 -3 6 -3 6 0 0 0 0 0 0 0 0 0 0 ]
CSI_DATA,AP,10:B4:1D:CC:60:E0,-31,11,1,7,1,1,1,1,0,0,1,-93,0,6,2,13851537,0,68,0,0,13.5609,384,[0 0 0 0 0 0 0 0 0 0 0 0 -11 -4 -11 -4 -11 -4 -10 -4 -11 -4 -10 -3 -10 -3 -10 -3 -10 -3 -10 -2 -10 -2 -10 -2 -10 -2 -10 -2 -10 -1 -10 -1 -10 -1 -10 0 -10 -1 -10 0 -10 0 -10 0 -11 0 -10 0 -10 0 -11 1 0 0 -11 1 -11 0 -11 0 -11 1 -11 0 -11 0 -11 0 -11 -1 -11 0 -11 -1 -11 -1 -10 -1 -10 -2 -10 -2 -10 -2 -9 -2 -9 -2 -9 -2 -9 -2 -8 -3 -8 -3 -8 -3 -8 -3 -7 -4 -7 -4 -6 -4 0 0 0 0 0 0 0 0 0 0 ]
CSI_DATA,AP,10:B4:1D:CC:60:E0,-31,11,1,7,1,1,1,1,0,0,1,-93,0,6,2,13941664,0,68,0,0,13.6511,384,[0 0 0 0 0 0 0 0 0 0 0 0 10 0 10 -1 10 -1 9 -1 9 -1 9 -1 9 -1 9 -1 9 -1 9 -2 9 -2 8 -2 8 -2 8 -2 8 -3 8 -3 8 -3 8 -3 8 -4 8 -4 8 -4 8 -4 8 -4 8 -4 8 -4 8 -5 0 0 9 -4 8 -5 8 -4 9 -4 9 -4 9 -4 9 -4 9 -4 9 -3 9 -3 9 -3 9 -3 8 -2 8 -2 8 -2 8 -2 8 -1 7 -1 7 -1 7 -1 7 -1 7 -1 7 0 6 0 6 1 6 1 0 0 0 0 0 0 0 0 0 0 ]
CSI_DATA,AP,10:B4:1D:CC:60:E0,-31,11,1,7,1,1,1,1,0,0,1,-92,0,6,2,14033041,0,68,0,0,13.7424,384,[0 0 0 0 0 0 0 0 0 0 0 0 8 -7 8 -7 7 -7 7 -7 7 -7 7 -7 7 -7 7 -7 6 -7 6 -8 6 -8 6 -8 5 -8 5 -8 5 -8 5 -8 4 -8 4 -8 4 -9 4 -9 4 -9 4 -9 4 -9 3 -9 4 -9 4 -9 0 0 4 -10 4 -10 4 -9 4 -10 4 -10 4 -10 4 -10 5 -9 5 -9 5 -9 5 -9 5 -9 5 -8 5 -8 5 -8 5 -7 5 -7 5 -6 5 -6 5 -6 5 -6 5 -5 5 -5 5 -5 5 -4 5 -4 0 0 0 0 0 0 0 0 0 0 ]
CSI_DATA,AP,10:B4:1D:CC:60:E0,-31,11,1,7,1,1,1,1,0,0,1,-92,0,6,2,14121568,0,68,0,0,13.831,384,[0 0 0 0 0 0 0 0 0 0 0 0 7 -8 7 -8 7 -8 7 -8 7 -8 6 -8 6 -8 6 -8 6 -8 5 -8 5 -8 5 -8 5 -9 4 -9 4 -9 4 -9 4 -9 4 -9 3 -9 3 -9 3 -9 3 -10 3 -10 3 -10 3 -10 3 -10 0 0 3 -10 2 -10 3 -10 3 -10 3 -10 3 -10 3 -10 3 -10 4 -10 4 -9 4 -9 4 -9 4 -9 4 -9 4 -8 4 -8 4 -8 4 -7 4 -7 4 -7 4 -7 4 -6 5 -6 5 -6 5 -5 5 -5 0 0 0 0 0 0 0 0 0 0 ]
CSI_DATA,AP,10:B4:1D:CC:60:E0,-31,11,1,7,1,1,1,1,0,0,1,-92,0,6,2,14211508,0,68,0,0,13.9209,384,[0 0 0 0 0 0 0 0 0 0 0 0 -8 -8 -8 -7 -8 -7 -8 -7 -8 -7 -8 -6 -8 -6 -8 -6 -8 -6 -8 -6 -8 -6 -8 -5 -9 -5 -9 -5 -9 -5 -9 -4 -9 -4 -9 -4 -9 -3 -9 -3 -9 -3 -9 -3 -10 -3 -10 -3 -10 -3 -10 -3 0 0 -10 -3 -10 -3 -10 -3 -10 -3 -10 -3 -10 -4 -10 -4 -10 -4 -10 -4 -10 -4 -10 -4 -9 -4 -9 -4 -8 -4 -9 -4 -8 -4 -8 -5 -7 -5 -7 -5 -7 -5 -7 -5 -6 -5 -6 -5 -6 -5 -5 -5 -5 -6 0 0 0 0 0 0 0 0 0 0 ]
CSI_DATA,AP,10:B4:1D:CC:60:E0,-31,11,1,7,1,1,1,1,0,0,1,-93,0,6,2,14301443,0,68,0,0,14.0108,384,[0 0 0 0 0 0 0 0 0 0 0 0 3 10 3 9 3 10 3 9 3 9 3 9 3 9 3 9 3 8 4 8 4 8 4 8 5 8 5 7 5 8 5 7 5 7 5 7 6 7 6 7 6 7 6 7 6 6 7 7 7 7 7 6 0 0 7 7 7 7 7 7 7 7 7 7 7 8 6 8 6 8 6 8 6 8 6 7 5 8 5 8 5 7 4 7 4 7 4 7 3 7 3 7 3 7 3 7 2 7 2 7 2 7 1 7 1 6 0 0 0 0 0 0 0 0 0 0 ]
CSI_DATA,AP,10:B4:1D:CC:60:E0,-30,11,1,7,1,1,1,1,0,0,1,-93,0,6,2,14391454,0,68,0,0,14.1008,384,[0 0 0 0 0 0 0 0 0 0 0 0 -12 0 -12 0 -11 0 -11 0 -11 0 -11 1 -11 0 -11 1 -11 1 -10 1 -11 2 -10 2 -10 2 -10 2 -10 2 -10 3 -10 3 -10 3 -10 3 -10 3 -10 4 -10 4 -10 4 -10 4 -10 4 -10 4 0 0 -11 4 -10 4 -11 4 -11 4 -11 4 -11 4 -11 4 -11 3 -11 3 -11 3 -11 3 -11 3 -10 2 -10 2 -10 1 -10 1 -10 1 -10 1 -9 0 -9 0 -9 0 -9 -1 -9 -1 -9 -1 -8 -1 -8 -2 0 0 0 0 0 0 0 0 0 0 ]
CSI_DATA,AP,10:B4:1D:CC:60:E0,-29,11,1,7,1,1,1,1,0,0,1,-93,0,6,2,14481700,0,68,0,0,14.1911,384,[0 0 0 0 0 0 0 0 0 0 0 0 0 -11 0 -11 0 -11 0 -11 0 -11 0 -10 -1 -10 -1 -10 -1 -10 -1 -10 -1 -10 -2 -10 -2 -10 -2 -10 -3 -10 -3 -10 -3 -9 -3 -9 -3 -10 -4 -10 -4 -9 -4 -10 -4 -9 -4 -10 -4 -10 -4 -9 0 0 -4 -10 -4 -10 -4 -10 -4 -10 -4 -10 -4 -10 -4 -10 -4 -10 -3 -10 -3 -10 -3 -10 -3 -10 -2 -10 -2 -10 -2 -9 -2 -9 -2 -9 -1 -9 -1 -8 -1 -8 -1 -8 0 -8 0 -8 0 -8 0 -8 1 -7 0 0 0 0 0 0 0 0 0 0 ]
CSI_DATA,AP,10:B4:1D:CC:60:E0,-29,11,1,7,1,1,1,1,0,0,1,-93,0,6,2,14571626,0,68,0,0,14.281,384,[0 0 0 0 0 0 0 0 0 0 0 0 -11 -2 -11 -2 -11 -2 -11 -2 -11 -2 -11 -1 -11 -1 -11 -1 -11 -1 -10 -1 -10 0 -11 0 -10 0 -10 1 -10 1 -10 1 -10 1 -10 1 -10 1 -10 2 -10 1 -10 2 -10 2 -10 2 -10 2 -10 3 0 0 -11 2 -10 2 -10 2 -11 2 -10 2 -11 2 -11 2 -11 1 -11 1 -10 1 -10 1 -10 0 -10 0 -10 1 -10 0 -9 0 -9 -1 -9 -1 -9 -1 -8 -1 -8 -2 -8 -2 -8 -2 -8 -2 -7 -2 -7 -3 0 0 0 0 0 0 0 0 0 0 ]
CSI_DATA,AP,10:B4:1D:CC:60:E0,-28,11,1,7,1,1,1,1,0,0,1,-93,0,6,2,14661500,0,68,0,0,14.3709,384,[0 0 0 0 0 0 0 0 0 0 0 0 -7 -9 -8 -9 -8 -9 -8 -9 -8 -9 -7 -8 -8 -8 -8 -8 -7 -7 -8 -7 -8 -7 -8 -7 -8 -7 -8 -7 -8 -7 -8 -6 -8 -6 -8 -5 -9 -5 -9 -6 -9 -5 -9 -5 -9 -5 -9 -5 -9 -5 -9 -5 0 0 -10 -5 -10 -5 -10 -5 -10 -5 -9 -6 -9 -6 -9 -6 -9 -6 -9 -6 -8 -6 -8 -6 -8 -7 -8 -7 -7 -7 -7 -7 -7 -6 -6 -7 -6 -7 -6 -7 -6 -6 -5 -7 -5 -7 -4 -7 -4 -6 -4 -6 -3 -6 0 0 0 0 0 0 0 0 0 0 ]
CSI_DATA,AP,10:B4:1D:CC:60:E0,-29,11,1,7,1,1,1,1,0,0,1,-93,0,6,2,14751611,0,68,0,0,14.461,384,[0 0 0 0 0 0 0 0 0 0 0 0 2 -12 2 -11 1 -11 1 -11 1 -11 1 -11 1 -11 1 -10 1 -11 0 -10 0 -10 0 -10 -1 -10 -1 -10 -2 -10 -1 -10 -2 -10 -2 -10 -2 -10 -2 -10 -3 -10 -3 -10 -3 -10 -3 -10 -3 -10 -3 -10 0 0 -3 -11 -4 -11 -4 -11 -3 -11 -3 -11 -3 -11 -3 -11 -3 -11 -2 -11 -2 -11 -2 -10 -2 -10 -2 -10 -1 -10 -1 -10 -1 -9 -1 -9 -1 -9 0 -9 0 -8 1 -8 1 -8 1 -8 1 -8 1 -8 2 -7 0 0 0 0 0 0 0 0 0 0 ]
CSI_DATA,AP,10:B4:1D:CC:60:E0,-29,11,1,7,1,1,1,1,0,0,1,-93,0,6,2,14841429,0,68,0,0,14.5508,384,[0 0 0 0 0 0 0 0 0 0 0 0 6 8 6 7 7 7 7 7 6 7 7 7 6 7 7 7 6 6 7 6 7 6 7 5 7 5 7 5 7 5 7 5 7 4 7 4 7 4 8 4 7 4 8 4 8 4 8 4 8 4 8 4 0 0 8 4 8 4 8 4 8 4 8 5 8 5 8 5 8 5 7 5 7 5 7 5 7 5 6 5 6 5 6 5 5 5 5 5 5 5 5 5 4 5 4 5 4 6 3 5 3 5 3 5 2 5 0 0 0 0 0 0 0 0 0 0 ]
CSI_DATA,AP,10:B4:1D:CC:60:E0,-28,11,1,7,1,1,1,1,0,0,1,-92,0,6,2,14931506,0,68,0,0,14.6409,384,[0 0 0 0 0 0 0 0 0 0 0 0 -8 9 -7 9 -7 9 -7 9 -7 8 -7 9 -7 8 -6 8 -6 8 -6 8 -5 8 -5 8 -5 8 -5 8 -5 8 -4 8 -4 8 -4 8 -4 9 -4 9 -4 9 -3 9 -3 9 -3 9 -3 9 -3 9 0 0 -3 9 -3 9 -3 9 -3 9 -4 9 -4 9 -4 9 -4 9 -4 8 -4 8 -4 8 -5 8 -5 8 -5 7 -5 7 -5 6 -5 6 -5 6 -5 5 -5 5 -5 5 -6 5 -5 4 -6 4 -5 4 -6 3 0 0 0 0 0 0 0 0 0 0 ]
CSI_DATA,AP,10:B4:1D:CC:60:E0,-29,11,1,7,1,1,1,1,0,0,1,-92,0,6,2,15022919,0,68,0,0,14.7323,384,[0 0 0 0 0 0 0 0 0 0 0 0 -2 -12 -3 -11 -3 -12 -3 -11 -3 -11 -3 -11 -3 -11 -3 -10 -3 -10 -3 -10 -4 -10 -4 -10 -4 -10 -4 -10 -4 -10 -5 -9 -5 -9 -5 -9 -5 -9 -6 -9 -6 -9 -6 -9 -6 -9 -6 -9 -6 -9 -6 -9 0 0 -6 -9 -7 -9 -6 -9 -6 -9 -6 -10 -6 -10 -6 -10 -5 -10 -5 -9 -5 -10 -5 -10 -4 -10 -4 -10 -4 -9 -3 -9 -3 -9 -3 -9 -2 -8 -2 -8 -2 -8 -2 -8 -1 -8 -1 -8 -1 -8 0 -7 0 -7 0 0 0 0 0 0 0 0 0 0 ]
CSI_DATA,AP,10:B4:1D:CC:60:E0,-30,11,1,7,1,1,1,1,0,0,1,-93,0,6,2,15111672,0,68,0,0,14.8211,384,[0 0 0 0 0 0 0 0 0 0 0 0 -12 0 -12 0 -12 1 -12 1 -11 1 -11 1 -11 1 -11 1 -11 1 -10 1 -10 2 -10 2 -10 2 -10 2 -10 3 -10 3 -10 3 -9 3 -9 3 -9 3 -9 3 -9 4 -9 4 -9 4 -9 4 -9 4 0 0 -10 4 -9 4 -9 4 -9 4 -10 4 -10 3 -10 3 -10 3 -10 3 -9 2 -9 2 -9 2 -9 2 -9 2 -9 1 -9 1 -8 1 -8 1 -8 0 -8 0 -8 0 -7 0 -7 -1 -7 -1 -7 -1 -7 -1 0 0 0 0 0 0 0 0 0 0 ]
CSI_DATA,AP,10:B4:1D:CC:60:E0,-29,11,1,7,1,1,1,1,0,0,1,-93,0,6,2,15201548,0,68,0,0,14.9109,384,[0 0 0 0 0 0 0 0 0 0 0 0 6 9 6 9 6 9 6 9 6 9 6 8 6 8 6 8 6 7 6 7 6 7 6 7 6 7 7 6 7 6 7 6 7 6 7 6 7 6 7 6 7 5 7 5 7 5 8 5 7 5 7 5 0 0 8 6 7 5 8 6 7 5 7 6 7 6 7 6 7 6 6 6 6 6 6 6 6 6 5 6 5 6 5 6 4 6 4 6 4 6 4 6 3 6 3 6 3 6 2 6 2 5 2 5 1 6 0 0 0 0 0 0 0 0 0 0 ]
CSI_DATA,AP,10:B4:1D:CC:60:E0,-28,11,1,7,1,1,1,1,0,0,1,-93,0,6,2,15291500,0,68,0,0,15.0009,384,[0 0 0 0 0 0 0 0 0 0 0 0 -5 10 -5 10 -5 10 -5 10 -5 10 -4 10 -4 10 -4 10 -4 9 -3 9 -3 9 -3 9 -3 9 -3 9 -3 9 -2 9 -2 9 -2 9 -1 9 -1 9 -1 9 -1 9 -1 9 -1 10 -1 9 -1 9 0 0 -1 9 -1 10 -1 9 -1 9 -1 10 -2 10 -2 10 -2 9 -2 9 -2 9 -3 8 -3 8 -3 8 -3 8 -3 7 -3 7 -3 7 -3 6 -4 6 -4 6 -4 6 -4 5 -4 5 -4 5 -4 4 -4 4 0 0 0 0 0 0 0 0 0 0 ]
CSI_DATA,AP,10:B4:1D:CC:60:E0,-27,11,1,7,1,1,1,1,0,0,1,-93,0,6,2,15381516,0,68,0,0,15.0909,384,[0 0 0 0 0 0 0 0 0 0 0 0 11 -3 11 -3 11 -3 10 -3 10 -3 10 -4 10 -4 10 -3 9 -4 9 -4 9 -4 9 -4 9 -4 8 -5 8 -5 8 -5 8 -5 8 -6 8 -6 8 -6 8 -6 8 -6 8 -6 8 -6 8 -6 8 -6 0 0 8 -6 7 -6 7 -7 8 -7 8 -6 8 -6 8 -6 8 -6 8 -6 8 -5 8 -5 8 -5 7 -4 7 -4 7 -4 7 -4 7 -3 7 -3 7 -3 7 -3 6 -2 6 -2 6 -2 6 -2 6 -1 6 -1 0 0 0 0 0 0 0 0 0 0 ]
CSI_DATA,AP,10:B4:1D:CC:60:E0,-27,11,1,7,1,1,1,1,0,0,1,-93,0,6,2,15471576,0,68,0,0,15.181,384,[0 0 0 0 0 0 0 0 0 0 0 0 -5 10 -5 10 -4 10 -5 10 -4 10 -4 10 -4 10 -4 10 -4 9 -3 10 -3 9 -3 10 -3 9 -2 9 -2 9 -2 9 -2 9 -2 9 -1 10 -1 10 -1 10 -1 10 -1 10 -1 10 -1 10 -1 10 0 0 -1 10 -1 10 -1 10 -1 10 -1 10 -1 10 -2 10 -2 10 -2 9 -2 9 -2 9 -2 9 -3 9 -3 8 -3 8 -3 8 -3 7 -3 7 -3 6 -4 6 -4 6 -4 6 -4 6 -4 5 -4 5 -4 5 0 0 0 0 0 0 0 0 0 0 ]
CSI_DATA,AP,10:B4:1D:CC:60:E0,-27,11,1,7,1,1,1,1,0,0,1,-93,0,6,2,15561429,0,68,0,0,15.2708,384,[0 0 0 0 0 0 0 0 0 0 0 0 -12 3 -11 3 -11 3 -11 3 -11 3 -11 3 -10 3 -10 3 -10 3 -10 3 -10 3 -10 4 -9 4 -9 4 -9 4 -9 4 -9 4 -9 5 -9 5 -9 5 -9 5 -8 5 -8 5 -8 6 -8 5 -9 6 0 0 -9 5 -9 6 -8 6 -9 6 -9 5 -9 5 -9 5 -9 4 -9 5 -9 4 -9 4 -9 4 -9 4 -9 3 -8 3 -8 3 -8 2 -8 2 -8 2 -8 1 -8 1 -7 1 -8 0 -7 0 -7 0 -7 -1 0 0 0 0 0 0 0 0 0 0 ]
CSI_DATA,AP,10:B4:1D:CC:60:E0,-27,11,1,7,1,1,1,1,0,0,1,-93,0,6,2,15651477,0,68,0,0,15.3609,384,[0 0 0 0 0 0 0 0 0 0 0 0 0 -12 0 -12 0 -12 0 -12 0 -12 0 -11 -1 -11 -1 -11 -1 -11 -1 -11 -1 -11 -1 -11 -2 -11 -2 -11 -2 -10 -3 -10 -2 -10 -3 -10 -3 -10 -4 -10 -4 -10 -4 -10 -4 -10 -4 -10 -4 -11 -4 -10 0 0 -4 -11 -4 -11 -4 -11 -4 -11 -4 -11 -4 -11 -3 -11 -3 -11 -3 -10 -3 -11 -2 -11 -2 -11 -2 -10 -1 -10 -1 -10 -1 -9 -1 -9 -1 -9 -1 -9 -1 -8 0 -8 0 -8 1 -8 1 -8 1 -7 2 -7 0 0 0 0 0 0 0 0 0 0 ]
CSI_DATA,AP,10:B4:1D:CC:60:E0,-28,11,1,7,1,1,1,1,0,0,1,-93,0,6,2,15741669,0,68,0,0,15.4511,384,[0 0 0 0 0 0 0 0 0 0 0 0 -12 -1 -12 -1 -12 0 -12 -1 -12 -1 -11 0 -11 0 -11 0 -11 0 -11 1 -11 1 -11 1 -11 1 -11 1 -10 1 -10 2 -10 2 -11 2 -10 2 -10 2 -10 2 -10 3 -11 3 -10 3 -10 3 -10 3 0 0 -11 3 -11 3 -11 3 -11 3 -11 3 -11 2 -11 2 -11 2 -11 2 -11 1 -11 1 -11 1 -10 0 -10 0 -10 0 -10 0 -10 -1 -9 -1 -9 -1 -8 -1 -8 -1 -8 -1 -8 -2 -7 -2 -7 -2 -7 -3 0 0 0 0 0 0 0 0 0 0 ]
CSI_DATA,AP,10:B4:1D:CC:60:E0,-27,11,1,7,1,1,1,1,0,0,1,-93,0,6,2,15831500,0,68,0,0,15.5409,384,[0 0 0 0 0 0 0 0 0 0 0 0 11 -2 11 -1 11 -2 11 -2 10 -2 11 -2 10 -2 10 -2 10 -3 10 -3 10 -3 9 -3 9 -3 9 -3 9 -4 9 -4 9 -4 9 -4 9 -4 9 -5 9 -5 9 -5 9 -5 9 -5 9 -5 9 -5 0 0 9 -5 9 -5 9 -5 10 -5 10 -5 10 -5 10 -5 10 -4 10 -4 10 -4 10 -3 9 -3 9 -3 9 -2 9 -2 9 -2 9 -2 8 -1 8 -1 8 -1 8 0 7 0 7 0 7 0 7 1 6 1 0 0 0 0 0 0 0 0 0 0 ]
CSI_DATA,AP,10:B4:1D:CC:60:E0,-28,11,1,7,1,1,1,1,0,0,1,-93,0,6,2,15921547,0,68,0,0,15.6309,384,[0 0 0 0 0 0 0 0 0 0 0 0 -9 -8 -9 -8 -9 -8 -9 -8 -9 -7 -9 -7 -9 -7 -9 -7 -9 -6 -9 -6 -9 -6 -9 -6 -9 -6 -10 -5 -9 -5 -10 -5 -10 -4 -10 -4 -10 -4 -10 -4 -10 -4 -10 -4 -11 -3 -11 -3 -11 -4 -11 -4 0 0 -11 -4 -11 -3 -11 -3 -11 -3 -11 -4 -11 -4 -11 -4 -11 -4 -11 -4 -10 -5 -10 -5 -10 -5 -9 -5 -9 -5 -9 -5 -9 -5 -8 -5 -8 -5 -7 -5 -7 -5 -7 -5 -7 -5 -6 -6 -6 -6 -6 -6 -5 -6 0 0 0 0 0 0 0 0 0 0 ]
CSI_DATA,AP,10:B4:1D:CC:60:E0,-28,11,1,7,1,1,1,1,0,0,1,-93,0,6,2,16011600,0,68,0,0,15.721,384,[0 0 0 0 0 0 0 0 0 0 0 0 -6 10 -6 10 -5 10 -5 10 -5 9 -5 10 -4 9 -5 9 -4 9 -4 9 -4 9 -3 9 -3 9 -3 9 -3 10 -2 9 -2 10 -2 10 -2 10 -2 10 -1 10 -1 10 -1 10 -1 10 -1 10 -1 10 0 0 -1 11 -1 11 -1 11 -1 10 -2 11 -2 11 -2 11 -2 11 -2 10 -3 10 -3 10 -3 10 -3 9 -3 9 -3 8 -4 9 -4 8 -4 8 -4 7 -4 7 -4 7 -5 7 -5 6 -5 6 -5 6 -5 5 0 0 0 0 0 0 0 0 0 0 ]
CSI_DATA,AP,10:B4:1D:CC:60:E0,-27,11,1,7,1,1,1,1,0,0,1,-93,0,6,2,16101584,0,68,0,0,15.811,384,[0 0 0 0 0 0 0 0 0 0 0 0 -7 8 -7 9 -7 9 -6 8 -6 8 -6 8 -6 8 -6 8 -6 8 -5 9 -5 9 -5 8 -5 9 -4 9 -4 9 -4 9 -4 9 -4 9 -3 9 -4 10 -3 9 -3 10 -3 9 -3 10 -3 10 -3 10 0 0 -3 10 -3 11 -3 10 -3 10 -3 10 -3 10 -4 10 -4 10 -4 10 -5 9 -5 9 -5 9 -5 9 -5 9 -5 8 -5 8 -5 7 -5 7 -5 7 -5 6 -5 6 -6 6 -6 5 -6 5 -6 5 -6 4 0 0 0 0 0 0 0 0 0 0 ]
CSI_DATA,AP,10:B4:1D:CC:60:E0,-27,11,1,7,1,1,1,1,0,0,1,-93,0,6,2,16191536,0,68,0,0,15.9009,384,[0 0 0 0 0 0 0 0 0 0 0 0 -4 -11 -5 -11 -5 -11 -5 -11 -5 -10 -5 -11 -5 -10 -5 -10 -5 -10 -5 -10 -5 -9 -6 -9 -6 -9 -6 -9 -6 -9 -6 -8 -7 -9 -7 -8 -7 -9 -7 -9 -7 -8 -7 -8 -8 -8 -8 -8 -8 -8 -8 -8 0 0 -8 -9 -8 -9 -8 -8 -8 -8 -8 -9 -8 -9 -7 -9 -7 -9 -7 -9 -7 -9 -6 -9 -6 -9 -6 -9 -6 -9 -5 -9 -5 -9 -4 -9 -4 -8 -4 -8 -3 -8 -3 -8 -3 -8 -3 -8 -2 -8 -2 -8 -1 -8 0 0 0 0 0 0 0 0 0 0 ]
CSI_DATA,AP,10:B4:1D:CC:60:E0,-28,11,1,7,1,1,1,1,0,0,1,-93,0,6,2,16281575,0,68,0,0,15.991,384,[0 0 0 0 0 0 0 0 0 0 0 0 3 -12 3 -11 3 -12 2 -11 2 -11 2 -11 2 -11 1 -11 1 -11 1 -11 1 -11 1 -11 0 -11 0 -11 0 -11 0 -11 -1 -11 -1 -11 -1 -11 -1 -11 -2 -11 -2 -11 -1 -11 -2 -11 -2 -11 -2 -11 0 0 -2 -12 -2 -12 -2 -12 -2 -12 -2 -12 -1 -12 -1 -12 -1 -12 -1 -11 0 -11 0 -11 0 -11 0 -11 0 -10 0 -10 1 -10 1 -10 1 -9 2 -9 2 -9 2 -9 2 -8 2 -8 2 -8 3 -7 3 -7 0 0 0 0 0 0 0 0 0 0 ]
CSI_DATA,AP,10:B4:1D:CC:60:E0,-27,11,1,7,1,1,1,1,0,0,1,-93,0,6,2,16371409,0,68,0,0,16.0808,384,[0 0 0 0 0 0 0 0 0 0 0 0 1 -12 1 -12 1 -11 0 -11 0 -11 0 -11 0 -11 0 -11 0 -11 -1 -11 -1 -11 -1 -11 -2 -11 -2 -11 -2 -11 -2 -10 -2 -11 -3 -10 -3 -11 -3 -10 -3 -10 -3 -11 -3 -10 -4 -11 -4 -11 -4 -11 0 0 -4 -11 -4 -11 -3 -11 -4 -11 -3 -11 -3 -11 -3 -11 -3 -11 -2 -11 -2 -11 -2 -11 -2 -11 -1 -11 -1 -11 -1 -10 -1 -10 0 -10 0 -9 0 -9 0 -9 0 -9 1 -9 1 -8 1 -8 2 -8 2 -7 0 0 0 0 0 0 0 0 0 0 ]

