--- Warning: GDB cannot open serial ports accessed as COMx
--- Using \\.\COM5 instead...
--- esp-idf-monitor 1.9.0 on \\.\COM5 115200
--- Quit: Ctrl+] | Menu: Ctrl+T | Help: Ctrl+T followed by Ctrl+H
Executing action: monitor
Running idf_monitor in directory C:\ESP32-CSI-Tool\active_ap
Executing "C:\Espressif\python_env\idf5.5_py3.11_env\Scripts\python.exe C:\Espressif\frameworks\esp-idf-v5.5.4-3\tools/idf_monitor.py -p COM5 -b 115200 --toolchain-prefix xtensa-esp32s3-elf- --target esp32s3 --revision 0 C:\ESP32-CSI-Tool\active_ap\build\active-ap.elf C:\ESP32-CSI-Tool\active_ap\build\bootloader\bootloader.elf --force-color -m 'C:\Espressif\python_env\idf5.5_py3.11_env\Scripts\python.exe' 'C:\Espressif\frameworks\esp-idf-v5.5.4-3\tools\idf.py' '-p' 'COM5'"...
ESP-ROM:esp32s3-20210327
Build:Mar 27 2021
rst:0x1 (POWERON),boot:0x8 (SPI_FAST_FLASH_BOOT)
SPIWP:0xee
mode:DIO, clock div:1
load:0x3fce2820,len:0x14f0
load:0x403c8700,len:0xd24
--- 0x403c8700: _stext at ??:?
load:0x403cb700,len:0x2ef0
entry 0x403c8924
--- 0x403c8924: call_start_cpu0 at C:/Espressif/frameworks/esp-idf-v5.5.4-3/components/bootloader/subproject/main/bootloader_start.c:27
I (24) boot: ESP-IDF v5.5.4 2nd stage bootloader
I (25) boot: compile time Jun 25 2026 19:04:14
I (25) boot: Multicore bootloader
I (25) boot: chip revision: v0.2
I (28) boot: efuse block revision: v1.3
I (31) boot.esp32s3: Boot SPI Speed : 80MHz
I (35) boot.esp32s3: SPI Mode       : DIO
I (39) boot.esp32s3: SPI Flash Size : 2MB
I (43) boot: Enabling RNG early entropy source...
I (47) boot: Partition Table:
I (50) boot: ## Label            Usage          Type ST Offset   Length
I (56) boot:  0 nvs              WiFi data        01 02 00009000 00006000
I (63) boot:  1 phy_init         RF data          01 01 0000f000 00001000
I (69) boot:  2 factory          factory app      00 00 00010000 00100000
I (76) boot: End of partition table
I (79) esp_image: segment 0: paddr=00010020 vaddr=3c0c0020 size=1e414h (123924) map
I (108) esp_image: segment 1: paddr=0002e43c vaddr=3fc9a400 size=01bdch (  7132) load
I (110) esp_image: segment 2: paddr=00030020 vaddr=42000020 size=b082ch (722988) map
I (239) esp_image: segment 3: paddr=000e0854 vaddr=3fc9bfdc size=03320h ( 13088) load
I (242) esp_image: segment 4: paddr=000e3b7c vaddr=40374000 size=1631ch ( 90908) load
I (263) esp_image: segment 5: paddr=000f9ea0 vaddr=50000000 size=00020h (    32) load
I (272) boot: Loaded app from partition at offset 0x10000
I (272) boot: Disabling RNG early entropy source...
I (282) cpu_start: Multicore app
I (291) cpu_start: GPIO 44 and 43 are used as console UART I/O pins
I (292) cpu_start: Pro cpu start user code
I (292) cpu_start: cpu freq: 160000000 Hz
I (293) app_init: Application information:
I (297) app_init: Project name:     active-ap
I (301) app_init: App version:      cce5b1a-dirty
I (305) app_init: Compile time:     Jul  2 2026 19:28:44
I (311) app_init: ELF file SHA256:  509764614...
I (315) app_init: ESP-IDF:          v5.5.4
I (319) efuse_init: Min chip rev:     v0.0
I (322) efuse_init: Max chip rev:     v0.99 
I (326) efuse_init: Chip rev:         v0.2
I (330) heap_init: Initializing. RAM available for dynamic allocation:
I (337) heap_init: At 3FCA4190 len 00045580 (277 KiB): RAM
I (342) heap_init: At 3FCE9710 len 00005724 (21 KiB): RAM
I (347) heap_init: At 3FCF0000 len 00008000 (32 KiB): DRAM
I (352) heap_init: At 600FE000 len 00001FE8 (7 KiB): RTCRAM
I (359) spi_flash: detected chip: generic
I (361) spi_flash: flash io: dio
W (364) spi_flash: Detected size(16384k) larger than the size in the binary image header(2048k). Using the size in the binary image header.
I (377) sleep_gpio: Configure to isolate all GPIO pins in sleep state
I (383) sleep_gpio: Enable automatic switching of GPIO sleep configuration
I (390) main_task: Started on CPU0
I (410) main_task: Calling app_main()








-----------------------
ESP32 CSI Tool Settings
-----------------------
PROJECT_NAME: ACTIVE_AP
CONFIG_ESPTOOLPY_MONITOR_BAUD: 115200
CONFIG_ESP_CONSOLE_UART_BAUDRATE: 115200
IDF_VER: v5.5.4
-----------------------
WIFI_CHANNEL: 6
ESP_WIFI_SSID: testopen
ESP_WIFI_PASSWORD: 
SHOULD_COLLECT_CSI: 1
SHOULD_COLLECT_ONLY_LLTF: 1
SEND_CSI_TO_SERIAL: 1
SEND_CSI_TO_SD: 0
-----------------------








I (460) pp: pp rom version: e7ae62f
I (460) net80211: net80211 rom version: e7ae62f
I (470) wifi:wifi driver task: 3fca9000, prio:23, stack:6656, core=0
I (470) wifi:wifi firmware version: 0947e8b
I (470) wifi:wifi certification version: v7.0
I (470) wifi:config NVS flash: enabled
I (470) wifi:config nano formatting: disabled
I (480) wifi:Init data frame dynamic rx buffer num: 32
I (480) wifi:Init static rx mgmt buffer num: 5
I (490) wifi:Init management short buffer num: 32
I (490) wifi:Init dynamic tx buffer num: 32
I (500) wifi:Init static tx FG buffer num: 2
I (500) wifi:Init static rx buffer size: 2212
I (500) wifi:Init static rx buffer num: 10
I (510) wifi:Init dynamic rx buffer num: 32
I (510) wifi_init: rx ba win: 6
I (510) wifi_init: accept mbox: 6
I (520) wifi_init: tcpip mbox: 32
I (520) wifi_init: udp mbox: 6
I (520) wifi_init: tcp mbox: 6
I (530) wifi_init: tcp tx win: 5760
I (530) wifi_init: tcp rx win: 5760
I (530) wifi_init: tcp mss: 1440
I (540) wifi_init: WiFi IRAM OP enabled
I (540) wifi_init: WiFi RX IRAM OP enabled
W (550) wifi:Affected by the ESP-NOW encrypt num, set the max connection num to 10
I (550) phy_init: phy_version 711,97bcf0a2,Aug 25 2025,19:04:10
I (600) wifi:mode : softAP (10:b4:1d:cc:60:ad)
I (600) wifi:Total power save buffer number: 16
I (600) wifi:Init max length of beacon: 752/752
I (600) wifi:Init max length of beacon: 752/752
I (610) wifi:Set ps type: 0, coexist: 0
I (610) esp_netif_lwip: DHCP server started on interface WIFI_AP_DEF with IP: 192.168.4.1

I (620) Active CSI collection (AP): softap_init finished. SSID:testopen password:
type,role,mac,rssi,rate,sig_mode,mcs,bandwidth,smoothing,not_sounding,aggregation,stbc,fec_coding,sgi,noise_floor,ampdu_cnt,channel,secondary_channel,local_timestamp,ant,sig_len,rx_state,real_time_set,real_timestamp,len,CSI_DATA
I (650) main_task: Returned from app_main()
I (650) wifi:removing station <10:b4:1d:cc:60:e0> after unsuccessful auth/assoc, AID = 0
W (660) wifi:rm mis
I (660) wifi:new:<6,0>, old:<6,2>, ap:<6,2>, sta:<255,255>, prof:6, snd_ch_cfg:0x0
I (670) wifi:new:<6,2>, old:<6,0>, ap:<6,2>, sta:<255,255>, prof:6, snd_ch_cfg:0x0
I (3080) wifi:new:<6,2>, old:<6,2>, ap:<6,2>, sta:<255,255>, prof:6, snd_ch_cfg:0x0
I (3080) wifi:station: 10:b4:1d:cc:60:e0 join, AID=1, bgn, 40D
I (3080) Active CSI collection (AP): station join, AID=1
CSI_DATA,AP,00:00:00:00:00:00,-12,11,0,0,0,0,0,0,0,0,0,-94,0,6,2,3084516,0,14,0,0,2.79531,128,[0 0 0 0 0 0 0 0 0 0 0 0 15 -9 15 -9 14 -9 14 -9 14 -9 13 -9 13 -9 13 -9 13 -9 12 -9 12 -9 11 -10 11 -10 11 -10 11 -10 10 -10 10 -10 10 -11 9 -11 9 -11 9 -11 9 -11 9 -11 9 -11 9 -12 9 -12 0 0 9 -12 9 -12 9 -11 9 -11 9 -11 9 -11 10 -11 10 -10 10 -10 9 -10 9 -9 9 -9 9 -8 9 -8 9 -7 9 -7 9 -7 8 -6 9 -6 8 -5 8 -5 8 -5 8 -4 8 -4 8 -3 8 -3 0 0 0 0 0 0 0 0 0 0 ]
CSI_DATA,AP,10:B4:1D:CC:60:E0,-12,11,0,0,0,0,0,0,0,0,0,-94,0,6,2,3111174,0,374,0,0,2.8374,128,[0 0 0 0 0 0 0 0 0 0 0 0 -17 2 -17 2 -17 2 -16 3 -16 3 -16 3 -15 3 -15 3 -15 3 -15 3 -14 3 -14 4 -14 4 -14 4 -14 4 -13 5 -13 5 -13 5 -13 5 -13 5 -13 5 -13 6 -13 6 -13 6 -13 6 -13 6 0 0 -13 6 -13 6 -13 6 -13 5 -13 5 -13 5 -13 5 -13 4 -13 4 -13 4 -13 3 -12 3 -12 2 -12 2 -12 2 -11 1 -11 1 -11 1 -10 1 -10 0 -10 0 -10 0 -9 -1 -9 -1 -9 -1 -8 -2 0 0 0 0 0 0 0 0 0 0 ]
CSI_DATA,AP,00:00:00:00:00:00,-12,11,0,0,0,0,0,0,0,0,0,-94,0,6,2,3175964,0,14,0,0,2.88538,128,[0 0 0 0 0 0 0 0 0 0 0 0 -13 10 -13 10 -12 10 -12 10 -12 9 -12 10 -11 9 -11 10 -11 9 -10 9 -10 10 -9 10 -9 10 -9 10 -9 10 -9 10 -9 10 -8 10 -8 10 -8 10 -8 10 -8 10 -7 10 -7 11 -7 11 -8 11 0 0 -8 11 -8 11 -8 11 -8 10 -8 10 -9 10 -9 10 -9 10 -9 9 -8 9 -9 9 -9 8 -9 8 -9 7 -9 6 -9 6 -8 6 -8 5 -8 5 -8 5 -8 4 -8 4 -8 4 -8 3 -8 3 -8 2 0 0 0 0 0 0 0 0 0 0 ]
CSI_DATA,AP,10:B4:1D:CC:60:E0,-12,11,0,0,0,0,0,0,0,0,0,-94,0,6,2,3177510,0,374,0,0,2.91597,128,[0 0 0 0 0 0 0 0 0 0 0 0 -12 12 -12 11 -12 11 -11 11 -11 11 -11 11 -10 11 -10 11 -10 11 -9 11 -9 11 -9 11 -9 11 -8 11 -8 11 -8 11 -7 11 -7 11 -7 11 -7 11 -7 11 -7 12 -6 12 -6 12 -6 12 -6 12 0 0 -7 12 -7 12 -7 12 -7 12 -7 11 -7 11 -7 11 -8 11 -8 11 -8 11 -8 10 -8 9 -8 9 -8 8 -8 8 -8 8 -8 7 -8 7 -8 6 -8 6 -8 6 -8 5 -8 5 -8 4 -8 4 -8 3 0 0 0 0 0 0 0 0 0 0 ]
I (3250) esp_netif_lwip: DHCP server assigned IP to a client, IP is: 192.168.4.2
CSI_DATA,AP,00:00:00:00:00:00,-12,11,0,0,0,0,0,0,0,0,0,-94,0,6,2,3251133,0,14,0,0,2.96057,128,[0 0 0 0 0 0 0 0 0 0 0 0 8 14 8 14 8 14 8 14 8 13 8 13 8 12 9 12 8 12 8 11 8 11 9 11 9 11 9 10 9 10 9 10 9 10 9 9 10 9 10 9 10 9 10 8 10 8 10 9 10 9 11 9 0 0 10 9 10 9 10 9 10 9 10 9 10 9 10 9 9 9 9 9 8 9 8 9 7 9 7 9 7 9 6 9 6 9 5 8 5 9 5 8 4 8 4 8 3 8 3 8 2 8 2 8 1 7 0 0 0 0 0 0 0 0 0 0 ]
CSI_DATA,AP,10:B4:1D:CC:60:E0,-12,11,0,0,0,0,0,0,0,0,0,-94,0,6,2,3251932,0,66,0,0,2.99589,128,[0 0 0 0 0 0 0 0 0 0 0 0 17 0 16 0 16 0 16 -1 16 -1 15 -1 15 -1 15 -1 15 -1 14 -1 14 -2 14 -2 14 -3 14 -3 13 -3 13 -3 13 -4 13 -4 13 -4 13 -4 13 -4 13 -4 13 -5 13 -5 13 -5 13 -5 0 0 13 -5 13 -5 13 -5 13 -5 13 -4 13 -4 13 -4 13 -3 13 -3 12 -3 12 -3 12 -2 12 -2 11 -2 11 -2 11 -2 10 -1 10 -1 10 0 9 0 9 1 9 1 9 1 8 1 8 1 7 2 0 0 0 0 0 0 0 0 0 0 ]
CSI_DATA,AP,10:B4:1D:CC:60:E0,-12,11,0,0,0,0,0,0,0,0,0,-94,0,6,2,3306303,0,66,0,0,3.03467,128,[0 0 0 0 0 0 0 0 0 0 0 0 16 -1 15 -1 16 -1 15 -2 15 -2 14 -2 14 -2 14 -2 14 -2 14 -2 13 -3 13 -3 13 -3 13 -4 12 -4 13 -4 12 -4 13 -4 12 -4 12 -5 12 -5 12 -5 12 -5 12 -6 12 -6 12 -6 0 0 12 -6 12 -6 12 -5 13 -5 12 -5 12 -5 12 -5 12 -4 12 -4 12 -4 12 -3 11 -3 11 -3 11 -2 11 -2 10 -2 10 -1 9 -1 9 -1 9 -1 9 -1 8 0 8 0 8 1 7 1 7 1 0 0 0 0 0 0 0 0 0 0 ]
CSI_DATA,AP,10:B4:1D:CC:60:E0,-12,11,0,0,0,0,0,0,0,0,0,-93,0,6,2,3746413,0,66,0,0,3.4559,128,[0 0 0 0 0 0 0 0 0 0 0 0 1 -17 1 -17 1 -17 1 -17 1 -16 0 -16 1 -16 0 -16 0 -15 -1 -15 -1 -15 -1 -15 -2 -15 -2 -15 -2 -14 -2 -14 -2 -14 -2 -14 -3 -14 -3 -14 -3 -14 -3 -14 -3 -14 -4 -14 -4 -14 -4 -14 0 0 -4 -14 -3 -14 -3 -14 -3 -14 -3 -14 -2 -14 -2 -14 -2 -14 -1 -14 -1 -14 -1 -13 -1 -13 0 -13 0 -12 0 -12 1 -12 0 -11 1 -11 1 -10 2 -10 2 -10 2 -9 2 -9 2 -9 3 -8 3 -8 0 0 0 0 0 0 0 0 0 0 ]
CSI_DATA,AP,10:B4:1D:CC:60:E0,-12,11,0,0,0,0,0,0,0,0,0,-93,0,6,2,4306574,0,66,0,0,4.01604,128,[0 0 0 0 0 0 0 0 0 0 0 0 2 16 2 16 2 16 2 16 2 15 2 15 2 14 2 14 2 14 2 14 3 14 3 13 3 13 3 13 4 13 4 13 4 12 4 12 4 12 5 12 5 12 5 12 5 12 5 12 5 12 5 12 0 0 5 12 5 12 5 12 5 13 5 13 4 13 4 13 3 12 3 12 3 12 3 12 2 12 2 11 1 11 1 11 1 10 1 10 0 10 0 9 -1 9 -1 9 -1 9 -1 8 -2 8 -2 8 -3 7 0 0 0 0 0 0 0 0 0 0 ]
CSI_DATA,AP,10:B4:1D:CC:60:E0,-12,11,0,0,0,0,0,0,0,0,0,-93,0,6,2,4662593,0,66,0,0,4.37208,128,[0 0 0 0 0 0 0 0 0 0 0 0 16 3 16 3 15 3 15 2 15 2 15 2 15 2 15 1 14 1 14 1 14 0 14 0 14 0 14 0 14 0 13 -1 13 -1 13 -1 13 -2 13 -2 13 -2 13 -2 13 -2 13 -3 13 -3 14 -3 0 0 14 -3 13 -3 13 -2 13 -2 13 -2 13 -2 13 -1 13 -1 13 -1 12 -1 12 0 12 0 12 0 11 0 11 1 11 1 10 1 10 1 9 1 9 2 9 2 8 2 8 2 8 3 7 3 7 3 0 0 0 0 0 0 0 0 0 0 ]
CSI_DATA,AP,00:00:00:00:00:00,-12,11,0,0,0,0,0,0,0,0,0,-93,0,6,2,4693159,0,14,0,0,4.40259,128,[0 0 0 0 0 0 0 0 0 0 0 0 2 16 2 16 2 16 2 15 2 15 2 15 2 14 3 14 3 14 3 14 3 13 3 13 4 13 4 13 4 13 4 13 4 12 4 12 4 12 5 12 5 12 5 12 5 12 5 12 6 12 6 12 0 0 6 12 6 12 5 12 5 12 5 12 5 12 4 12 4 12 4 12 3 12 3 12 3 12 2 11 2 11 1 11 1 10 1 10 1 10 0 10 0 9 0 9 -1 9 -1 8 -1 8 -2 8 -2 7 0 0 0 0 0 0 0 0 0 0 ]
CSI_DATA,AP,10:B4:1D:CC:60:E0,-12,11,0,0,0,0,0,0,0,0,0,-93,0,6,2,4693623,0,37,0,0,4.43445,128,[0 0 0 0 0 0 0 0 0 0 0 0 8 -15 8 -15 8 -15 8 -14 7 -14 7 -14 7 -14 7 -14 6 -14 6 -14 6 -14 5 -13 5 -14 5 -14 5 -14 4 -14 4 -13 4 -13 3 -14 3 -13 3 -14 3 -14 3 -14 3 -14 3 -14 3 -14 0 0 3 -14 3 -14 3 -14 3 -14 4 -14 4 -13 4 -13 4 -13 5 -13 5 -12 5 -12 5 -11 5 -11 5 -11 5 -10 5 -10 5 -9 5 -9 5 -9 6 -8 6 -8 6 -7 6 -7 6 -6 6 -6 6 -5 0 0 0 0 0 0 0 0 0 0 ]
CSI_DATA,AP,00:00:00:00:00:00,-14,9,0,0,0,0,0,0,0,0,0,-93,0,6,2,4693962,0,14,0,0,4.47323,128,[0 0 0 0 0 0 0 0 0 0 0 0 14 8 13 8 13 8 13 8 13 7 13 7 12 6 13 6 12 6 13 6 13 5 12 5 13 5 12 4 12 4 12 4 12 4 12 3 13 3 12 3 13 3 13 3 13 2 13 2 13 2 13 2 0 0 13 2 13 3 13 3 12 3 12 3 12 3 12 4 12 4 12 4 11 4 11 4 11 4 10 5 10 5 9 5 9 5 8 5 8 5 8 5 7 5 7 5 7 5 6 5 6 5 5 5 5 6 0 0 0 0 0 0 0 0 0 0 ]
CSI_DATA,AP,10:B4:1D:CC:60:E0,-12,11,0,0,0,0,0,0,0,0,0,-93,0,6,2,4695393,0,37,0,0,4.50728,128,[0 0 0 0 0 0 0 0 0 0 0 0 -9 -15 -9 -14 -9 -14 -9 -13 -9 -13 -9 -13 -9 -13 -9 -12 -9 -12 -9 -12 -9 -11 -9 -11 -9 -11 -9 -11 -10 -10 -10 -10 -10 -10 -10 -10 -10 -10 -10 -9 -11 -9 -11 -9 -11 -9 -11 -9 -11 -9 -11 -9 0 0 -11 -9 -11 -9 -11 -9 -11 -9 -10 -10 -10 -10 -10 -10 -10 -10 -9 -10 -9 -10 -8 -10 -8 -10 -8 -10 -7 -10 -7 -9 -7 -9 -6 -9 -6 -9 -5 -9 -5 -9 -5 -9 -4 -9 -4 -9 -3 -8 -3 -8 -2 -8 0 0 0 0 0 0 0 0 0 0 ]
CSI_DATA,AP,10:B4:1D:CC:60:E0,-18,11,1,7,1,1,1,0,0,0,1,-93,0,6,2,4695629,0,68,0,0,4.55133,384,[0 0 0 0 0 0 0 0 0 0 0 0 3 10 3 10 3 10 3 10 3 10 3 9 3 9 3 9 3 9 4 9 4 9 4 8 4 8 4 8 4 8 5 8 5 7 5 7 5 7 5 7 5 7 5 7 5 7 5 7 6 7 5 7 0 0 5 7 5 7 5 7 5 7 5 7 5 7 5 7 4 7 4 7 4 7 4 7 4 7 3 7 3 7 3 7 2 6 2 7 2 6 2 6 1 6 1 6 1 6 1 6 0 6 0 5 0 5 0 0 0 0 0 0 0 0 0 0 ]
CSI_DATA,AP,10:B4:1D:CC:60:E0,-18,11,1,7,1,1,1,0,0,0,1,-93,0,6,2,4761905,0,68,0,0,4.58248,384,[0 0 0 0 0 0 0 0 0 0 0 0 9 -7 9 -7 8 -7 8 -7 8 -7 9 -7 8 -6 8 -6 7 -7 7 -7 7 -7 7 -7 7 -7 6 -7 6 -7 6 -7 6 -7 6 -7 6 -7 6 -8 5 -8 6 -8 5 -8 5 -8 5 -8 5 -8 0 0 6 -8 6 -8 5 -8 6 -7 5 -7 6 -7 6 -7 6 -7 6 -6 6 -6 6 -6 6 -6 6 -6 6 -5 6 -5 6 -4 6 -4 6 -4 6 -4 5 -4 5 -3 5 -3 5 -3 5 -2 5 -2 5 -2 0 0 0 0 0 0 0 0 0 0 ]
CSI_DATA,AP,10:B4:1D:CC:60:E0,-18,11,1,7,1,1,1,0,0,0,1,-93,0,6,2,4851720,0,68,0,0,4.61773,384,[0 0 0 0 0 0 0 0 0 0 0 0 -5 10 -5 9 -5 10 -5 9 -5 10 -4 9 -4 9 -4 9 -4 9 -4 9 -3 9 -3 9 -3 9 -3 9 -3 9 -2 9 -2 8 -2 8 -2 9 -2 9 -1 9 -2 9 -1 9 -1 9 -1 9 -1 9 0 0 -1 9 -1 9 -2 9 -2 9 -2 9 -2 9 -2 9 -2 8 -2 8 -3 8 -3 8 -3 8 -3 7 -3 7 -3 7 -3 6 -4 6 -4 6 -3 5 -4 5 -4 5 -4 5 -4 5 -4 4 -4 4 -4 3 0 0 0 0 0 0 0 0 0 0 ]
CSI_DATA,AP,10:B4:1D:CC:60:E0,-18,11,1,7,1,1,1,0,0,0,1,-93,0,6,2,4941685,0,68,0,0,4.65488,384,[0 0 0 0 0 0 0 0 0 0 0 0 9 -8 9 -7 9 -7 8 -7 8 -7 8 -7 8 -7 8 -7 7 -7 7 -7 7 -8 7 -8 6 -8 6 -8 6 -8 6 -8 6 -8 6 -8 5 -8 5 -8 5 -8 5 -8 5 -8 5 -9 5 -9 5 -8 0 0 5 -8 5 -9 5 -9 5 -8 5 -8 5 -8 5 -8 5 -8 6 -7 6 -7 6 -7 5 -7 6 -7 5 -6 6 -6 5 -5 5 -5 5 -5 5 -4 5 -4 5 -4 5 -4 5 -4 5 -3 5 -3 5 -2 0 0 0 0 0 0 0 0 0 0 ]
CSI_DATA,AP,00:00:00:00:00:00,-12,11,0,0,0,0,0,0,0,0,0,-93,0,6,2,4979597,0,14,0,0,4.68967,128,[0 0 0 0 0 0 0 0 0 0 0 0 -16 6 -16 6 -16 6 -15 6 -15 6 -14 6 -14 6 -14 6 -14 6 -14 6 -13 6 -13 7 -13 7 -13 7 -12 7 -12 7 -11 7 -12 8 -11 8 -11 8 -11 8 -11 8 -11 8 -11 8 -11 8 -11 8 0 0 -11 8 -11 9 -11 8 -12 8 -11 8 -12 8 -12 7 -12 7 -12 7 -12 6 -12 6 -11 5 -11 5 -11 5 -11 4 -10 4 -10 3 -10 3 -10 3 -10 2 -10 2 -9 2 -9 1 -9 1 -9 1 -9 0 0 0 0 0 0 0 0 0 0 0 ]
I (5020) wifi:<ba-add>idx:2 (ifx:1, 10:b4:1d:cc:60:e0), tid:0, ssn:0, winSize:64
CSI_DATA,AP,10:B4:1D:CC:60:E0,-18,11,1,7,1,1,1,1,0,0,1,-93,0,6,2,5029725,0,68,0,0,4.73917,384,[0 0 0 0 0 0 0 0 0 0 0 0 -9 7 -9 7 -9 7 -9 7 -9 7 -8 7 -8 7 -8 7 -8 6 -7 7 -7 7 -7 7 -7 7 -6 7 -6 7 -6 7 -6 7 -6 7 -6 7 -6 8 -6 7 -5 8 -5 8 -5 8 -5 8 -5 8 0 0 -5 8 -5 8 -5 8 -6 8 -6 8 -6 8 -6 7 -6 7 -6 6 -6 7 -6 6 -6 6 -6 6 -6 5 -6 5 -6 5 -6 5 -6 4 -6 4 -6 3 -6 3 -6 3 -6 3 -6 2 -6 2 -6 1 0 0 0 0 0 0 0 0 0 0 ]
CSI_DATA,AP,10:B4:1D:CC:60:E0,-18,11,1,7,1,1,1,1,0,0,1,-93,0,6,2,5121985,0,68,0,0,4.83139,384,[0 0 0 0 0 0 0 0 0 0 0 0 -11 -3 -11 -3 -11 -3 -11 -3 -11 -3 -11 -3 -11 -2 -11 -2 -10 -2 -10 -2 -10 -2 -10 -2 -10 -2 -10 -1 -10 -1 -10 -1 -10 -1 -10 0 -10 0 -10 0 -10 0 -10 0 -10 0 -10 1 -10 0 -10 0 0 0 -10 0 -10 0 -10 0 -10 0 -10 0 -10 0 -10 0 -10 -1 -9 -1 -9 -1 -9 -1 -9 -1 -9 -2 -8 -2 -8 -2 -8 -2 -8 -2 -7 -2 -7 -3 -7 -3 -7 -3 -6 -3 -6 -3 -6 -3 -6 -4 -5 -4 0 0 0 0 0 0 0 0 0 0 ]
CSI_DATA,AP,10:B4:1D:CC:60:E0,-18,11,1,7,1,1,1,1,0,0,1,-93,0,6,2,5211675,0,68,0,0,4.92107,384,[0 0 0 0 0 0 0 0 0 0 0 0 10 5 10 5 10 5 10 4 9 4 9 4 9 4 9 4 9 3 9 3 9 3 9 3 9 3 9 2 9 2 9 2 9 2 9 2 9 1 9 1 9 1 9 1 9 1 9 1 9 1 9 1 0 0 9 1 9 1 9 1 9 1 9 2 9 2 9 2 9 2 8 2 8 2 8 2 8 3 7 3 7 3 7 3 7 3 6 3 6 3 6 3 5 3 5 3 5 3 5 3 4 4 4 4 3 4 0 0 0 0 0 0 0 0 0 0 ]
CSI_DATA,AP,10:B4:1D:CC:60:E0,-18,11,1,7,1,1,1,1,0,0,1,-93,0,6,2,5301806,0,68,0,0,5.01121,384,[0 0 0 0 0 0 0 0 0 0 0 0 -3 11 -3 10 -3 10 -3 10 -3 10 -3 9 -3 10 -2 9 -2 9 -2 9 -2 9 -2 9 -2 9 -1 9 -1 9 -1 9 -1 8 -1 9 0 9 0 9 0 9 0 9 0 9 0 9 0 9 0 9 0 0 0 9 0 9 0 9 0 9 0 9 0 9 0 9 -1 9 -1 8 -1 8 -1 8 -1 8 -2 8 -2 7 -2 7 -2 7 -2 7 -2 6 -3 6 -3 5 -3 5 -3 5 -3 5 -3 5 -3 4 -4 4 0 0 0 0 0 0 0 0 0 0 ]
CSI_DATA,AP,10:B4:1D:CC:60:E0,-12,11,0,0,0,0,0,0,0,0,0,-93,0,6,2,5306308,0,66,0,0,5.03651,128,[0 0 0 0 0 0 0 0 0 0 0 0 -7 15 -7 14 -7 15 -6 14 -6 14 -6 14 -6 14 -6 14 -5 14 -5 13 -4 13 -4 13 -4 13 -4 13 -3 13 -3 13 -3 13 -2 13 -2 13 -2 13 -2 13 -2 13 -2 13 -2 13 -1 13 -1 14 0 0 -2 13 -1 14 -2 13 -2 14 -2 13 -3 13 -3 13 -3 13 -3 12 -4 12 -3 12 -4 11 -4 11 -4 10 -4 11 -4 10 -5 10 -5 9 -5 9 -5 8 -5 8 -5 8 -5 7 -6 7 -6 6 -6 5 0 0 0 0 0 0 0 0 0 0 ]
CSI_DATA,AP,10:B4:1D:CC:60:E0,-18,11,1,7,1,1,1,1,0,0,1,-93,0,6,2,5391829,0,68,0,0,5.10124,384,[0 0 0 0 0 0 0 0 0 0 0 0 6 8 6 8 6 8 6 8 6 8 6 8 6 7 6 7 6 7 6 7 6 7 6 6 6 6 6 6 7 6 7 5 7 6 7 5 7 5 7 5 7 5 7 5 7 5 7 5 7 5 7 5 0 0 7 5 7 5 7 5 7 5 7 5 6 6 6 6 6 6 6 6 6 6 6 6 5 6 5 6 4 6 4 6 4 5 4 6 4 5 3 5 3 5 2 5 2 5 2 5 1 5 2 5 1 5 0 0 0 0 0 0 0 0 0 0 ]
CSI_DATA,AP,10:B4:1D:CC:60:E0,-18,11,1,7,1,1,1,1,0,0,1,-93,0,6,2,5484274,0,68,0,0,5.1937,384,[0 0 0 0 0 0 0 0 0 0 0 0 2 11 3 10 3 10 3 10 3 10 3 9 3 9 3 9 3 9 3 9 3 9 3 8 3 8 4 8 4 8 4 8 4 8 4 8 4 8 4 7 4 7 4 7 5 7 4 8 5 7 5 7 0 0 5 7 5 7 4 8 4 7 4 8 4 8 4 8 4 8 3 7 3 7 3 7 2 7 2 7 2 7 2 7 2 7 1 7 1 6 1 6 0 6 1 6 0 6 0 5 -1 5 -1 5 -1 5 0 0 0 0 0 0 0 0 0 0 ]
CSI_DATA,AP,10:B4:1D:CC:60:E0,-18,11,1,7,1,1,1,1,0,0,1,-93,0,6,2,5571885,0,68,0,0,5.28129,384,[0 0 0 0 0 0 0 0 0 0 0 0 -12 1 -11 1 -11 1 -11 1 -11 1 -11 1 -11 1 -11 1 -10 1 -10 2 -10 2 -10 2 -10 2 -10 2 -9 3 -10 3 -9 3 -9 3 -9 3 -9 3 -9 3 -9 3 -9 3 -9 4 -9 4 -9 4 0 0 -9 3 -9 4 -9 3 -9 3 -9 3 -9 3 -9 2 -9 2 -9 2 -9 2 -9 2 -8 2 -8 1 -8 1 -8 1 -8 0 -8 0 -8 0 -7 0 -7 0 -7 -1 -7 -1 -7 -1 -7 -1 -6 -1 -6 -2 0 0 0 0 0 0 0 0 0 0 ]
CSI_DATA,AP,10:B4:1D:CC:60:E0,-18,11,1,7,1,1,1,1,0,0,1,-93,0,6,2,5661917,0,68,0,0,5.37132,384,[0 0 0 0 0 0 0 0 0 0 0 0 -7 8 -7 8 -7 9 -7 8 -7 8 -7 8 -6 8 -6 8 -6 8 -5 8 -6 8 -5 8 -5 8 -5 8 -4 8 -4 8 -4 8 -4 8 -4 8 -3 8 -3 8 -3 8 -3 8 -3 9 -3 8 -3 8 0 0 -3 9 -3 9 -3 9 -3 9 -3 8 -3 9 -3 9 -3 8 -4 8 -4 7 -4 7 -4 7 -4 7 -4 6 -4 6 -4 6 -5 6 -4 5 -4 5 -4 5 -5 4 -4 4 -5 4 -5 4 -5 3 -5 3 0 0 0 0 0 0 0 0 0 0 ]
CSI_DATA,AP,10:B4:1D:CC:60:E0,-18,11,1,7,1,1,1,1,0,0,1,-93,0,6,2,5751934,0,68,0,0,5.46133,384,[0 0 0 0 0 0 0 0 0 0 0 0 -11 4 -11 4 -11 3 -10 4 -10 4 -10 4 -10 3 -10 4 -10 4 -9 4 -9 4 -9 4 -9 5 -8 5 -8 5 -8 5 -8 5 -8 5 -8 5 -8 5 -8 5 -8 5 -7 5 -7 6 -7 6 -7 6 0 0 -8 6 -8 6 -8 6 -8 5 -8 5 -8 5 -8 5 -8 4 -8 4 -8 4 -8 4 -8 4 -8 4 -8 3 -8 3 -7 2 -7 2 -7 2 -7 2 -7 1 -7 1 -7 1 -6 1 -6 1 -6 0 -6 0 0 0 0 0 0 0 0 0 0 0 ]
CSI_DATA,AP,10:B4:1D:CC:60:E0,-18,11,1,7,1,1,1,1,0,0,1,-93,0,6,2,5841933,0,68,0,0,5.55133,384,[0 0 0 0 0 0 0 0 0 0 0 0 8 -8 8 -8 8 -8 7 -8 7 -8 7 -8 7 -8 7 -8 7 -8 6 -8 6 -8 6 -8 6 -8 5 -8 5 -9 5 -8 5 -8 5 -8 5 -9 4 -9 4 -9 4 -9 4 -9 4 -9 4 -9 4 -9 0 0 4 -9 4 -9 4 -9 5 -9 5 -9 5 -9 5 -8 5 -8 5 -8 5 -7 5 -7 5 -7 5 -7 5 -6 5 -6 5 -6 5 -6 5 -5 5 -5 5 -4 5 -4 5 -4 5 -4 5 -3 5 -3 5 -2 0 0 0 0 0 0 0 0 0 0 ]
CSI_DATA,AP,10:B4:1D:CC:60:E0,-18,11,1,7,1,1,1,1,0,0,1,-93,0,6,2,5931846,0,68,0,0,5.64124,384,[0 0 0 0 0 0 0 0 0 0 0 0 8 -8 8 -8 7 -8 7 -8 7 -8 7 -8 7 -8 6 -8 6 -8 6 -8 6 -8 5 -8 5 -8 5 -8 5 -8 5 -8 4 -8 4 -8 4 -9 4 -9 4 -8 4 -9 4 -9 4 -9 3 -9 4 -9 0 0 4 -9 4 -9 4 -9 4 -9 4 -9 4 -9 4 -8 4 -8 4 -8 5 -8 4 -7 4 -7 4 -7 5 -7 5 -6 5 -6 5 -6 5 -5 5 -5 5 -4 5 -4 5 -4 5 -4 4 -4 4 -3 4 -3 0 0 0 0 0 0 0 0 0 0 ]
CSI_DATA,AP,10:B4:1D:CC:60:E0,-18,11,1,7,1,1,1,1,0,0,1,-93,0,6,2,6021791,0,68,0,0,5.73119,384,[0 0 0 0 0 0 0 0 0 0 0 0 1 -12 1 -11 1 -11 1 -11 1 -11 1 -11 1 -11 1 -10 0 -10 0 -10 0 -10 0 -10 0 -10 -1 -10 -1 -10 -1 -10 -1 -10 -1 -10 -1 -10 -1 -10 -1 -10 -1 -10 -2 -10 -2 -10 -2 -10 -2 -10 0 0 -1 -10 -2 -10 -1 -10 -1 -10 -1 -10 -1 -10 -1 -10 0 -10 0 -9 0 -9 0 -9 0 -9 0 -9 1 -8 1 -8 1 -8 1 -8 1 -7 1 -7 2 -7 2 -7 2 -6 2 -6 2 -6 2 -5 2 -5 0 0 0 0 0 0 0 0 0 0 ]
CSI_DATA,AP,10:B4:1D:CC:60:E0,-18,11,1,7,1,1,1,1,0,0,1,-93,0,6,2,6111884,0,68,0,0,5.82129,384,[0 0 0 0 0 0 0 0 0 0 0 0 11 0 10 0 10 0 10 0 10 0 10 0 10 0 10 0 10 0 9 -1 9 -1 9 -1 9 -1 9 -1 9 -2 9 -2 9 -2 9 -2 9 -2 9 -3 8 -3 8 -3 8 -3 9 -3 8 -3 9 -3 0 0 9 -3 8 -3 8 -3 9 -3 9 -3 9 -2 9 -2 8 -2 8 -2 8 -2 8 -1 8 -1 7 -1 7 -1 7 -1 7 0 7 0 7 0 6 0 6 0 6 1 6 1 5 1 5 1 5 1 5 2 0 0 0 0 0 0 0 0 0 0 ]
CSI_DATA,AP,10:B4:1D:CC:60:E0,-18,11,1,7,1,1,1,1,0,0,1,-93,0,6,2,6201811,0,68,0,0,5.91121,384,[0 0 0 0 0 0 0 0 0 0 0 0 5 10 5 9 5 9 5 9 5 9 5 8 5 8 5 8 5 8 5 8 5 7 6 7 5 7 5 7 6 7 6 6 6 6 6 6 6 6 6 6 6 6 7 6 7 5 7 6 7 6 7 5 0 0 7 6 7 6 7 6 7 6 6 6 6 6 6 6 6 6 6 6 5 6 5 6 5 6 4 6 4 6 4 6 4 5 3 6 3 5 3 5 3 5 3 5 2 5 2 5 1 5 1 5 1 5 0 0 0 0 0 0 0 0 0 0 ]
CSI_DATA,AP,10:B4:1D:CC:60:E0,-18,11,1,7,1,1,1,1,0,0,1,-93,0,6,2,6291753,0,68,0,0,6.00115,384,[0 0 0 0 0 0 0 0 0 0 0 0 -4 10 -4 10 -4 10 -4 10 -4 10 -3 9 -3 9 -3 9 -3 9 -3 9 -2 9 -2 9 -2 9 -2 9 -2 9 -1 9 -1 9 -1 9 -1 9 -1 9 -1 9 -1 9 -1 9 0 9 0 9 -1 9 0 0 -1 9 -1 9 -1 9 -1 9 -1 9 -1 9 -1 9 -2 9 -2 8 -2 8 -2 8 -2 8 -2 8 -2 7 -3 7 -3 6 -3 7 -3 6 -3 6 -3 5 -3 5 -4 5 -4 5 -4 5 -4 4 -4 4 0 0 0 0 0 0 0 0 0 0 ]
CSI_DATA,AP,10:B4:1D:CC:60:E0,-12,11,0,0,0,0,0,0,0,0,0,-93,0,6,2,6306314,0,66,0,0,6.0275,128,[0 0 0 0 0 0 0 0 0 0 0 0 -18 0 -17 0 -18 0 -17 0 -17 1 -16 1 -16 1 -16 1 -16 1 -16 1 -16 1 -15 2 -15 2 -15 2 -14 3 -14 3 -14 3 -14 4 -14 4 -14 4 -14 4 -14 5 -14 5 -14 5 -14 5 -14 5 0 0 -14 5 -14 5 -14 5 -15 5 -14 4 -14 4 -14 4 -14 3 -14 3 -14 3 -14 2 -13 2 -13 2 -12 1 -12 1 -12 1 -12 1 -11 0 -11 0 -11 0 -10 -1 -10 -1 -10 -1 -10 -2 -9 -2 -8 -2 0 0 0 0 0 0 0 0 0 0 ]
CSI_DATA,AP,10:B4:1D:CC:60:E0,-18,11,1,7,1,1,1,1,0,0,1,-93,0,6,2,6381887,0,68,0,0,6.0913,384,[0 0 0 0 0 0 0 0 0 0 0 0 -11 2 -11 3 -11 3 -11 3 -11 3 -10 3 -10 3 -10 3 -10 3 -9 3 -10 3 -9 3 -9 4 -9 4 -9 4 -8 4 -9 4 -8 4 -8 5 -8 5 -8 5 -8 5 -8 5 -8 5 -8 5 -8 5 0 0 -8 5 -8 5 -8 5 -8 5 -8 5 -8 5 -8 5 -8 4 -8 4 -8 4 -8 4 -8 3 -8 3 -8 3 -8 2 -8 2 -7 2 -7 2 -7 1 -7 1 -7 1 -7 1 -7 1 -6 0 -6 0 -6 -1 0 0 0 0 0 0 0 0 0 0 ]
CSI_DATA,AP,10:B4:1D:CC:60:E0,-18,11,1,7,1,1,1,1,0,0,1,-93,0,6,2,6471793,0,68,0,0,6.1812,384,[0 0 0 0 0 0 0 0 0 0 0 0 -6 -10 -6 -10 -6 -10 -6 -9 -6 -9 -6 -9 -6 -9 -6 -9 -6 -9 -7 -8 -7 -8 -7 -8 -7 -8 -7 -8 -7 -8 -7 -7 -7 -7 -7 -7 -7 -7 -7 -7 -7 -7 -7 -7 -8 -6 -8 -6 -8 -7 -8 -6 0 0 -8 -7 -8 -7 -7 -7 -8 -7 -7 -7 -7 -7 -7 -7 -6 -7 -6 -7 -6 -7 -6 -7 -6 -7 -5 -7 -5 -7 -5 -7 -4 -6 -4 -7 -4 -6 -4 -7 -3 -7 -3 -6 -3 -7 -2 -6 -2 -6 -2 -6 -1 -6 0 0 0 0 0 0 0 0 0 0 ]
CSI_DATA,AP,10:B4:1D:CC:60:E0,-18,11,1,7,1,1,1,1,0,0,1,-93,0,6,2,6561961,0,68,0,0,6.27136,384,[0 0 0 0 0 0 0 0 0 0 0 0 -10 -6 -10 -6 -10 -6 -10 -5 -10 -5 -10 -5 -10 -5 -10 -5 -10 -5 -10 -4 -10 -4 -9 -4 -9 -4 -9 -4 -10 -3 -10 -3 -9 -3 -9 -3 -10 -3 -10 -3 -9 -2 -10 -2 -10 -2 -10 -2 -10 -2 -10 -2 0 0 -10 -2 -10 -2 -10 -2 -10 -2 -10 -2 -10 -3 -10 -3 -9 -3 -9 -3 -9 -3 -9 -3 -8 -3 -8 -4 -8 -4 -8 -4 -7 -4 -7 -4 -7 -4 -6 -4 -6 -4 -6 -4 -5 -4 -5 -4 -5 -4 -5 -4 -4 -5 0 0 0 0 0 0 0 0 0 0 ]
CSI_DATA,AP,10:B4:1D:CC:60:E0,-18,11,1,7,1,1,1,1,0,0,1,-93,0,6,2,6653837,0,68,0,0,6.36325,384,[0 0 0 0 0 0 0 0 0 0 0 0 -3 -12 -3 -11 -3 -11 -3 -11 -3 -11 -4 -11 -3 -10 -3 -10 -4 -10 -4 -10 -4 -10 -4 -9 -4 -9 -4 -9 -5 -9 -5 -9 -5 -8 -5 -8 -5 -9 -5 -9 -5 -9 -5 -8 -5 -8 -6 -8 -6 -8 -6 -8 0 0 -6 -8 -6 -8 -6 -8 -6 -8 -5 -9 -5 -8 -5 -9 -5 -9 -4 -8 -4 -8 -4 -8 -4 -8 -4 -8 -3 -8 -3 -8 -3 -7 -3 -8 -2 -7 -2 -7 -2 -7 -2 -7 -1 -7 -1 -7 -1 -7 -1 -6 0 -6 0 0 0 0 0 0 0 0 0 0 ]
CSI_DATA,AP,10:B4:1D:CC:60:E0,-18,11,1,7,1,1,1,1,0,0,1,-93,0,6,2,6741669,0,68,0,0,6.45106,384,[0 0 0 0 0 0 0 0 0 0 0 0 -10 -7 -10 -7 -10 -7 -10 -7 -10 -7 -10 -6 -10 -6 -10 -6 -9 -6 -9 -6 -9 -6 -9 -5 -9 -5 -9 -5 -9 -5 -10 -4 -9 -4 -10 -4 -9 -4 -10 -4 -10 -4 -10 -4 -10 -4 -10 -4 -10 -3 -10 -3 0 0 -10 -3 -10 -4 -10 -4 -10 -4 -10 -4 -9 -4 -9 -4 -9 -4 -9 -4 -9 -4 -8 -5 -8 -5 -7 -5 -7 -5 -7 -5 -7 -5 -6 -5 -6 -5 -6 -5 -6 -5 -5 -5 -5 -5 -5 -5 -4 -5 -4 -5 -4 -5 0 0 0 0 0 0 0 0 0 0 ]
CSI_DATA,AP,10:B4:1D:CC:60:E0,-18,11,1,7,1,1,1,1,0,0,1,-93,0,6,2,6831892,0,68,0,0,6.54129,384,[0 0 0 0 0 0 0 0 0 0 0 0 5 9 5 9 5 9 5 9 5 9 5 9 5 8 5 8 5 8 5 8 5 7 5 7 5 7 6 7 5 7 5 7 6 6 6 6 6 6 6 6 6 6 6 6 6 6 7 6 7 5 7 6 0 0 6 6 7 6 6 6 6 6 6 6 6 6 6 6 6 6 5 6 5 6 5 6 5 6 4 6 4 6 4 6 4 6 3 6 3 6 3 5 2 5 2 5 2 5 2 5 1 5 1 5 1 5 0 0 0 0 0 0 0 0 0 0 ]
CSI_DATA,AP,10:B4:1D:CC:60:E0,-18,11,1,7,1,1,1,1,0,0,1,-93,0,6,2,6923304,0,68,0,0,6.6327,384,[0 0 0 0 0 0 0 0 0 0 0 0 -11 5 -10 5 -10 5 -10 5 -10 5 -9 5 -9 5 -9 5 -9 5 -8 5 -9 5 -9 5 -8 6 -8 5 -8 5 -8 6 -7 6 -8 6 -7 6 -7 6 -7 6 -7 6 -7 6 -7 6 -7 7 -7 6 0 0 -7 6 -7 7 -7 6 -7 6 -7 6 -8 6 -7 6 -7 5 -8 5 -8 5 -8 5 -7 4 -7 4 -7 4 -7 3 -7 3 -7 3 -7 3 -7 2 -6 2 -6 2 -7 2 -7 2 -6 1 -6 1 -6 0 0 0 0 0 0 0 0 0 0 0 ]
CSI_DATA,AP,10:B4:1D:CC:60:E0,-18,11,1,7,1,1,1,1,0,0,1,-93,0,6,2,7011809,0,68,0,0,6.72121,384,[0 0 0 0 0 0 0 0 0 0 0 0 -8 -9 -8 -9 -8 -9 -8 -8 -8 -8 -8 -8 -8 -8 -8 -7 -8 -7 -8 -7 -8 -7 -8 -7 -8 -7 -8 -6 -8 -6 -8 -6 -8 -6 -8 -5 -9 -5 -9 -5 -8 -5 -9 -5 -9 -5 -9 -5 -9 -5 -9 -5 0 0 -9 -5 -9 -5 -9 -5 -9 -5 -8 -5 -9 -5 -8 -5 -8 -6 -8 -6 -8 -6 -7 -6 -7 -6 -7 -6 -6 -6 -6 -6 -6 -6 -6 -6 -5 -6 -5 -6 -5 -6 -5 -6 -4 -6 -4 -6 -3 -6 -3 -6 -3 -6 0 0 0 0 0 0 0 0 0 0 ]
CSI_DATA,AP,10:B4:1D:CC:60:E0,-18,11,1,7,1,1,1,1,0,0,1,-93,0,6,2,7104891,0,68,0,0,6.8143,384,[0 0 0 0 0 0 0 0 0 0 0 0 2 10 2 10 2 10 2 10 2 10 2 10 2 9 2 9 2 9 3 9 3 9 3 8 3 8 3 8 3 8 3 8 4 8 4 8 4 8 4 8 4 8 4 8 4 7 4 8 4 8 4 7 0 0 4 8 4 8 4 8 4 8 4 8 4 8 3 8 3 8 3 8 3 8 3 7 2 8 2 8 2 7 1 7 1 7 1 7 1 6 0 6 0 6 0 6 0 6 0 6 -1 5 -1 5 -1 5 0 0 0 0 0 0 0 0 0 0 ]
CSI_DATA,AP,10:B4:1D:CC:60:E0,-18,11,1,7,1,1,1,1,0,0,1,-93,0,6,2,7191831,0,68,0,0,6.90123,384,[0 0 0 0 0 0 0 0 0 0 0 0 -12 0 -11 0 -11 1 -11 1 -11 1 -11 1 -10 1 -10 1 -10 1 -10 1 -10 1 -10 2 -9 2 -9 2 -9 2 -9 2 -9 2 -9 3 -9 3 -9 3 -9 3 -9 3 -9 3 -9 4 -9 3 -9 4 0 0 -9 3 -9 3 -9 3 -9 3 -9 3 -9 3 -9 3 -9 2 -9 2 -9 2 -9 2 -8 2 -8 1 -8 1 -8 1 -8 1 -7 0 -7 0 -7 0 -7 0 -7 0 -7 -1 -6 -1 -6 -1 -6 -1 -6 -2 0 0 0 0 0 0 0 0 0 0 ]
CSI_DATA,AP,10:B4:1D:CC:60:E0,-18,11,1,7,1,1,1,1,0,0,1,-93,0,6,2,7281798,0,68,0,0,6.9912,384,[0 0 0 0 0 0 0 0 0 0 0 0 1 11 1 10 1 11 1 10 1 10 1 10 1 10 1 9 1 9 2 9 2 9 2 9 2 9 2 9 2 9 2 8 2 9 3 8 3 8 3 8 3 8 3 8 3 8 4 8 3 8 3 8 0 0 3 8 3 8 3 8 3 8 3 9 3 9 3 8 2 8 2 8 2 8 2 8 1 8 1 8 0 8 1 7 0 7 0 7 0 6 0 6 0 6 -1 6 -1 6 -1 6 -2 5 -2 5 -2 5 0 0 0 0 0 0 0 0 0 0 ]
CSI_DATA,AP,10:B4:1D:CC:60:E0,-12,11,0,0,0,0,0,0,0,0,0,-93,0,6,2,7306430,0,66,0,0,7.01589,128,[0 0 0 0 0 0 0 0 0 0 0 0 -14 9 -14 9 -14 9 -13 9 -13 10 -12 9 -12 9 -12 9 -12 9 -11 10 -11 10 -11 10 -10 10 -10 10 -10 10 -10 10 -9 10 -9 10 -9 10 -9 10 -8 11 -8 11 -8 11 -8 11 -8 11 -8 11 0 0 -8 11 -9 11 -9 11 -9 11 -9 10 -9 10 -9 10 -9 10 -9 9 -9 9 -9 9 -9 8 -9 8 -9 7 -9 7 -9 7 -9 6 -9 6 -9 5 -9 5 -9 5 -8 4 -9 4 -8 3 -8 3 -8 2 0 0 0 0 0 0 0 0 0 0 ]
CSI_DATA,AP,10:B4:1D:CC:60:E0,-18,11,1,7,1,1,1,1,0,0,1,-93,0,6,2,7372008,0,68,0,0,7.0814,384,[0 0 0 0 0 0 0 0 0 0 0 0 -8 -9 -8 -8 -8 -8 -8 -9 -8 -8 -8 -8 -8 -7 -8 -7 -8 -8 -8 -7 -8 -7 -8 -7 -8 -7 -8 -6 -8 -6 -8 -6 -8 -6 -8 -6 -8 -6 -8 -6 -8 -5 -8 -5 -9 -5 -9 -5 -9 -5 -9 -5 0 0 -9 -5 -9 -5 -8 -5 -9 -5 -8 -6 -8 -6 -8 -6 -8 -6 -8 -6 -7 -6 -7 -6 -7 -6 -6 -6 -6 -6 -6 -6 -5 -6 -5 -6 -5 -6 -5 -6 -4 -6 -4 -6 -4 -6 -3 -6 -3 -6 -3 -6 -2 -6 0 0 0 0 0 0 0 0 0 0 ]
CSI_DATA,AP,10:B4:1D:CC:60:E0,-18,11,1,7,1,1,1,1,0,0,1,-93,0,6,2,7461736,0,68,0,0,7.17113,384,[0 0 0 0 0 0 0 0 0 0 0 0 -12 -4 -11 -4 -11 -3 -11 -3 -11 -3 -11 -3 -11 -3 -10 -3 -11 -3 -10 -2 -10 -2 -10 -2 -10 -2 -10 -1 -10 -1 -10 -1 -10 -1 -10 -1 -10 -1 -10 0 -10 -1 -10 0 -10 0 -10 0 -10 0 -10 0 0 0 -10 -1 -10 0 -10 0 -10 0 -10 -1 -10 -1 -10 -1 -10 -1 -10 -2 -9 -2 -9 -2 -9 -2 -9 -2 -8 -2 -8 -2 -8 -2 -7 -3 -7 -3 -7 -3 -7 -3 -6 -3 -6 -3 -6 -3 -6 -4 -5 -4 -5 -4 0 0 0 0 0 0 0 0 0 0 ]
CSI_DATA,AP,10:B4:1D:CC:60:E0,-18,11,1,7,1,1,1,1,0,0,1,-93,0,6,2,7552026,0,68,0,0,7.26143,384,[0 0 0 0 0 0 0 0 0 0 0 0 -11 -5 -11 -5 -11 -5 -11 -5 -10 -5 -10 -5 -10 -5 -10 -4 -10 -4 -10 -4 -10 -4 -10 -3 -10 -3 -10 -3 -10 -3 -10 -2 -10 -2 -10 -2 -10 -2 -10 -2 -9 -2 -10 -2 -10 -1 -10 -1 -10 -1 -10 -1 0 0 -10 -1 -10 -1 -10 -1 -10 -1 -10 -2 -10 -2 -10 -2 -9 -2 -9 -2 -9 -3 -9 -2 -9 -3 -8 -3 -8 -3 -8 -3 -8 -3 -7 -3 -7 -3 -7 -3 -6 -4 -6 -4 -6 -4 -6 -4 -5 -4 -5 -4 -5 -4 0 0 0 0 0 0 0 0 0 0 ]
CSI_DATA,AP,10:B4:1D:CC:60:E0,-18,11,1,7,1,1,1,1,0,0,1,-93,0,6,2,7641822,0,68,0,0,7.35123,384,[0 0 0 0 0 0 0 0 0 0 0 0 7 8 7 8 7 8 7 8 6 8 7 7 6 7 6 7 6 7 7 6 7 6 7 6 7 6 7 6 7 5 7 5 7 5 7 5 7 5 7 5 7 5 7 5 7 4 8 4 8 4 7 5 0 0 7 5 7 5 7 5 7 5 7 5 7 5 7 5 6 5 6 5 6 5 6 5 5 6 5 5 5 6 4 5 4 5 4 6 4 5 4 5 3 5 3 5 2 5 2 5 2 5 2 5 1 5 0 0 0 0 0 0 0 0 0 0 ]
CSI_DATA,AP,10:B4:1D:CC:60:E0,-18,11,1,7,1,1,1,1,0,0,1,-93,0,6,2,7732052,0,68,0,0,7.44145,384,[0 0 0 0 0 0 0 0 0 0 0 0 -10 5 -10 5 -10 5 -10 5 -10 5 -10 5 -10 4 -9 4 -9 5 -9 5 -9 5 -8 5 -8 5 -8 5 -8 5 -8 6 -8 6 -7 6 -8 6 -7 6 -7 6 -7 6 -7 6 -7 7 -7 6 -7 6 0 0 -8 6 -7 6 -7 6 -8 6 -7 6 -8 6 -7 5 -8 5 -8 4 -8 4 -8 5 -8 4 -7 4 -7 3 -7 3 -8 3 -7 2 -7 2 -7 2 -7 2 -7 2 -7 1 -6 1 -6 1 -6 0 -6 0 0 0 0 0 0 0 0 0 0 0 ]
CSI_DATA,AP,10:B4:1D:CC:60:E0,-18,11,1,7,1,1,1,1,0,0,1,-93,0,6,2,7821949,0,68,0,0,7.53135,384,[0 0 0 0 0 0 0 0 0 0 0 0 -12 0 -12 0 -12 0 -11 0 -11 0 -11 1 -11 0 -11 0 -11 1 -10 1 -10 1 -10 1 -10 1 -10 2 -10 2 -10 2 -9 2 -10 2 -9 2 -9 3 -9 2 -9 3 -10 3 -9 3 -9 3 -9 3 0 0 -9 3 -9 3 -9 3 -10 3 -9 3 -9 2 -9 2 -9 2 -9 2 -9 1 -9 1 -9 1 -9 1 -8 0 -8 0 -8 0 -8 0 -7 0 -7 -1 -7 -1 -7 -1 -7 -1 -6 -2 -6 -2 -6 -2 -6 -2 0 0 0 0 0 0 0 0 0 0 ]
CSI_DATA,AP,10:B4:1D:CC:60:E0,-18,11,1,7,1,1,1,1,0,0,1,-93,0,6,2,7911923,0,68,0,0,7.62132,384,[0 0 0 0 0 0 0 0 0 0 0 0 2 10 2 10 2 10 2 10 2 10 2 10 2 9 2 9 3 9 3 9 3 9 3 9 3 8 3 8 3 8 4 8 4 8 4 8 4 7 4 8 4 7 4 7 5 7 5 7 5 7 5 7 0 0 5 7 5 8 5 8 5 7 4 8 4 8 4 8 4 8 4 7 3 8 3 7 3 7 3 7 2 7 2 7 2 6 2 7 1 6 1 6 1 6 1 6 0 6 0 6 0 6 0 5 -1 5 0 0 0 0 0 0 0 0 0 0 ]
CSI_DATA,AP,10:B4:1D:CC:60:E0,-18,11,1,7,1,1,1,1,0,0,1,-93,0,6,2,8001916,0,68,0,0,7.71132,384,[0 0 0 0 0 0 0 0 0 0 0 0 8 -8 8 -8 7 -8 7 -8 7 -8 7 -8 7 -8 6 -8 6 -8 6 -8 6 -8 6 -8 5 -8 5 -8 5 -8 5 -8 5 -8 4 -8 4 -9 4 -9 4 -8 4 -9 4 -8 4 -9 4 -9 4 -9 0 0 4 -9 4 -9 4 -9 4 -9 4 -9 5 -9 5 -8 5 -8 5 -8 5 -7 5 -7 5 -7 5 -7 5 -7 5 -6 5 -6 5 -6 5 -5 5 -5 5 -4 5 -4 5 -4 5 -4 5 -4 4 -3 4 -2 0 0 0 0 0 0 0 0 0 0 ]
CSI_DATA,AP,10:B4:1D:CC:60:E0,-18,11,1,7,1,1,1,1,0,0,1,-93,0,6,2,8091875,0,68,0,0,7.80128,384,[0 0 0 0 0 0 0 0 0 0 0 0 -1 -12 -1 -12 -1 -11 -1 -11 -1 -11 -1 -11 -1 -11 -2 -11 -2 -10 -2 -10 -2 -10 -2 -10 -2 -10 -3 -10 -2 -10 -3 -10 -3 -10 -3 -9 -3 -10 -3 -10 -3 -9 -3 -9 -4 -9 -4 -10 -4 -10 -4 -9 0 0 -3 -9 -3 -10 -3 -10 -3 -9 -3 -10 -3 -10 -2 -10 -2 -10 -2 -9 -2 -9 -2 -9 -1 -9 -1 -9 -1 -8 -1 -8 0 -8 0 -8 0 -8 0 -7 0 -7 1 -7 1 -7 1 -7 1 -6 1 -6 1 -6 0 0 0 0 0 0 0 0 0 0 ]
CSI_DATA,AP,10:B4:1D:CC:60:E0,-18,11,1,7,1,1,1,1,0,0,1,-93,0,6,2,8181741,0,68,0,0,7.89114,384,[0 0 0 0 0 0 0 0 0 0 0 0 10 3 10 3 10 3 10 3 10 2 10 2 10 2 9 2 9 2 9 2 9 2 9 1 9 1 9 1 9 1 9 0 9 0 9 0 9 0 9 0 9 0 9 0 9 -1 9 -1 9 -1 9 0 0 0 9 0 9 0 9 0 9 0 9 0 9 0 9 1 8 1 8 1 8 1 8 1 8 1 7 1 7 2 7 2 6 2 6 2 6 2 6 2 6 3 5 3 5 3 5 3 4 3 4 3 4 3 0 0 0 0 0 0 0 0 0 0 ]
CSI_DATA,AP,10:B4:1D:CC:60:E0,-18,11,1,7,1,1,1,1,0,0,1,-93,0,6,2,8271876,0,68,0,0,7.98128,384,[0 0 0 0 0 0 0 0 0 0 0 0 3 -12 3 -11 2 -11 3 -11 2 -11 2 -11 2 -11 2 -11 2 -10 1 -10 1 -10 1 -10 1 -10 0 -10 0 -10 0 -10 0 -10 0 -10 -1 -10 -1 -10 -1 -10 -1 -10 -1 -10 -1 -10 -1 -10 -1 -10 0 0 -1 -10 -1 -10 -1 -10 -1 -10 -1 -10 0 -10 0 -10 0 -10 0 -9 0 -9 0 -9 1 -9 1 -9 1 -8 1 -8 1 -8 2 -8 2 -7 2 -7 2 -7 2 -6 2 -6 2 -6 2 -6 3 -5 3 -5 0 0 0 0 0 0 0 0 0 0 ]
CSI_DATA,AP,10:B4:1D:CC:60:E0,-18,11,1,7,1,1,1,1,0,0,1,-93,0,6,2,8361921,0,68,0,0,8.07132,384,[0 0 0 0 0 0 0 0 0 0 0 0 10 2 10 2 10 2 10 2 10 2 10 2 10 2 9 2 10 2 10 1 9 1 9 1 9 0 9 0 9 0 9 0 9 0 9 -1 9 -1 9 -1 9 -1 9 -1 9 -1 9 -1 9 -1 9 -1 0 0 9 -1 9 -1 9 -1 9 -1 9 0 9 0 9 0 9 0 8 0 8 1 8 1 8 1 7 1 7 1 7 1 7 1 6 2 6 1 6 2 6 2 5 2 5 2 5 2 5 2 4 3 4 3 0 0 0 0 0 0 0 0 0 0 ]
CSI_DATA,AP,10:B4:1D:CC:60:E0,-18,11,1,7,1,1,1,1,0,0,1,-93,0,6,2,8453687,0,68,0,0,8.16309,384,[0 0 0 0 0 0 0 0 0 0 0 0 -11 4 -10 4 -11 4 -10 4 -10 5 -10 4 -10 4 -9 4 -9 4 -9 5 -9 5 -9 5 -8 5 -8 5 -8 5 -8 5 -8 5 -8 5 -8 5 -8 6 -8 5 -7 6 -8 6 -7 6 -7 6 -7 6 0 0 -8 6 -7 6 -8 6 -8 6 -8 5 -8 5 -8 5 -8 5 -8 4 -8 4 -8 4 -8 4 -8 3 -7 3 -8 3 -7 2 -7 3 -7 2 -7 1 -7 1 -7 1 -6 1 -7 1 -6 0 -6 0 -6 0 0 0 0 0 0 0 0 0 0 0 ]
CSI_DATA,AP,10:B4:1D:CC:60:E0,-18,11,1,7,1,1,1,1,0,0,1,-93,0,6,2,8541828,0,68,0,0,8.25123,384,[0 0 0 0 0 0 0 0 0 0 0 0 -12 3 -11 3 -11 3 -11 3 -11 3 -11 3 -10 3 -10 3 -10 3 -10 3 -10 3 -9 3 -9 4 -9 4 -9 4 -9 4 -9 4 -9 4 -9 4 -8 4 -8 4 -8 4 -8 5 -8 5 -8 5 -8 5 0 0 -9 5 -9 4 -8 5 -8 4 -9 4 -9 4 -9 4 -9 4 -9 3 -9 3 -8 3 -8 3 -8 2 -8 2 -8 2 -8 1 -7 1 -8 1 -7 1 -7 0 -7 0 -7 0 -6 0 -6 -1 -6 -1 -6 -1 0 0 0 0 0 0 0 0 0 0 ]
CSI_DATA,AP,10:B4:1D:CC:60:E0,-18,11,1,7,1,1,1,1,0,0,1,-93,0,6,2,8631806,0,68,0,0,8.34121,384,[0 0 0 0 0 0 0 0 0 0 0 0 7 8 7 7 7 7 7 7 7 7 7 7 7 7 7 6 7 6 7 6 7 6 7 5 7 5 7 5 7 5 7 5 7 5 7 4 7 4 8 4 7 4 8 4 8 4 8 4 8 4 8 4 0 0 8 4 8 4 8 4 8 4 8 4 7 5 7 5 7 5 7 5 7 5 6 5 6 5 6 5 5 5 5 5 5 5 4 5 4 5 4 5 4 5 3 5 3 5 3 5 2 5 2 5 2 5 0 0 0 0 0 0 0 0 0 0 ]
CSI_DATA,AP,10:B4:1D:CC:60:E0,-18,11,1,7,1,1,1,1,0,0,1,-93,0,6,2,8721905,0,68,0,0,8.43131,384,[0 0 0 0 0 0 0 0 0 0 0 0 1 11 1 11 1 11 2 10 1 10 1 10 2 10 2 9 2 9 2 9 2 9 2 9 2 9 2 8 3 9 3 8 3 8 3 8 3 8 4 8 4 8 4 8 4 8 4 8 4 8 4 8 0 0 4 8 3 8 4 8 3 8 3 8 3 8 3 8 3 8 2 8 2 8 2 8 2 8 1 8 1 7 1 7 1 7 0 7 0 7 0 6 0 6 0 6 -1 6 -1 6 -1 6 -1 5 -2 5 0 0 0 0 0 0 0 0 0 0 ]
CSI_DATA,AP,10:B4:1D:CC:60:E0,-18,11,1,7,1,1,1,1,0,0,1,-93,0,6,2,8812029,0,68,0,0,8.52143,384,[0 0 0 0 0 0 0 0 0 0 0 0 -1 11 -1 11 0 11 0 10 0 10 0 10 0 10 0 10 0 9 0 9 0 9 1 9 1 9 1 9 2 9 2 9 2 8 2 8 2 9 2 9 2 8 2 8 3 8 3 8 3 8 3 8 0 0 2 9 3 8 3 9 2 8 2 9 2 9 2 9 2 8 1 8 1 8 1 8 1 8 1 8 0 7 0 7 0 7 0 7 0 7 -1 6 -1 6 -1 6 -1 6 -1 5 -2 5 -2 5 -2 5 0 0 0 0 0 0 0 0 0 0 ]
CSI_DATA,AP,10:B4:1D:CC:60:E0,-18,11,1,7,1,1,1,1,0,0,1,-93,0,6,2,8901881,0,68,0,0,8.61127,384,[0 0 0 0 0 0 0 0 0 0 0 0 1 -12 1 -12 1 -12 1 -11 0 -11 0 -11 0 -11 0 -11 0 -11 0 -10 -1 -10 -1 -10 -1 -10 -1 -10 -1 -10 -2 -10 -1 -10 -2 -9 -2 -10 -2 -10 -2 -10 -2 -10 -2 -10 -3 -10 -3 -10 -3 -9 0 0 -3 -10 -3 -10 -2 -10 -2 -10 -2 -10 -2 -10 -2 -10 -2 -10 -1 -9 -1 -9 -1 -9 -1 -9 -1 -9 -1 -9 0 -8 0 -8 0 -8 0 -7 0 -7 0 -7 1 -7 1 -7 1 -7 1 -6 1 -6 2 -5 0 0 0 0 0 0 0 0 0 0 ]
CSI_DATA,AP,10:B4:1D:CC:60:E0,-18,11,1,7,1,1,1,1,0,0,1,-93,0,6,2,8991688,0,68,0,0,8.70109,384,[0 0 0 0 0 0 0 0 0 0 0 0 -10 6 -9 6 -9 6 -9 6 -9 6 -9 6 -8 6 -8 6 -8 6 -8 6 -8 6 -7 6 -7 6 -7 6 -7 6 -7 6 -6 6 -6 7 -6 7 -6 7 -6 7 -6 7 -6 7 -6 7 -6 7 -6 7 0 0 -6 7 -5 7 -6 7 -6 7 -6 7 -6 7 -6 7 -6 6 -6 6 -6 6 -6 6 -6 5 -6 5 -6 5 -6 5 -6 4 -6 4 -6 4 -6 3 -6 3 -6 3 -6 3 -6 2 -6 2 -6 2 -5 1 0 0 0 0 0 0 0 0 0 0 ]
CSI_DATA,AP,10:B4:1D:CC:60:E0,-18,11,1,7,1,1,1,1,0,0,1,-93,0,6,2,9081830,0,68,0,0,8.79123,384,[0 0 0 0 0 0 0 0 0 0 0 0 -9 7 -9 7 -9 7 -9 7 -9 7 -8 7 -8 6 -8 7 -8 6 -7 7 -7 7 -7 7 -7 7 -6 7 -7 7 -6 7 -6 7 -6 7 -6 7 -6 7 -6 7 -6 7 -5 7 -5 8 -5 8 -5 8 0 0 -6 8 -5 8 -5 8 -5 7 -6 7 -6 7 -6 7 -6 7 -6 6 -6 6 -6 6 -6 6 -6 6 -6 5 -6 5 -6 4 -6 4 -6 4 -6 3 -6 3 -6 3 -6 3 -6 3 -6 2 -6 2 -6 1 0 0 0 0 0 0 0 0 0 0 ]
CSI_DATA,AP,10:B4:1D:CC:60:E0,-18,11,1,7,1,1,1,1,0,0,1,-93,0,6,2,9171750,0,68,0,0,8.88115,384,[0 0 0 0 0 0 0 0 0 0 0 0 -10 -6 -10 -6 -10 -6 -10 -6 -10 -6 -10 -6 -10 -5 -10 -5 -10 -5 -9 -5 -10 -4 -10 -4 -9 -4 -9 -4 -9 -4 -10 -4 -10 -3 -10 -3 -9 -3 -10 -3 -9 -3 -9 -3 -10 -3 -10 -3 -10 -3 -9 -2 0 0 -10 -3 -10 -3 -10 -3 -10 -3 -10 -3 -9 -3 -9 -4 -9 -4 -9 -4 -9 -4 -8 -4 -8 -4 -8 -4 -7 -4 -7 -4 -7 -4 -7 -4 -6 -5 -6 -5 -6 -4 -5 -5 -5 -5 -5 -5 -5 -5 -4 -5 -4 -5 0 0 0 0 0 0 0 0 0 0 ]
CSI_DATA,AP,10:B4:1D:CC:60:E0,-18,11,1,7,1,1,1,1,0,0,1,-93,0,6,2,9261787,0,68,0,0,8.97119,384,[0 0 0 0 0 0 0 0 0 0 0 0 4 10 4 9 4 10 4 9 4 9 4 9 4 9 4 9 4 8 4 8 4 8 4 8 5 8 5 7 5 7 5 7 5 7 5 7 5 7 5 7 6 7 6 7 6 6 6 6 6 6 6 6 0 0 6 7 6 7 6 7 6 7 6 7 5 7 5 7 5 7 5 7 5 7 4 7 4 7 3 7 3 7 3 7 3 6 2 6 2 6 2 6 2 6 1 6 1 6 1 5 0 5 0 5 0 5 0 0 0 0 0 0 0 0 0 0 ]
CSI_DATA,AP,10:B4:1D:CC:60:E0,-18,11,1,7,1,1,1,1,0,0,1,-93,0,6,2,9351959,0,68,0,0,9.06136,384,[0 0 0 0 0 0 0 0 0 0 0 0 5 10 4 9 5 9 5 9 4 9 5 9 4 9 4 8 5 8 5 8 5 8 5 7 5 7 5 7 5 7 6 7 5 6 6 6 6 6 6 7 6 6 6 6 6 6 7 6 7 6 6 6 0 0 6 6 6 6 6 6 7 6 6 6 6 6 6 7 5 7 5 6 5 6 5 6 5 6 4 6 4 6 4 6 3 6 3 6 3 6 3 6 2 5 2 6 2 5 1 5 1 5 1 5 1 5 0 0 0 0 0 0 0 0 0 0 ]
CSI_DATA,AP,10:B4:1D:CC:60:E0,-18,11,1,7,1,1,1,1,0,0,1,-93,0,6,2,9441804,0,68,0,0,9.1512,384,[0 0 0 0 0 0 0 0 0 0 0 0 3 -11 3 -11 3 -11 3 -11 3 -11 3 -11 3 -10 2 -10 2 -10 2 -10 2 -10 2 -10 1 -10 1 -10 1 -10 1 -10 0 -10 0 -10 0 -10 0 -10 0 -10 0 -10 0 -10 0 -10 0 -10 0 -10 0 0 0 -10 0 -10 0 -10 0 -10 0 -10 0 -10 1 -10 1 -10 1 -9 1 -9 1 -9 1 -9 2 -9 2 -8 2 -8 2 -7 2 -7 2 -7 2 -7 2 -6 3 -6 3 -6 3 -6 3 -5 3 -5 3 -5 0 0 0 0 0 0 0 0 0 0 ]
CSI_DATA,AP,10:B4:1D:CC:60:E0,-18,11,1,7,1,1,1,1,0,0,1,-93,0,6,2,9531807,0,68,0,0,9.2412,384,[0 0 0 0 0 0 0 0 0 0 0 0 -9 -8 -9 -8 -9 -8 -9 -8 -9 -7 -9 -7 -9 -7 -8 -7 -9 -7 -8 -6 -9 -6 -9 -6 -9 -6 -9 -5 -9 -5 -9 -5 -9 -5 -9 -5 -9 -4 -9 -5 -9 -5 -9 -4 -9 -4 -9 -4 -9 -4 -9 -4 0 0 -9 -4 -9 -4 -9 -4 -9 -4 -9 -4 -9 -5 -9 -5 -8 -5 -8 -5 -8 -5 -8 -5 -8 -5 -7 -5 -7 -5 -7 -5 -6 -5 -6 -5 -6 -5 -5 -5 -5 -5 -5 -5 -5 -5 -4 -5 -4 -5 -4 -5 -3 -5 0 0 0 0 0 0 0 0 0 0 ]
CSI_DATA,AP,10:B4:1D:CC:60:E0,-18,11,1,7,1,1,1,1,0,0,1,-93,0,6,2,9623030,0,68,0,0,9.33244,384,[0 0 0 0 0 0 0 0 0 0 0 0 10 5 9 5 9 5 9 5 9 5 9 5 9 5 8 4 8 4 9 4 8 3 8 3 8 3 9 2 9 2 9 2 8 2 8 2 9 2 9 2 9 2 8 2 9 1 9 1 9 1 9 1 0 0 9 1 9 1 9 1 9 1 8 2 8 2 8 2 8 2 8 2 8 2 8 2 7 2 7 2 7 3 7 3 6 3 6 3 6 3 5 3 5 3 5 3 4 4 4 3 4 3 4 3 3 3 0 0 0 0 0 0 0 0 0 0 ]
CSI_DATA,AP,10:B4:1D:CC:60:E0,-18,11,1,7,1,1,1,1,0,0,1,-93,0,6,2,9713702,0,68,0,0,9.4231,384,[0 0 0 0 0 0 0 0 0 0 0 0 -6 9 -6 9 -6 9 -6 9 -6 9 -5 9 -5 9 -5 9 -5 9 -4 9 -4 9 -4 8 -4 9 -3 9 -3 9 -3 9 -3 9 -3 8 -2 9 -2 9 -2 9 -2 9 -2 9 -2 9 -2 9 -2 9 0 0 -2 9 -2 9 -2 9 -2 9 -2 9 -2 9 -2 9 -3 8 -3 8 -3 8 -3 8 -3 8 -3 7 -3 7 -4 7 -4 6 -4 6 -4 6 -4 5 -4 5 -4 5 -4 5 -4 5 -4 4 -4 4 -4 3 0 0 0 0 0 0 0 0 0 0 ]
CSI_DATA,AP,10:B4:1D:CC:60:E0,-18,11,1,7,1,1,1,1,0,0,1,-93,0,6,2,9801863,0,68,0,0,9.51126,384,[0 0 0 0 0 0 0 0 0 0 0 0 -12 -3 -11 -3 -11 -3 -11 -3 -11 -3 -11 -3 -11 -2 -11 -2 -10 -2 -10 -1 -10 -2 -10 -1 -10 -1 -10 -1 -10 -1 -10 0 -10 0 -10 0 -10 0 -10 0 -10 0 -10 0 -10 1 -10 1 -10 1 -10 1 0 0 -10 1 -10 1 -10 1 -10 0 -10 0 -10 0 -10 0 -10 0 -10 0 -9 -1 -9 -1 -9 -1 -9 -1 -8 -1 -8 -2 -8 -2 -8 -2 -8 -2 -7 -2 -7 -2 -7 -2 -6 -3 -6 -2 -6 -3 -6 -3 -6 -3 0 0 0 0 0 0 0 0 0 0 ]
CSI_DATA,AP,10:B4:1D:CC:60:E0,-18,11,1,7,1,1,1,1,0,0,1,-93,0,6,2,9893561,0,68,0,0,9.60296,384,[0 0 0 0 0 0 0 0 0 0 0 0 -11 -6 -11 -6 -10 -5 -10 -5 -10 -5 -10 -5 -10 -5 -10 -5 -10 -5 -10 -4 -10 -4 -10 -4 -10 -4 -10 -3 -10 -3 -10 -3 -10 -3 -10 -2 -10 -2 -10 -2 -9 -2 -10 -2 -10 -2 -10 -2 -10 -2 -10 -1 0 0 -10 -2 -10 -2 -10 -2 -10 -2 -10 -2 -10 -2 -10 -3 -9 -3 -9 -3 -9 -3 -9 -3 -9 -3 -8 -3 -8 -4 -7 -3 -8 -3 -7 -3 -7 -4 -6 -4 -6 -4 -6 -4 -6 -4 -5 -4 -5 -4 -5 -4 -5 -5 0 0 0 0 0 0 0 0 0 0 ]
CSI_DATA,AP,10:B4:1D:CC:60:E0,-18,11,1,7,1,1,1,1,0,0,1,-93,0,6,2,9981919,0,68,0,0,9.69132,384,[0 0 0 0 0 0 0 0 0 0 0 0 7 -9 7 -9 7 -9 7 -9 6 -9 6 -9 6 -8 6 -8 6 -8 5 -9 5 -9 5 -8 5 -9 4 -8 4 -9 4 -9 4 -8 4 -9 4 -9 4 -9 4 -9 3 -9 3 -9 3 -9 3 -9 3 -9 0 0 4 -9 4 -9 3 -9 4 -9 4 -9 4 -9 4 -8 4 -8 4 -8 5 -8 4 -7 5 -7 5 -7 5 -7 5 -6 5 -6 5 -6 5 -5 5 -5 5 -5 5 -4 5 -4 5 -4 5 -4 4 -3 5 -3 0 0 0 0 0 0 0 0 0 0 ]
CSI_DATA,AP,10:B4:1D:CC:60:E0,-18,11,1,7,1,1,1,1,0,0,1,-93,0,6,2,10071817,0,68,0,0,9.78122,384,[0 0 0 0 0 0 0 0 0 0 0 0 -4 10 -4 10 -4 10 -4 10 -4 10 -4 9 -4 9 -3 9 -3 9 -3 9 -3 9 -3 9 -3 9 -2 9 -2 9 -2 9 -2 9 -1 9 -1 9 -1 9 -1 9 -1 9 -1 9 -1 9 -1 9 -1 9 0 0 -1 9 -1 9 -1 9 -1 9 -1 9 -1 9 -2 9 -2 9 -2 8 -2 8 -2 8 -2 8 -3 7 -3 7 -3 7 -3 7 -3 6 -3 6 -3 6 -3 5 -3 5 -4 5 -4 5 -4 4 -4 4 -4 4 0 0 0 0 0 0 0 0 0 0 ]
CSI_DATA,AP,10:B4:1D:CC:60:E0,-18,11,1,7,1,1,1,1,0,0,1,-93,0,6,2,10161857,0,68,0,0,9.87126,384,[0 0 0 0 0 0 0 0 0 0 0 0 11 -2 10 -1 11 -2 10 -2 10 -2 10 -2 10 -2 10 -2 10 -2 9 -2 9 -2 9 -2 9 -3 9 -3 8 -3 9 -3 8 -3 8 -4 8 -4 8 -4 8 -4 8 -4 8 -4 8 -4 8 -4 8 -4 0 0 8 -4 8 -4 8 -4 9 -4 8 -4 8 -4 8 -3 8 -3 8 -3 8 -2 8 -3 8 -2 8 -2 7 -2 7 -2 7 -1 7 -1 6 -1 6 -1 6 0 6 0 6 0 6 0 5 0 5 1 5 1 0 0 0 0 0 0 0 0 0 0 ]
CSI_DATA,AP,10:B4:1D:CC:60:E0,-18,11,1,7,1,1,1,1,0,0,1,-93,0,6,2,10251709,0,68,0,0,9.96111,384,[0 0 0 0 0 0 0 0 0 0 0 0 -7 -10 -6 -10 -6 -10 -6 -10 -6 -10 -7 -9 -6 -9 -6 -9 -6 -9 -7 -9 -7 -8 -7 -8 -7 -8 -7 -7 -7 -8 -7 -7 -7 -7 -7 -7 -7 -7 -7 -7 -7 -7 -8 -7 -8 -6 -8 -6 -8 -6 -8 -6 0 0 -8 -7 -8 -7 -8 -7 -8 -7 -7 -7 -7 -7 -7 -7 -7 -7 -7 -7 -6 -7 -6 -7 -6 -7 -6 -7 -5 -7 -5 -7 -5 -6 -4 -7 -4 -6 -4 -6 -4 -6 -3 -6 -3 -6 -3 -6 -2 -6 -2 -6 -2 -6 0 0 0 0 0 0 0 0 0 0 ]
CSI_DATA,AP,10:B4:1D:CC:60:E0,-18,11,1,7,1,1,1,1,0,0,1,-93,0,6,2,10341830,0,68,0,0,10.0512,384,[0 0 0 0 0 0 0 0 0 0 0 0 10 -5 10 -5 9 -5 9 -5 9 -5 9 -6 9 -5 9 -5 8 -5 8 -6 8 -6 8 -6 7 -6 7 -6 7 -6 7 -6 7 -7 6 -6 7 -7 7 -7 7 -7 7 -7 6 -7 6 -7 6 -7 6 -7 0 0 6 -7 6 -7 6 -7 7 -7 7 -7 7 -7 7 -6 7 -6 7 -6 7 -6 7 -5 6 -5 6 -5 6 -5 6 -4 6 -4 6 -4 6 -3 6 -3 6 -3 5 -2 6 -2 6 -2 5 -2 5 -1 5 -1 0 0 0 0 0 0 0 0 0 0 ]
CSI_DATA,AP,10:B4:1D:CC:60:E0,-18,11,1,7,1,1,1,1,0,0,1,-93,0,6,2,10431678,0,68,0,0,10.1411,384,[0 0 0 0 0 0 0 0 0 0 0 0 -12 -2 -12 -2 -11 -2 -11 -2 -11 -2 -11 -2 -11 -2 -11 -1 -11 -1 -10 -1 -10 -1 -10 -1 -10 0 -10 0 -10 0 -10 0 -10 0 -10 1 -10 1 -10 1 -10 1 -10 1 -10 1 -10 1 -10 1 -10 1 0 0 -10 1 -10 1 -10 1 -10 1 -10 1 -10 0 -10 0 -10 0 -10 0 -9 0 -9 0 -9 -1 -9 -1 -8 -1 -8 -1 -8 -1 -8 -2 -7 -2 -7 -2 -7 -2 -7 -2 -6 -2 -6 -2 -6 -3 -6 -3 -5 -3 0 0 0 0 0 0 0 0 0 0 ]
CSI_DATA,AP,10:B4:1D:CC:60:E0,-18,11,1,7,1,1,1,1,0,0,1,-93,0,6,2,10521772,0,68,0,0,10.2312,384,[0 0 0 0 0 0 0 0 0 0 0 0 3 -11 3 -11 3 -12 3 -11 2 -11 2 -11 2 -11 2 -10 2 -10 2 -10 1 -10 1 -10 1 -10 1 -10 1 -10 1 -10 0 -10 0 -10 0 -10 -1 -10 0 -10 0 -10 0 -10 -1 -10 0 -10 -1 -10 0 0 0 -10 0 -10 0 -10 0 -10 0 -10 0 -10 0 -10 0 -10 1 -10 1 -9 1 -9 1 -9 2 -9 2 -8 2 -8 2 -7 2 -8 2 -7 2 -7 2 -7 2 -6 2 -6 3 -6 3 -5 3 -5 3 -5 0 0 0 0 0 0 0 0 0 0 ]
CSI_DATA,AP,10:B4:1D:CC:60:E0,-18,11,1,7,1,1,1,1,0,0,1,-93,0,6,2,10611791,0,68,0,0,10.3212,384,[0 0 0 0 0 0 0 0 0 0 0 0 -10 5 -10 5 -10 5 -10 5 -10 5 -9 5 -9 5 -9 5 -9 5 -8 5 -8 5 -8 5 -8 5 -8 5 -8 6 -8 6 -7 6 -7 6 -7 6 -7 6 -7 6 -7 6 -7 6 -7 6 -7 6 -7 6 0 0 -7 6 -7 6 -7 6 -7 6 -7 6 -7 6 -7 6 -7 6 -7 5 -7 5 -7 5 -7 4 -7 4 -7 4 -7 3 -7 3 -7 3 -6 2 -7 2 -6 2 -6 2 -6 2 -6 2 -6 1 -6 1 -6 0 0 0 0 0 0 0 0 0 0 0 ]
CSI_DATA,AP,10:B4:1D:CC:60:E0,-18,11,1,7,1,1,1,1,0,0,1,-93,0,6,2,10701848,0,68,0,0,10.4112,384,[0 0 0 0 0 0 0 0 0 0 0 0 8 -8 8 -8 7 -8 7 -8 7 -8 7 -8 7 -8 7 -8 6 -8 6 -8 6 -8 6 -8 5 -8 5 -8 5 -8 5 -8 4 -8 4 -9 4 -9 4 -9 4 -9 4 -9 4 -9 4 -9 4 -9 4 -9 0 0 4 -9 4 -9 4 -9 4 -9 4 -9 4 -9 4 -9 4 -8 4 -8 5 -8 5 -7 5 -7 5 -7 4 -7 5 -6 5 -6 5 -6 4 -5 4 -5 4 -5 4 -5 4 -5 4 -4 4 -4 5 -3 4 -3 0 0 0 0 0 0 0 0 0 0 ]
CSI_DATA,AP,10:B4:1D:CC:60:E0,-18,11,1,7,1,1,1,1,0,0,1,-93,0,6,2,10791887,0,68,0,0,10.5013,384,[0 0 0 0 0 0 0 0 0 0 0 0 -12 1 -11 1 -11 1 -11 1 -11 1 -11 1 -11 1 -10 1 -10 2 -10 2 -10 2 -10 2 -9 2 -9 2 -9 2 -9 3 -9 3 -9 3 -9 3 -9 3 -9 4 -9 3 -9 3 -9 4 -9 4 -9 4 0 0 -9 3 -9 4 -9 4 -9 3 -9 3 -9 3 -9 3 -9 3 -9 2 -9 2 -9 2 -8 2 -8 1 -8 1 -8 1 -8 0 -8 0 -7 0 -7 0 -7 0 -7 0 -7 0 -7 -1 -6 -1 -6 -1 -6 -2 0 0 0 0 0 0 0 0 0 0 ]
CSI_DATA,AP,10:B4:1D:CC:60:E0,-18,11,1,7,1,1,1,1,0,0,1,-93,0,6,2,10881891,0,68,0,0,10.5913,384,[0 0 0 0 0 0 0 0 0 0 0 0 1 10 1 10 1 10 1 10 1 10 1 9 1 9 2 9 2 9 2 9 2 9 2 8 2 8 3 8 3 8 3 8 3 8 3 7 4 8 4 8 4 8 4 8 4 7 4 7 4 7 4 8 0 0 4 8 4 8 4 8 4 7 4 8 4 8 3 8 3 8 3 8 3 7 2 7 2 7 2 7 1 7 1 7 1 7 1 7 1 6 0 6 0 6 0 6 0 6 0 5 -1 5 -1 5 -1 5 0 0 0 0 0 0 0 0 0 0 ]
CSI_DATA,AP,10:B4:1D:CC:60:E0,-18,11,1,7,1,1,1,1,0,0,1,-93,0,6,2,10972003,0,68,0,0,10.6814,384,[0 0 0 0 0 0 0 0 0 0 0 0 -12 -2 -12 -2 -11 -2 -11 -2 -11 -2 -11 -2 -11 -2 -11 -2 -11 -2 -10 -1 -10 -1 -10 -1 -10 -1 -10 0 -10 0 -10 0 -10 0 -10 0 -10 0 -10 1 -10 0 -10 1 -10 1 -10 1 -10 1 -10 1 0 0 -10 1 -10 1 -10 1 -10 1 -10 0 -10 0 -10 0 -10 0 -10 0 -9 -1 -9 -1 -9 -1 -9 -1 -8 -1 -8 -1 -8 -2 -8 -2 -8 -2 -7 -2 -7 -2 -7 -2 -6 -3 -6 -3 -6 -3 -6 -3 -5 -3 0 0 0 0 0 0 0 0 0 0 ]
CSI_DATA,AP,10:B4:1D:CC:60:E0,-18,11,1,7,1,1,1,1,0,0,1,-93,0,6,2,11061978,0,68,0,0,10.7714,384,[0 0 0 0 0 0 0 0 0 0 0 0 -12 1 -12 1 -11 1 -11 1 -11 1 -11 1 -11 2 -11 2 -10 1 -10 2 -10 2 -10 2 -10 2 -10 2 -10 3 -9 3 -9 3 -9 3 -9 3 -9 3 -9 4 -9 4 -9 4 -9 4 -9 4 -9 4 0 0 -9 4 -9 4 -9 4 -9 4 -9 4 -9 4 -9 3 -9 3 -9 2 -9 2 -9 2 -9 2 -8 2 -8 1 -8 1 -8 1 -8 1 -8 1 -7 0 -7 0 -7 0 -7 -1 -7 0 -6 -1 -6 -1 -6 -2 0 0 0 0 0 0 0 0 0 0 ]
CSI_DATA,AP,10:B4:1D:CC:60:E0,-18,11,1,7,1,1,1,1,0,0,1,-93,0,6,2,11151814,0,68,0,0,10.8612,384,[0 0 0 0 0 0 0 0 0 0 0 0 5 9 5 9 5 9 5 9 5 9 5 8 5 8 5 8 5 8 5 8 5 7 6 7 6 7 6 7 6 7 6 7 6 6 6 6 6 6 6 6 6 6 7 6 7 6 7 6 7 6 7 5 0 0 7 6 7 6 7 6 7 6 6 6 6 6 6 6 6 6 6 6 5 6 5 6 5 6 5 6 4 6 4 6 4 6 3 6 3 5 3 5 3 5 2 5 2 5 2 5 1 5 1 5 1 5 0 0 0 0 0 0 0 0 0 0 ]
CSI_DATA,AP,10:B4:1D:CC:60:E0,-18,11,1,7,1,1,1,1,0,0,1,-93,0,6,2,11241803,0,68,0,0,10.9512,384,[0 0 0 0 0 0 0 0 0 0 0 0 11 -1 11 -1 11 -1 10 -1 10 -1 10 -2 10 -2 10 -1 10 -2 9 -2 9 -2 9 -2 9 -3 9 -3 9 -3 9 -3 8 -3 8 -3 8 -3 8 -4 8 -4 8 -4 8 -4 8 -4 8 -4 8 -4 0 0 9 -4 8 -4 8 -4 9 -4 8 -4 9 -3 9 -3 8 -3 8 -3 8 -2 8 -2 8 -2 7 -2 7 -1 8 -2 7 -1 7 -1 7 -1 6 -1 6 0 6 0 6 0 5 0 5 0 5 1 5 1 0 0 0 0 0 0 0 0 0 0 ]
CSI_DATA,AP,10:B4:1D:CC:60:E0,-18,11,1,7,1,1,1,1,0,0,1,-93,0,6,2,11331882,0,68,0,0,11.0413,384,[0 0 0 0 0 0 0 0 0 0 0 0 -9 7 -8 7 -8 8 -8 7 -8 7 -8 7 -8 7 -7 7 -7 7 -7 7 -6 7 -6 7 -6 8 -6 7 -6 8 -6 7 -5 7 -5 8 -5 8 -5 8 -5 8 -5 8 -4 8 -5 8 -4 8 -5 8 0 0 -5 8 -5 8 -4 8 -5 8 -5 8 -5 8 -5 8 -5 8 -5 7 -5 7 -5 7 -5 7 -5 6 -5 6 -6 5 -6 5 -5 5 -5 4 -6 4 -5 4 -5 4 -5 4 -5 3 -5 3 -5 3 -5 2 0 0 0 0 0 0 0 0 0 0 ]
CSI_DATA,AP,10:B4:1D:CC:60:E0,-18,11,1,7,1,1,1,1,0,0,1,-93,0,6,2,11423489,0,68,0,0,11.1329,384,[0 0 0 0 0 0 0 0 0 0 0 0 7 -8 7 -8 7 -8 7 -8 7 -8 7 -8 7 -8 6 -8 6 -8 6 -8 6 -8 6 -8 5 -8 5 -8 5 -8 5 -8 5 -8 4 -8 4 -8 4 -9 4 -9 4 -9 4 -9 4 -9 4 -9 4 -9 0 0 4 -9 4 -9 4 -9 4 -9 4 -9 4 -9 5 -8 4 -8 5 -8 5 -8 5 -7 5 -7 5 -7 5 -6 5 -6 5 -6 5 -6 5 -6 5 -5 4 -5 5 -4 5 -4 5 -4 5 -3 4 -3 5 -3 0 0 0 0 0 0 0 0 0 0 ]
CSI_DATA,AP,10:B4:1D:CC:60:E0,-18,11,1,7,1,1,1,1,0,0,1,-93,0,6,2,11511888,0,68,0,0,11.2213,384,[0 0 0 0 0 0 0 0 0 0 0 0 6 -9 6 -9 6 -10 6 -9 5 -9 6 -9 5 -9 5 -9 5 -9 5 -9 5 -9 4 -9 4 -9 4 -9 4 -9 4 -9 3 -9 3 -9 3 -9 3 -9 3 -9 3 -9 3 -9 3 -9 3 -10 3 -9 0 0 3 -9 3 -9 3 -9 3 -9 3 -9 3 -9 4 -9 4 -9 4 -8 4 -8 4 -8 4 -8 4 -7 4 -7 4 -6 4 -6 4 -6 4 -6 4 -5 4 -5 4 -5 4 -4 4 -4 4 -4 4 -3 4 -3 0 0 0 0 0 0 0 0 0 0 ]
CSI_DATA,AP,10:B4:1D:CC:60:E0,-18,11,1,7,1,1,1,1,0,0,1,-93,0,6,2,11601899,0,68,0,0,11.3113,384,[0 0 0 0 0 0 0 0 0 0 0 0 -11 -3 -11 -3 -11 -3 -11 -3 -11 -3 -11 -2 -11 -3 -10 -2 -11 -2 -10 -2 -10 -1 -10 -1 -10 -1 -10 -1 -10 -1 -10 -1 -10 0 -10 0 -10 0 -10 0 -10 0 -10 0 -10 0 -9 1 -10 0 -10 0 0 0 -10 0 -10 0 -10 0 -10 0 -10 0 -10 -1 -9 0 -9 -1 -9 -1 -9 -1 -9 -1 -8 -1 -8 -2 -8 -2 -8 -2 -8 -2 -8 -2 -7 -2 -7 -3 -7 -3 -6 -3 -6 -3 -6 -3 -6 -3 -6 -3 -5 -4 0 0 0 0 0 0 0 0 0 0 ]
CSI_DATA,AP,10:B4:1D:CC:60:E0,-18,11,1,7,1,1,1,1,0,0,1,-93,0,6,2,11691797,0,68,0,0,11.4012,384,[0 0 0 0 0 0 0 0 0 0 0 0 9 -8 8 -7 8 -8 8 -7 8 -8 8 -7 8 -7 7 -7 7 -7 7 -7 7 -7 6 -7 6 -8 6 -8 6 -8 6 -8 5 -8 5 -8 5 -8 5 -8 5 -8 5 -8 5 -8 5 -9 5 -9 5 -8 0 0 5 -8 5 -9 5 -8 5 -8 5 -8 5 -8 5 -8 5 -8 6 -7 6 -7 6 -7 6 -7 6 -6 5 -6 6 -6 5 -5 5 -5 5 -5 5 -4 5 -4 5 -4 5 -4 5 -3 5 -3 5 -3 5 -2 0 0 0 0 0 0 0 0 0 0 ]
CSI_DATA,AP,10:B4:1D:CC:60:E0,-18,11,1,7,1,1,1,1,0,0,1,-93,0,6,2,11781916,0,68,0,0,11.4913,384,[0 0 0 0 0 0 0 0 0 0 0 0 5 9 5 9 5 9 5 9 5 8 5 8 5 8 5 8 5 8 5 8 5 7 5 7 5 7 6 7 6 7 6 7 6 6 6 6 6 6 6 6 6 6 6 6 6 6 6 6 6 6 7 6 0 0 7 6 6 6 6 6 6 6 6 6 6 6 5 7 6 7 5 6 5 6 5 7 4 7 4 7 4 6 3 6 3 6 3 6 3 6 2 6 2 6 2 6 1 5 1 6 0 5 0 5 0 5 0 0 0 0 0 0 0 0 0 0 ]
CSI_DATA,AP,10:B4:1D:CC:60:E0,-18,11,1,7,1,1,1,1,0,0,1,-93,0,6,2,11871857,0,68,0,0,11.5813,384,[0 0 0 0 0 0 0 0 0 0 0 0 -12 0 -12 0 -12 -1 -11 0 -11 0 -11 0 -11 0 -11 0 -10 0 -10 1 -10 1 -10 1 -10 1 -10 1 -10 1 -10 2 -10 2 -10 2 -9 2 -10 2 -9 2 -9 2 -9 3 -10 3 -9 3 -10 3 0 0 -10 3 -10 3 -10 2 -10 2 -10 2 -10 2 -10 2 -10 2 -9 1 -10 1 -9 1 -9 1 -9 1 -9 0 -8 0 -8 0 -8 -1 -8 -1 -7 -1 -7 -1 -7 -1 -7 -1 -7 -2 -6 -2 -6 -2 -6 -3 0 0 0 0 0 0 0 0 0 0 ]
CSI_DATA,AP,10:B4:1D:CC:60:E0,-18,11,1,7,1,1,1,1,0,0,1,-93,0,6,2,11961850,0,68,0,0,11.6713,384,[0 0 0 0 0 0 0 0 0 0 0 0 -11 2 -11 2 -11 2 -11 2 -11 3 -10 2 -10 2 -10 2 -10 2 -10 3 -9 3 -9 3 -9 4 -9 4 -9 4 -9 4 -8 4 -9 4 -8 4 -8 4 -8 4 -8 4 -8 5 -8 5 -8 5 -8 5 0 0 -8 5 -8 5 -8 5 -9 5 -8 5 -9 4 -9 4 -8 4 -9 3 -8 3 -8 3 -8 3 -8 3 -8 2 -8 2 -7 2 -7 1 -7 1 -7 1 -7 1 -7 1 -7 0 -6 0 -6 0 -6 0 -6 -1 0 0 0 0 0 0 0 0 0 0 ]
CSI_DATA,AP,10:B4:1D:CC:60:E0,-18,11,1,7,1,1,1,1,0,0,1,-93,0,6,2,12051837,0,68,0,0,11.7612,384,[0 0 0 0 0 0 0 0 0 0 0 0 -11 -5 -11 -4 -11 -4 -10 -4 -11 -4 -10 -4 -10 -4 -10 -3 -10 -4 -10 -3 -10 -3 -10 -3 -10 -3 -10 -2 -10 -2 -10 -2 -10 -2 -10 -2 -10 -2 -10 -2 -10 -1 -10 -1 -10 -1 -10 -1 -10 -1 -10 -1 0 0 -10 -1 -10 -1 -10 -1 -10 -1 -10 -2 -10 -2 -10 -2 -10 -2 -9 -2 -9 -3 -9 -3 -9 -3 -8 -3 -8 -3 -8 -3 -8 -3 -7 -3 -7 -4 -7 -3 -6 -4 -6 -4 -6 -4 -6 -4 -5 -4 -5 -4 -4 -4 0 0 0 0 0 0 0 0 0 0 ]
CSI_DATA,AP,10:B4:1D:CC:60:E0,-18,11,1,7,1,1,1,1,0,0,1,-93,0,6,2,12141889,0,68,0,0,11.8513,384,[0 0 0 0 0 0 0 0 0 0 0 0 -1 11 -1 11 -1 11 -1 10 0 10 -1 10 -1 10 0 10 0 10 0 9 0 9 0 9 1 9 1 9 1 9 1 9 1 9 1 9 2 9 2 9 2 9 2 9 2 8 2 9 2 9 2 9 0 0 2 9 2 9 2 9 2 9 2 9 2 9 1 9 1 9 1 9 1 8 1 8 0 8 0 8 0 8 0 7 0 7 -1 7 -1 7 -1 6 -1 6 -2 6 -2 6 -2 6 -2 5 -2 5 -3 5 0 0 0 0 0 0 0 0 0 0 ]
CSI_DATA,AP,10:B4:1D:CC:60:E0,-18,11,1,7,1,1,1,1,0,0,1,-93,0,6,2,12231985,0,68,0,0,11.9414,384,[0 0 0 0 0 0 0 0 0 0 0 0 2 -12 2 -11 2 -11 2 -11 2 -11 2 -11 2 -11 2 -11 1 -10 1 -11 1 -10 1 -10 0 -10 0 -10 0 -10 0 -10 0 -10 -1 -10 -1 -10 -1 -10 -1 -10 -1 -10 -1 -10 -2 -10 -2 -10 -2 -10 0 0 -1 -10 -2 -10 -2 -10 -1 -10 -1 -10 -1 -10 -1 -10 0 -10 0 -9 0 -9 0 -9 0 -9 0 -9 1 -9 1 -8 1 -8 1 -8 1 -7 1 -7 1 -7 2 -7 2 -6 2 -6 2 -6 2 -6 2 -5 0 0 0 0 0 0 0 0 0 0 ]
CSI_DATA,AP,10:B4:1D:CC:60:E0,-18,11,1,7,1,1,1,1,0,0,1,-94,0,6,2,12322126,0,68,0,0,12.0315,384,[0 0 0 0 0 0 0 0 0 0 0 0 8 7 7 7 8 7 7 7 7 7 7 7 7 7 7 6 7 6 7 6 7 6 8 5 7 5 7 5 7 5 8 4 8 4 8 4 8 4 8 4 8 4 8 4 8 4 8 4 8 4 8 4 0 0 8 4 8 4 8 4 8 4 8 4 8 4 7 5 7 5 7 5 7 5 7 5 6 5 6 5 5 5 6 5 5 5 5 5 5 5 4 5 4 5 4 5 3 5 3 5 2 5 2 5 2 5 0 0 0 0 0 0 0 0 0 0 ]
CSI_DATA,AP,10:B4:1D:CC:60:E0,-18,11,1,7,1,1,1,1,0,0,1,-94,0,6,2,12411931,0,68,0,0,12.1213,384,[0 0 0 0 0 0 0 0 0 0 0 0 -1 11 -1 11 -1 11 -1 11 -1 10 -1 10 -1 10 -1 10 -1 9 0 9 0 9 0 9 0 9 1 9 1 9 1 9 1 9 1 8 1 9 1 9 2 9 2 9 2 8 2 9 2 9 2 9 0 0 2 8 2 9 2 9 2 9 2 9 1 9 1 9 1 8 1 8 1 8 0 8 0 8 0 8 0 7 0 7 -1 7 -1 7 -1 7 -1 6 -1 6 -1 6 -2 6 -2 5 -2 5 -2 5 -3 5 0 0 0 0 0 0 0 0 0 0 ]
CSI_DATA,AP,10:B4:1D:CC:60:E0,-19,11,1,7,1,1,1,1,0,0,1,-94,0,6,2,12501905,0,68,0,0,12.2113,384,[0 0 0 0 0 0 0 0 0 0 0 0 -10 -6 -10 -6 -10 -6 -10 -6 -10 -6 -10 -5 -10 -5 -10 -5 -10 -5 -10 -4 -10 -4 -10 -4 -10 -4 -9 -4 -10 -3 -10 -3 -10 -3 -10 -3 -10 -3 -10 -3 -9 -2 -10 -2 -10 -2 -10 -2 -10 -2 -10 -2 0 0 -10 -2 -10 -2 -10 -2 -10 -2 -10 -3 -10 -3 -9 -3 -9 -3 -9 -3 -9 -3 -9 -3 -8 -3 -8 -4 -8 -4 -8 -4 -7 -4 -7 -4 -7 -4 -6 -4 -6 -4 -6 -4 -6 -4 -5 -4 -5 -4 -5 -4 -4 -5 0 0 0 0 0 0 0 0 0 0 ]
CSI_DATA,AP,10:B4:1D:CC:60:E0,-18,11,1,7,1,1,1,1,0,0,1,-94,0,6,2,12592546,0,68,0,0,12.3019,384,[0 0 0 0 0 0 0 0 0 0 0 0 -12 -2 -11 -2 -11 -2 -11 -2 -11 -2 -11 -2 -11 -2 -11 -1 -11 -1 -10 -1 -10 -1 -10 -1 -10 0 -10 0 -10 0 -10 0 -10 0 -10 0 -10 1 -10 1 -10 0 -10 1 -10 1 -10 1 -10 1 -10 1 0 0 -10 1 -10 1 -10 0 -10 1 -10 1 -10 0 -10 0 -10 0 -9 -1 -9 -1 -9 -1 -9 -1 -8 -1 -8 -2 -8 -2 -8 -2 -8 -2 -8 -2 -7 -2 -7 -2 -7 -3 -6 -3 -6 -3 -6 -3 -6 -3 -5 -3 0 0 0 0 0 0 0 0 0 0 ]
CSI_DATA,AP,10:B4:1D:CC:60:E0,-19,11,1,7,1,1,1,1,0,0,1,-94,0,6,2,12681707,0,68,0,0,12.3911,384,[0 0 0 0 0 0 0 0 0 0 0 0 9 6 9 6 8 6 9 6 8 6 9 6 8 5 8 5 8 5 8 4 8 4 8 4 8 4 8 4 8 4 8 3 8 3 8 3 8 3 8 3 8 2 8 2 8 2 9 2 9 2 9 2 0 0 9 2 9 2 9 2 9 2 9 3 8 3 8 3 8 3 8 3 8 3 7 3 7 3 7 3 7 3 6 3 6 4 6 4 5 4 5 4 5 4 5 4 4 4 4 4 4 4 4 4 3 4 0 0 0 0 0 0 0 0 0 0 ]
CSI_DATA,AP,10:B4:1D:CC:60:E0,-19,11,1,7,1,1,1,1,0,0,1,-94,0,6,2,12771785,0,68,0,0,12.4812,384,[0 0 0 0 0 0 0 0 0 0 0 0 7 -9 7 -9 7 -9 7 -9 7 -9 7 -8 6 -8 6 -8 6 -8 6 -8 6 -8 5 -8 5 -8 5 -8 5 -9 5 -9 4 -8 4 -9 4 -9 4 -9 4 -9 4 -9 4 -9 4 -9 3 -9 4 -9 0 0 4 -9 4 -9 4 -9 4 -9 4 -9 4 -9 4 -9 4 -8 5 -8 5 -8 5 -8 5 -7 5 -7 5 -7 5 -6 5 -6 5 -6 5 -5 5 -5 5 -5 5 -5 5 -4 5 -4 5 -4 5 -3 5 -3 0 0 0 0 0 0 0 0 0 0 ]
CSI_DATA,AP,10:B4:1D:CC:60:E0,-18,11,1,7,1,1,1,1,0,0,1,-94,0,6,2,12862412,0,68,0,0,12.5718,384,[0 0 0 0 0 0 0 0 0 0 0 0 9 -7 9 -6 9 -7 8 -7 8 -6 8 -7 8 -6 8 -6 7 -6 7 -7 7 -7 7 -7 6 -7 6 -7 6 -7 6 -7 6 -7 6 -7 6 -8 5 -8 5 -8 5 -8 5 -8 5 -8 5 -8 5 -8 0 0 5 -8 5 -8 5 -8 6 -8 5 -8 6 -7 6 -7 6 -7 6 -7 6 -6 6 -6 6 -6 6 -6 6 -5 6 -5 6 -5 6 -4 5 -4 5 -4 5 -3 5 -3 5 -3 5 -3 5 -2 5 -2 5 -2 0 0 0 0 0 0 0 0 0 0 ]
CSI_DATA,AP,10:B4:1D:CC:60:E0,-19,11,1,7,1,1,1,1,0,0,1,-94,0,6,2,12951786,0,68,0,0,12.6612,384,[0 0 0 0 0 0 0 0 0 0 0 0 -7 9 -7 8 -7 9 -7 8 -7 8 -7 8 -6 8 -6 8 -6 8 -6 8 -6 8 -6 8 -5 8 -5 8 -5 8 -5 8 -4 8 -4 8 -4 8 -4 9 -4 8 -4 8 -4 8 -4 9 -4 8 -4 8 0 0 -4 8 -4 9 -4 8 -4 8 -4 8 -4 8 -4 8 -5 8 -5 7 -5 7 -5 7 -5 7 -5 6 -5 6 -5 6 -5 5 -5 5 -5 5 -5 5 -5 4 -5 4 -5 4 -5 4 -5 3 -6 3 -5 2 0 0 0 0 0 0 0 0 0 0 ]
CSI_DATA,AP,10:B4:1D:CC:60:E0,-18,11,1,7,1,1,1,1,0,0,1,-94,0,6,2,13041792,0,68,0,0,12.7512,384,[0 0 0 0 0 0 0 0 0 0 0 0 -6 -10 -7 -10 -7 -10 -6 -10 -6 -9 -6 -9 -6 -9 -6 -9 -6 -9 -7 -8 -7 -8 -7 -8 -7 -8 -7 -7 -7 -8 -7 -7 -7 -7 -7 -7 -8 -7 -7 -7 -7 -7 -8 -7 -8 -7 -8 -6 -8 -6 -8 -6 0 0 -8 -7 -8 -7 -7 -7 -8 -7 -7 -7 -7 -7 -7 -7 -7 -7 -7 -7 -7 -7 -6 -7 -6 -7 -5 -7 -5 -7 -5 -7 -5 -7 -4 -7 -4 -7 -4 -6 -4 -6 -3 -6 -3 -6 -3 -6 -2 -6 -2 -6 -1 -6 0 0 0 0 0 0 0 0 0 0 ]
CSI_DATA,AP,10:B4:1D:CC:60:E0,-18,11,1,7,1,1,1,1,0,0,1,-94,0,6,2,13131965,0,68,0,0,12.8414,384,[0 0 0 0 0 0 0 0 0 0 0 0 9 6 9 5 9 5 9 5 8 5 9 5 9 5 8 4 8 4 9 4 9 4 8 3 8 3 8 3 8 3 8 2 8 2 8 2 9 2 8 2 9 2 9 2 9 2 9 2 9 1 9 1 0 0 9 1 9 2 9 2 9 2 9 2 8 2 8 2 8 2 8 2 8 3 7 3 7 3 7 3 7 3 7 3 6 3 6 3 6 3 5 3 5 3 5 3 4 3 4 4 4 4 4 3 3 4 0 0 0 0 0 0 0 0 0 0 ]
CSI_DATA,AP,10:B4:1D:CC:60:E0,-19,11,1,7,1,1,1,1,0,0,1,-94,0,6,2,13222069,0,68,0,0,12.9315,384,[0 0 0 0 0 0 0 0 0 0 0 0 10 -6 9 -6 9 -6 9 -6 9 -6 9 -6 8 -6 8 -6 8 -6 8 -6 8 -6 8 -6 7 -6 7 -6 7 -6 7 -7 7 -6 6 -7 6 -7 6 -7 6 -7 6 -7 6 -7 6 -7 6 -7 6 -7 0 0 7 -7 6 -7 6 -7 7 -7 6 -7 7 -7 7 -7 7 -6 7 -6 7 -6 7 -5 7 -5 7 -5 6 -4 6 -4 6 -4 6 -4 6 -3 6 -3 6 -3 6 -3 6 -2 6 -2 5 -2 5 -1 5 -1 0 0 0 0 0 0 0 0 0 0 ]
CSI_DATA,AP,10:B4:1D:CC:60:E0,-18,11,1,7,1,1,1,1,0,0,1,-94,0,6,2,13311942,0,68,0,0,13.0213,384,[0 0 0 0 0 0 0 0 0 0 0 0 10 -4 10 -4 10 -4 10 -4 10 -4 9 -4 9 -4 9 -4 9 -4 9 -4 8 -4 8 -4 8 -4 8 -5 8 -5 8 -5 7 -5 8 -5 7 -5 7 -6 7 -5 7 -6 7 -6 7 -6 7 -6 7 -6 0 0 7 -6 7 -6 7 -6 8 -6 7 -5 8 -5 8 -5 7 -5 7 -5 8 -4 7 -4 7 -4 7 -4 7 -3 7 -3 6 -3 7 -3 6 -2 6 -2 6 -2 6 -1 6 -1 6 -1 5 0 5 0 5 0 0 0 0 0 0 0 0 0 0 0 ]
CSI_DATA,AP,10:B4:1D:CC:60:E0,-18,11,1,7,1,1,1,1,0,0,1,-94,0,6,2,13402250,0,68,0,0,13.1116,384,[0 0 0 0 0 0 0 0 0 0 0 0 -8 -9 -8 -9 -8 -9 -8 -9 -8 -8 -8 -9 -7 -8 -7 -8 -7 -8 -7 -7 -8 -7 -8 -7 -8 -7 -8 -7 -8 -7 -8 -6 -8 -6 -8 -6 -8 -6 -8 -6 -8 -6 -8 -6 -8 -5 -9 -6 -8 -6 -9 -6 0 0 -9 -6 -8 -6 -8 -6 -8 -6 -8 -6 -8 -6 -8 -6 -8 -7 -7 -6 -7 -6 -7 -6 -6 -7 -6 -7 -6 -7 -6 -6 -5 -6 -5 -6 -5 -6 -4 -6 -4 -6 -4 -6 -3 -6 -3 -6 -3 -6 -3 -6 -2 -6 0 0 0 0 0 0 0 0 0 0 ]
CSI_DATA,AP,10:B4:1D:CC:60:E0,-18,11,1,7,1,1,1,1,0,0,1,-94,0,6,2,13491792,0,68,0,0,13.2012,384,[0 0 0 0 0 0 0 0 0 0 0 0 1 11 1 11 2 11 2 10 2 11 2 10 2 10 2 10 2 10 2 10 2 9 3 9 3 9 3 9 3 9 3 9 3 8 4 8 4 8 4 8 4 8 4 8 4 8 4 8 4 8 4 8 0 0 4 8 4 8 4 8 4 8 4 8 4 9 3 9 3 8 3 8 3 8 3 8 2 8 2 8 1 8 2 7 1 7 1 7 1 6 0 6 0 6 0 6 0 6 -1 6 -1 6 -1 5 -1 5 0 0 0 0 0 0 0 0 0 0 ]
CSI_DATA,AP,10:B4:1D:CC:60:E0,-18,11,1,7,1,1,1,1,0,0,1,-94,0,6,2,13581750,0,68,0,0,13.2912,384,[0 0 0 0 0 0 0 0 0 0 0 0 -2 -12 -2 -11 -2 -11 -2 -11 -2 -11 -2 -11 -2 -11 -3 -10 -3 -10 -3 -10 -3 -10 -3 -10 -3 -10 -4 -9 -4 -10 -4 -9 -4 -9 -4 -9 -4 -9 -4 -9 -5 -9 -5 -9 -5 -9 -5 -9 -5 -9 -5 -9 0 0 -5 -9 -4 -9 -5 -9 -4 -9 -4 -9 -4 -9 -4 -9 -3 -9 -3 -9 -3 -9 -3 -9 -3 -9 -2 -8 -2 -9 -2 -8 -2 -8 -1 -8 -1 -7 -1 -7 -1 -7 -1 -7 0 -7 0 -7 0 -6 0 -6 1 -6 0 0 0 0 0 0 0 0 0 0 ]
CSI_DATA,AP,10:B4:1D:CC:60:E0,-18,11,1,7,1,1,1,1,0,0,1,-94,0,6,2,13671865,0,68,0,0,13.3813,384,[0 0 0 0 0 0 0 0 0 0 0 0 -11 4 -10 4 -10 4 -10 4 -10 4 -10 4 -10 4 -10 4 -9 4 -9 4 -9 5 -9 5 -8 5 -8 5 -8 5 -8 5 -8 5 -8 5 -7 5 -8 6 -8 5 -7 5 -8 6 -7 6 -7 6 -7 6 0 0 -8 6 -8 6 -7 6 -8 6 -8 6 -8 5 -8 5 -8 5 -8 4 -8 5 -8 5 -8 4 -8 4 -7 3 -8 3 -7 3 -7 2 -7 2 -7 2 -7 2 -7 1 -7 1 -7 1 -6 1 -6 0 -6 0 0 0 0 0 0 0 0 0 0 0 ]
CSI_DATA,AP,10:B4:1D:CC:60:E0,-19,11,1,7,1,1,1,1,0,0,1,-94,0,6,2,13761845,0,68,0,0,13.4712,384,[0 0 0 0 0 0 0 0 0 0 0 0 9 -7 9 -6 9 -6 9 -6 8 -6 8 -6 8 -6 8 -6 8 -6 7 -7 7 -7 7 -7 7 -7 6 -7 7 -7 6 -7 6 -7 6 -7 6 -8 6 -7 6 -7 6 -8 6 -8 5 -8 5 -8 5 -8 0 0 6 -8 6 -8 6 -8 6 -8 6 -8 6 -7 6 -7 6 -7 6 -7 6 -6 6 -6 6 -6 6 -6 6 -5 6 -5 6 -5 6 -4 6 -4 6 -4 5 -3 5 -3 5 -3 5 -3 5 -3 5 -2 5 -2 0 0 0 0 0 0 0 0 0 0 ]
CSI_DATA,AP,10:B4:1D:CC:60:E0,-18,11,1,7,1,1,1,1,0,0,1,-94,0,6,2,13851787,0,68,0,0,13.5612,384,[0 0 0 0 0 0 0 0 0 0 0 0 -12 1 -11 1 -12 2 -11 1 -11 1 -11 1 -11 2 -10 2 -10 2 -10 2 -10 2 -10 2 -10 3 -9 3 -9 3 -9 3 -9 3 -9 3 -9 4 -9 4 -9 4 -9 4 -9 4 -9 4 -9 4 -9 4 0 0 -9 4 -9 4 -9 4 -9 4 -9 4 -9 3 -9 4 -9 3 -9 3 -9 3 -9 3 -8 2 -8 2 -8 2 -8 2 -8 1 -8 1 -8 1 -7 0 -7 0 -7 0 -7 0 -7 0 -6 -1 -6 -1 -6 -1 0 0 0 0 0 0 0 0 0 0 ]
CSI_DATA,AP,10:B4:1D:CC:60:E0,-18,11,1,7,1,1,1,1,0,0,1,-94,0,6,2,13941897,0,68,0,0,13.6513,384,[0 0 0 0 0 0 0 0 0 0 0 0 5 10 5 9 5 9 5 9 5 9 5 9 5 8 5 8 5 8 5 8 5 8 5 7 5 7 5 7 6 7 6 7 6 7 6 6 6 7 6 6 6 6 6 6 6 6 7 6 6 6 7 6 0 0 6 6 6 6 6 7 6 6 6 7 6 7 6 7 5 6 5 6 5 7 5 6 4 7 4 7 4 7 3 6 3 6 3 6 3 6 2 6 2 5 2 6 1 6 1 6 1 5 1 5 0 5 0 0 0 0 0 0 0 0 0 0 ]
CSI_DATA,AP,10:B4:1D:CC:60:E0,-18,11,1,7,1,1,1,1,0,0,1,-94,0,6,2,14031885,0,68,0,0,13.7413,384,[0 0 0 0 0 0 0 0 0 0 0 0 -12 0 -12 0 -11 0 -11 0 -11 0 -11 0 -11 0 -11 0 -11 0 -10 1 -10 1 -10 0 -10 1 -10 1 -10 2 -10 2 -10 2 -10 2 -9 2 -9 2 -9 2 -9 2 -9 3 -9 3 -9 2 -10 3 0 0 -10 3 -9 3 -9 2 -10 2 -10 2 -10 2 -10 2 -9 1 -9 1 -9 1 -9 1 -9 0 -9 0 -8 0 -8 0 -8 0 -8 0 -7 0 -7 -1 -7 -1 -7 -1 -7 -1 -7 -2 -6 -2 -6 -2 -6 -3 0 0 0 0 0 0 0 0 0 0 ]
CSI_DATA,AP,10:B4:1D:CC:60:E0,-18,11,1,7,1,1,1,1,0,0,1,-94,0,6,2,14121825,0,68,0,0,13.8312,384,[0 0 0 0 0 0 0 0 0 0 0 0 6 9 5 9 6 9 6 9 6 8 6 8 5 8 6 8 5 7 6 7 6 7 6 7 6 6 6 6 6 6 6 6 6 6 7 6 7 6 7 6 7 6 7 6 7 5 7 5 7 5 7 5 0 0 7 5 7 6 7 5 7 5 7 5 6 6 6 6 6 6 6 6 6 6 6 6 5 6 5 6 4 6 4 6 4 6 4 5 4 5 3 5 3 5 3 5 2 5 2 5 2 5 1 5 1 5 0 0 0 0 0 0 0 0 0 0 ]
CSI_DATA,AP,10:B4:1D:CC:60:E0,-19,11,1,7,1,1,1,1,0,0,1,-94,0,6,2,14211867,0,68,0,0,13.9213,384,[0 0 0 0 0 0 0 0 0 0 0 0 8 8 8 8 8 8 8 7 7 7 8 7 7 7 7 7 7 7 7 6 7 6 7 6 7 6 8 5 8 5 7 5 8 5 8 5 8 5 8 5 8 5 8 5 8 4 8 4 8 4 8 4 0 0 8 4 8 5 8 5 8 4 8 5 8 5 7 5 7 5 7 5 7 5 7 5 6 5 6 5 6 6 5 5 5 5 4 5 4 5 4 5 4 5 3 5 3 5 3 5 2 5 2 5 2 5 0 0 0 0 0 0 0 0 0 0 ]
CSI_DATA,AP,10:B4:1D:CC:60:E0,-18,11,1,7,1,1,1,1,0,0,1,-94,0,6,2,14301819,0,68,0,0,14.0112,384,[0 0 0 0 0 0 0 0 0 0 0 0 -8 -9 -8 -9 -8 -9 -8 -9 -8 -9 -8 -8 -7 -8 -7 -8 -8 -8 -7 -7 -8 -7 -8 -7 -8 -7 -8 -6 -8 -7 -8 -6 -8 -6 -8 -6 -8 -6 -8 -6 -8 -6 -8 -6 -8 -5 -9 -5 -9 -5 -9 -5 0 0 -9 -5 -8 -5 -8 -6 -9 -6 -8 -6 -8 -6 -8 -6 -8 -6 -8 -6 -7 -6 -7 -6 -7 -6 -7 -7 -6 -6 -6 -6 -5 -6 -5 -6 -5 -6 -5 -6 -4 -6 -4 -6 -4 -6 -3 -6 -3 -6 -3 -6 -2 -6 0 0 0 0 0 0 0 0 0 0 ]
CSI_DATA,AP,10:B4:1D:CC:60:E0,-18,11,1,7,1,1,1,1,0,0,1,-94,0,6,2,14392933,0,68,0,0,14.1023,384,[0 0 0 0 0 0 0 0 0 0 0 0 9 5 9 5 9 5 9 4 9 4 9 4 9 4 9 4 9 4 9 3 9 3 9 3 8 3 8 2 9 3 9 2 8 2 8 2 9 2 9 2 8 2 9 2 9 1 9 1 9 1 9 1 0 0 9 1 9 1 8 1 9 2 9 2 8 2 8 2 8 2 8 3 8 3 8 3 7 3 7 3 7 3 7 3 6 3 6 3 6 3 5 3 5 3 5 3 4 3 4 3 4 4 3 3 3 4 0 0 0 0 0 0 0 0 0 0 ]
CSI_DATA,AP,10:B4:1D:CC:60:E0,-19,11,1,7,1,1,1,1,0,0,1,-94,0,6,2,14482065,0,68,0,0,14.1915,384,[0 0 0 0 0 0 0 0 0 0 0 0 2 -12 2 -11 2 -11 2 -11 1 -11 1 -11 1 -11 1 -11 1 -10 1 -10 0 -10 0 -10 0 -10 0 -10 0 -10 -1 -10 -1 -10 -1 -10 -1 -10 -1 -10 -1 -10 -1 -10 -1 -10 -2 -10 -2 -10 -2 -10 0 0 -1 -10 -1 -10 -1 -10 -1 -10 -1 -10 -1 -10 0 -10 0 -10 0 -9 0 -9 0 -9 0 -9 1 -9 1 -9 1 -8 1 -8 1 -8 1 -7 1 -7 2 -7 2 -7 2 -6 2 -6 2 -6 2 -5 3 -5 0 0 0 0 0 0 0 0 0 0 ]
CSI_DATA,AP,10:B4:1D:CC:60:E0,-18,11,1,7,1,1,1,1,0,0,1,-94,0,6,2,14571804,0,68,0,0,14.2812,384,[0 0 0 0 0 0 0 0 0 0 0 0 -3 10 -3 10 -3 10 -3 10 -3 10 -3 10 -3 9 -2 9 -2 9 -2 9 -2 9 -2 9 -2 9 -1 9 -1 9 -1 9 -1 9 -1 9 -1 9 0 9 0 9 0 9 0 9 0 9 0 9 0 9 0 0 0 9 0 9 0 9 0 9 0 9 0 9 -1 9 -1 9 -1 8 -1 8 -2 8 -2 8 -2 7 -2 7 -2 7 -2 7 -3 7 -3 6 -3 6 -3 5 -3 5 -3 5 -3 5 -4 5 -4 4 -4 4 0 0 0 0 0 0 0 0 0 0 ]
CSI_DATA,AP,10:B4:1D:CC:60:E0,-18,11,1,7,1,1,1,1,0,0,1,-94,0,6,2,14661850,0,68,0,0,14.3713,384,[0 0 0 0 0 0 0 0 0 0 0 0 -1 11 -1 10 -1 10 0 10 0 10 0 10 0 10 0 9 0 9 0 10 1 9 1 9 1 9 1 9 1 9 2 9 2 8 2 8 2 9 2 9 2 8 2 8 3 8 3 8 3 8 3 8 0 0 3 9 3 9 3 9 2 8 2 9 2 9 2 9 1 9 1 8 1 8 1 8 1 8 0 8 0 7 0 7 0 7 0 7 -1 6 -1 6 -1 6 -1 6 -2 6 -1 6 -2 5 -2 5 -2 5 0 0 0 0 0 0 0 0 0 0 ]
CSI_DATA,AP,10:B4:1D:CC:60:E0,-19,11,1,7,1,1,1,1,0,0,1,-94,0,6,2,14751887,0,68,0,0,14.4613,384,[0 0 0 0 0 0 0 0 0 0 0 0 1 11 1 11 2 11 2 10 2 10 2 10 2 10 2 10 2 10 2 10 2 9 3 9 3 9 3 9 3 8 3 8 3 8 4 8 4 8 4 8 4 8 4 8 4 8 4 8 4 8 4 8 0 0 4 8 4 8 4 8 4 8 4 8 4 8 4 8 3 8 3 8 3 8 3 8 2 8 2 8 2 7 2 7 1 7 1 7 1 6 1 6 1 6 0 6 0 6 0 6 -1 6 -1 5 -1 5 0 0 0 0 0 0 0 0 0 0 ]
CSI_DATA,AP,10:B4:1D:CC:60:E0,-18,11,1,7,1,1,1,1,0,0,1,-94,0,6,2,14841814,0,68,0,0,14.5512,384,[0 0 0 0 0 0 0 0 0 0 0 0 5 -10 5 -10 5 -10 5 -10 5 -10 5 -10 5 -10 4 -10 4 -10 4 -10 4 -10 3 -10 3 -10 3 -9 3 -10 2 -10 2 -10 2 -9 2 -10 2 -10 2 -9 2 -10 2 -10 2 -10 1 -10 2 -10 0 0 2 -10 2 -10 2 -10 2 -10 2 -10 2 -10 2 -10 3 -9 3 -9 3 -9 3 -9 3 -8 3 -8 3 -8 3 -7 3 -7 3 -7 3 -7 4 -6 4 -6 4 -5 4 -6 4 -5 4 -5 4 -4 4 -4 0 0 0 0 0 0 0 0 0 0 ]
CSI_DATA,AP,10:B4:1D:CC:60:E0,-18,11,1,7,1,1,1,1,0,0,1,-94,0,6,2,14933860,0,68,0,0,14.6433,384,[0 0 0 0 0 0 0 0 0 0 0 0 -12 -1 -11 -2 -11 -1 -11 -1 -11 -1 -11 -1 -11 -1 -11 -1 -11 -1 -10 0 -10 0 -10 0 -10 0 -10 0 -10 1 -10 1 -10 1 -10 1 -10 1 -10 1 -9 1 -9 1 -9 2 -10 2 -10 2 -10 2 0 0 -10 1 -10 1 -10 1 -10 1 -10 1 -10 1 -10 1 -10 0 -9 0 -9 0 -9 0 -9 0 -9 0 -9 -1 -8 -1 -8 -1 -8 -1 -7 -1 -7 -2 -7 -2 -7 -2 -7 -2 -6 -2 -6 -3 -6 -3 -6 -3 0 0 0 0 0 0 0 0 0 0 ]
CSI_DATA,AP,10:B4:1D:CC:60:E0,-19,11,1,7,1,1,1,1,0,0,1,-94,0,6,2,15021812,0,68,0,0,14.7312,384,[0 0 0 0 0 0 0 0 0 0 0 0 -1 11 -1 11 -1 11 -1 10 -1 10 -1 10 -1 10 -1 10 0 9 0 9 0 9 0 9 1 9 1 9 1 9 1 9 1 9 1 9 2 9 2 9 2 8 2 9 2 8 2 9 2 8 2 8 0 0 2 9 2 9 2 9 2 9 2 9 2 9 1 9 1 9 1 8 1 8 1 8 0 8 0 8 0 8 0 7 0 7 -1 7 -1 6 -1 6 -1 6 -2 6 -2 6 -2 6 -2 5 -2 5 -2 5 0 0 0 0 0 0 0 0 0 0 ]
CSI_DATA,AP,10:B4:1D:CC:60:E0,-18,11,1,7,1,1,1,1,0,0,1,-94,0,6,2,15111790,0,68,0,0,14.8212,384,[0 0 0 0 0 0 0 0 0 0 0 0 -12 -2 -12 -2 -11 -2 -11 -2 -11 -1 -11 -1 -11 -1 -11 -1 -11 -1 -10 -1 -10 -1 -10 0 -10 0 -10 0 -10 0 -10 1 -9 0 -10 1 -10 1 -10 1 -10 1 -9 2 -10 2 -10 1 -10 2 -10 2 0 0 -10 1 -10 2 -9 2 -10 2 -10 2 -10 1 -10 1 -9 1 -9 1 -9 0 -9 0 -9 0 -8 0 -8 -1 -8 -1 -8 -1 -8 -1 -7 -1 -7 -1 -7 -1 -7 -2 -7 -2 -6 -2 -6 -2 -6 -3 -6 -3 0 0 0 0 0 0 0 0 0 0 ]
CSI_DATA,AP,10:B4:1D:CC:60:E0,-18,11,1,7,1,1,1,1,0,0,1,-94,0,6,2,15201917,0,68,0,0,14.9113,384,[0 0 0 0 0 0 0 0 0 0 0 0 11 1 11 0 10 1 10 0 10 0 10 0 10 0 10 0 10 0 9 0 9 0 9 0 9 -1 9 -1 9 -1 9 -2 9 -1 9 -1 9 -2 8 -2 9 -2 8 -2 9 -2 9 -2 9 -3 9 -3 0 0 9 -3 9 -3 8 -2 9 -2 9 -2 8 -2 9 -2 8 -1 8 -2 8 -1 8 -1 8 -1 8 -1 7 0 7 0 7 0 7 0 7 0 6 0 6 1 6 1 6 1 5 1 5 1 5 2 4 2 0 0 0 0 0 0 0 0 0 0 ]
CSI_DATA,AP,10:B4:1D:CC:60:E0,-18,11,1,7,1,1,1,1,0,0,1,-94,0,6,2,15291816,0,68,0,0,15.0012,384,[0 0 0 0 0 0 0 0 0 0 0 0 -6 -10 -6 -10 -6 -10 -6 -10 -6 -10 -6 -9 -6 -9 -6 -9 -6 -9 -7 -9 -7 -8 -7 -8 -7 -8 -7 -8 -7 -7 -7 -7 -7 -7 -7 -7 -7 -7 -7 -7 -7 -7 -7 -7 -8 -6 -8 -6 -8 -6 -8 -6 0 0 -8 -7 -7 -7 -8 -7 -8 -6 -7 -7 -7 -7 -7 -7 -7 -7 -7 -7 -7 -7 -7 -7 -6 -7 -6 -7 -5 -7 -5 -7 -5 -6 -4 -7 -5 -6 -4 -6 -4 -6 -3 -6 -3 -6 -3 -6 -2 -6 -2 -6 -2 -6 0 0 0 0 0 0 0 0 0 0 ]
CSI_DATA,AP,10:B4:1D:CC:60:E0,-18,11,1,7,1,1,1,1,0,0,1,-94,0,6,2,15381954,0,68,0,0,15.0914,384,[0 0 0 0 0 0 0 0 0 0 0 0 7 8 6 8 7 8 7 8 6 7 7 7 6 7 6 7 7 7 6 6 7 6 7 6 7 6 7 5 7 5 7 5 7 5 7 5 7 5 7 5 7 4 7 4 7 4 7 4 8 4 8 4 0 0 8 4 8 4 8 4 7 4 7 4 7 5 7 5 7 5 6 5 6 5 7 5 6 5 6 5 5 5 5 5 5 4 5 5 4 5 4 4 4 4 3 5 3 5 3 5 2 4 2 4 2 4 0 0 0 0 0 0 0 0 0 0 ]
CSI_DATA,AP,10:B4:1D:CC:60:E0,-19,11,1,7,1,1,1,1,0,0,1,-94,0,6,2,15471895,0,68,0,0,15.1813,384,[0 0 0 0 0 0 0 0 0 0 0 0 -6 -11 -6 -10 -6 -11 -5 -10 -6 -10 -6 -10 -6 -10 -6 -10 -6 -9 -6 -9 -6 -9 -6 -9 -6 -9 -6 -8 -6 -8 -7 -8 -6 -8 -7 -8 -7 -8 -7 -8 -7 -7 -7 -8 -7 -7 -7 -7 -7 -7 -7 -7 0 0 -7 -7 -7 -8 -7 -8 -7 -7 -7 -8 -7 -8 -6 -8 -6 -8 -6 -8 -6 -8 -6 -8 -5 -8 -5 -8 -5 -8 -4 -8 -4 -7 -4 -7 -4 -7 -3 -7 -3 -7 -3 -7 -2 -7 -2 -7 -2 -6 -2 -6 -1 -6 0 0 0 0 0 0 0 0 0 0 ]
CSI_DATA,AP,10:B4:1D:CC:60:E0,-19,11,1,7,1,1,1,1,0,0,1,-94,0,6,2,15562886,0,68,0,0,15.2723,384,[0 0 0 0 0 0 0 0 0 0 0 0 1 -12 1 -12 1 -12 1 -11 1 -12 1 -11 0 -11 1 -11 0 -11 0 -11 0 -10 0 -10 -1 -10 -1 -10 -1 -10 -1 -10 -1 -10 -2 -10 -2 -10 -2 -10 -2 -10 -2 -10 -2 -10 -2 -10 -2 -10 -2 -10 0 0 -2 -10 -2 -10 -2 -10 -2 -10 -2 -10 -1 -10 -1 -10 -1 -10 -1 -10 0 -9 0 -9 0 -9 0 -9 1 -9 1 -8 1 -8 1 -8 1 -7 1 -7 1 -7 2 -7 2 -7 2 -6 2 -6 2 -6 2 -5 0 0 0 0 0 0 0 0 0 0 ]
CSI_DATA,AP,10:B4:1D:CC:60:E0,-18,11,1,7,1,1,1,1,0,0,1,-94,0,6,2,15651850,0,68,0,0,15.3613,384,[0 0 0 0 0 0 0 0 0 0 0 0 -1 10 -1 10 -1 11 -1 10 -1 10 -1 10 0 10 0 10 0 9 0 9 0 9 1 9 1 9 1 9 1 9 1 9 1 8 2 9 2 8 2 9 2 8 2 8 2 8 3 8 2 8 3 8 0 0 2 8 2 9 3 9 2 8 2 8 2 9 2 8 1 8 1 8 1 8 1 8 1 8 1 7 0 7 0 7 0 7 0 7 0 6 -1 6 -1 6 -1 6 -1 6 -1 6 -2 5 -2 5 -2 4 0 0 0 0 0 0 0 0 0 0 ]
CSI_DATA,AP,10:B4:1D:CC:60:E0,-18,11,1,7,1,1,1,1,0,0,1,-94,0,6,2,15742021,0,68,0,0,15.4514,384,[0 0 0 0 0 0 0 0 0 0 0 0 -12 0 -12 0 -12 0 -11 0 -11 0 -11 0 -11 0 -11 0 -10 1 -10 1 -10 1 -10 1 -10 1 -10 2 -10 2 -10 2 -10 2 -10 2 -9 2 -9 2 -9 2 -9 3 -10 3 -9 3 -9 3 -9 3 0 0 -10 3 -10 3 -9 3 -10 3 -9 3 -9 2 -9 2 -10 2 -9 1 -9 1 -9 1 -9 1 -9 1 -8 0 -8 0 -8 0 -8 0 -7 0 -7 -1 -7 -1 -7 -1 -7 -1 -7 -1 -6 -1 -6 -2 -6 -2 0 0 0 0 0 0 0 0 0 0 ]
CSI_DATA,AP,10:B4:1D:CC:60:E0,-18,11,1,7,1,1,1,1,0,0,1,-94,0,6,2,15832042,0,68,0,0,15.5414,384,[0 0 0 0 0 0 0 0 0 0 0 0 -12 -3 -12 -3 -11 -2 -11 -2 -11 -2 -11 -2 -11 -2 -11 -2 -10 -2 -10 -1 -10 -1 -10 -1 -10 -1 -10 0 -10 0 -10 0 -10 0 -10 0 -10 1 -10 1 -10 1 -10 1 -9 1 -10 1 -10 1 -10 1 0 0 -10 1 -10 1 -10 1 -10 1 -10 1 -10 1 -10 0 -10 0 -10 0 -9 0 -10 0 -9 -1 -9 -1 -9 -1 -8 -1 -8 -1 -8 -1 -8 -2 -7 -2 -7 -2 -7 -2 -7 -3 -7 -2 -6 -3 -6 -3 -6 -3 0 0 0 0 0 0 0 0 0 0 ]
CSI_DATA,AP,10:B4:1D:CC:60:E0,-18,11,1,7,1,1,1,1,0,0,1,-94,0,6,2,15921824,0,68,0,0,15.6312,384,[0 0 0 0 0 0 0 0 0 0 0 0 -2 -12 -2 -12 -2 -11 -2 -11 -2 -11 -2 -11 -2 -11 -3 -10 -3 -10 -3 -10 -3 -10 -3 -10 -3 -10 -4 -9 -4 -10 -4 -9 -4 -9 -4 -9 -4 -9 -4 -9 -4 -9 -4 -9 -5 -9 -5 -9 -5 -9 -5 -9 0 0 -5 -9 -5 -9 -5 -9 -5 -9 -4 -9 -4 -9 -4 -10 -4 -9 -3 -9 -3 -9 -3 -9 -2 -9 -2 -9 -2 -9 -2 -8 -2 -8 -1 -8 -1 -8 -1 -7 -1 -7 0 -7 0 -7 0 -7 0 -7 1 -6 1 -6 0 0 0 0 0 0 0 0 0 0 ]
CSI_DATA,AP,10:B4:1D:CC:60:E0,-18,11,1,7,1,1,1,1,0,0,1,-94,0,6,2,16011776,0,68,0,0,15.7212,384,[0 0 0 0 0 0 0 0 0 0 0 0 3 10 3 10 4 10 3 9 4 10 3 9 4 9 4 9 4 8 4 8 4 8 4 8 4 8 5 8 5 7 5 7 5 7 5 7 5 7 5 7 5 7 6 7 6 7 6 7 6 7 6 6 0 0 6 6 6 7 6 6 6 7 6 7 5 7 5 7 5 7 5 7 5 7 4 7 4 7 4 7 3 7 3 7 3 6 3 7 2 6 2 6 2 6 2 6 1 6 1 6 1 5 0 5 0 5 0 0 0 0 0 0 0 0 0 0 ]
CSI_DATA,AP,10:B4:1D:CC:60:E0,-17,11,1,7,1,1,1,1,0,0,1,-94,0,6,2,16101766,0,68,0,0,15.8112,384,[0 0 0 0 0 0 0 0 0 0 0 0 -11 3 -11 3 -11 3 -10 3 -10 3 -10 3 -10 3 -10 3 -10 3 -9 4 -9 4 -9 4 -9 4 -8 4 -9 4 -8 4 -8 4 -8 5 -8 5 -8 5 -8 5 -8 5 -8 5 -8 6 -8 5 -8 5 0 0 -8 5 -8 5 -8 5 -8 5 -8 5 -8 5 -8 5 -8 4 -8 4 -8 4 -8 4 -8 3 -8 3 -8 3 -8 2 -7 2 -8 2 -7 2 -7 1 -7 1 -7 1 -7 1 -7 1 -7 0 -6 0 -6 -1 0 0 0 0 0 0 0 0 0 0 ]
CSI_DATA,AP,10:B4:1D:CC:60:E0,-18,11,1,7,1,1,1,1,0,0,1,-94,0,6,2,16193409,0,68,0,0,15.9028,384,[0 0 0 0 0 0 0 0 0 0 0 0 2 10 2 10 2 10 2 10 2 10 2 10 2 9 2 9 2 9 2 9 3 9 3 9 3 8 3 8 3 8 3 8 3 8 4 8 4 8 4 8 4 8 4 8 4 8 4 8 5 8 4 7 0 0 4 8 4 8 4 8 4 8 4 8 4 8 3 8 3 8 3 8 3 8 3 8 2 8 2 8 2 8 2 7 1 7 1 7 1 6 0 6 0 6 0 6 -1 7 -1 6 -1 6 -1 6 -1 5 0 0 0 0 0 0 0 0 0 0 ]
CSI_DATA,AP,10:B4:1D:CC:60:E0,-18,11,1,7,1,1,1,1,0,0,1,-94,0,6,2,16281716,0,68,0,0,15.9911,384,[0 0 0 0 0 0 0 0 0 0 0 0 0 10 0 10 1 10 0 10 0 10 0 9 1 10 1 9 1 9 1 9 1 9 1 9 1 9 2 8 2 8 2 8 2 8 2 8 3 8 3 8 3 8 3 8 3 8 3 8 3 8 3 8 0 0 3 8 3 9 3 8 3 8 3 8 2 8 2 8 2 8 2 8 1 8 1 8 1 8 0 8 0 7 0 7 0 7 0 7 0 7 -1 6 -1 6 -1 6 -1 6 -2 6 -2 6 -2 5 -2 5 0 0 0 0 0 0 0 0 0 0 ]
CSI_DATA,AP,10:B4:1D:CC:60:E0,-17,11,1,7,1,1,1,1,0,0,1,-94,0,6,2,16371724,0,68,0,0,16.0811,384,[0 0 0 0 0 0 0 0 0 0 0 0 -12 -2 -12 -2 -12 -2 -11 -2 -11 -1 -11 -1 -11 -1 -11 -1 -11 -1 -10 -1 -10 0 -10 0 -10 0 -10 0 -10 1 -10 1 -10 1 -10 1 -10 1 -10 1 -10 2 -10 2 -10 2 -10 2 -10 2 -10 2 0 0 -10 2 -10 2 -10 2 -10 2 -10 2 -10 1 -10 1 -10 1 -10 1 -10 1 -10 1 -9 0 -9 0 -9 0 -9 0 -9 -1 -8 -1 -8 -1 -8 -1 -8 -1 -7 -2 -7 -2 -7 -2 -7 -2 -7 -2 -6 -3 0 0 0 0 0 0 0 0 0 0 ]
CSI_DATA,AP,10:B4:1D:CC:60:E0,-17,11,1,7,1,1,1,1,0,0,1,-94,0,6,2,16461748,0,68,0,0,16.1712,384,[0 0 0 0 0 0 0 0 0 0 0 0 -6 -10 -6 -11 -6 -10 -6 -10 -6 -10 -6 -10 -6 -10 -6 -10 -6 -9 -6 -9 -6 -8 -7 -8 -7 -8 -7 -8 -7 -8 -7 -8 -7 -7 -7 -7 -7 -7 -7 -8 -7 -7 -7 -7 -8 -7 -8 -7 -8 -7 -8 -7 0 0 -8 -7 -8 -7 -8 -7 -8 -7 -7 -8 -7 -8 -7 -8 -7 -8 -7 -8 -6 -8 -7 -8 -6 -8 -6 -8 -5 -8 -5 -8 -5 -7 -4 -8 -4 -7 -4 -7 -4 -7 -3 -7 -2 -7 -3 -7 -2 -7 -2 -7 -1 -7 0 0 0 0 0 0 0 0 0 0 ]
CSI_DATA,AP,10:B4:1D:CC:60:E0,-17,11,1,7,1,1,1,1,0,0,1,-94,0,6,2,16551728,0,68,0,0,16.2611,384,[0 0 0 0 0 0 0 0 0 0 0 0 11 -2 11 -1 10 -2 10 -2 10 -1 10 -2 10 -2 10 -2 10 -2 9 -2 9 -3 9 -3 9 -3 9 -3 9 -3 9 -3 8 -3 8 -3 8 -4 8 -4 8 -4 8 -4 8 -4 8 -5 8 -5 8 -5 0 0 9 -4 8 -5 8 -5 8 -5 8 -5 8 -4 9 -4 8 -4 8 -3 8 -3 8 -3 8 -3 8 -3 8 -2 7 -2 7 -2 7 -1 7 -1 7 -1 7 -1 6 0 6 0 6 0 6 0 5 0 5 1 0 0 0 0 0 0 0 0 0 0 ]
CSI_DATA,AP,10:B4:1D:CC:60:E0,-18,11,1,7,1,1,1,1,0,0,1,-94,0,6,2,16641749,0,68,0,0,16.3512,384,[0 0 0 0 0 0 0 0 0 0 0 0 6 9 6 8 6 9 6 8 6 8 6 8 6 8 6 8 6 7 6 7 6 7 6 6 6 6 6 6 7 6 7 6 7 5 7 5 7 5 7 5 7 5 7 5 7 5 7 5 8 5 8 5 0 0 8 5 8 5 8 5 8 5 7 5 7 5 7 6 7 6 7 6 6 5 6 6 6 6 6 6 5 6 5 6 5 5 4 6 4 5 4 5 3 5 3 5 3 5 3 5 2 5 2 5 1 5 0 0 0 0 0 0 0 0 0 0 ]
CSI_DATA,AP,10:B4:1D:CC:60:E0,-18,11,1,7,1,1,1,1,0,0,1,-94,0,6,2,16732048,0,68,0,0,16.4414,384,[0 0 0 0 0 0 0 0 0 0 0 0 9 -7 9 -6 9 -7 9 -7 9 -7 8 -7 8 -7 8 -7 8 -7 8 -7 7 -7 7 -7 7 -7 7 -7 6 -7 6 -7 6 -7 6 -8 6 -8 6 -8 6 -8 6 -8 6 -8 5 -8 5 -8 5 -8 0 0 6 -8 6 -8 5 -8 6 -8 6 -8 6 -8 6 -8 6 -7 6 -7 6 -7 6 -6 6 -6 6 -6 6 -6 6 -5 6 -5 6 -5 6 -4 6 -4 6 -4 6 -3 6 -3 6 -3 5 -3 5 -2 5 -2 0 0 0 0 0 0 0 0 0 0 ]
CSI_DATA,AP,10:B4:1D:CC:60:E0,-18,11,1,7,1,1,1,1,0,0,1,-94,0,6,2,16821845,0,68,0,0,16.5312,384,[0 0 0 0 0 0 0 0 0 0 0 0 -4 11 -4 10 -3 11 -3 10 -3 10 -3 10 -3 10 -3 10 -3 10 -2 9 -3 9 -2 9 -2 9 -2 9 -2 9 -1 9 -1 9 -1 9 -1 9 -1 9 -1 9 -1 9 -1 9 0 9 0 9 0 9 0 0 -1 9 -1 9 -1 10 -1 9 -1 10 -1 9 -2 9 -2 9 -2 9 -2 8 -2 8 -2 8 -3 8 -3 7 -3 7 -3 7 -3 7 -3 6 -3 6 -4 6 -4 5 -4 5 -4 5 -4 5 -4 4 -4 4 0 0 0 0 0 0 0 0 0 0 ]
CSI_DATA,AP,10:B4:1D:CC:60:E0,-18,11,1,7,1,1,1,1,0,0,1,-94,0,6,2,16911905,0,68,0,0,16.6213,384,[0 0 0 0 0 0 0 0 0 0 0 0 -12 0 -12 0 -12 1 -12 1 -12 1 -11 1 -11 1 -11 0 -11 1 -11 1 -11 1 -10 1 -11 2 -10 2 -10 2 -10 2 -10 3 -10 3 -9 3 -9 3 -9 3 -10 3 -9 4 -10 4 -9 4 -10 4 0 0 -10 4 -10 4 -10 4 -10 4 -10 3 -10 3 -10 3 -10 3 -10 2 -10 2 -10 2 -9 2 -9 1 -9 1 -9 1 -9 1 -8 1 -8 1 -8 0 -8 0 -8 -1 -7 -1 -7 -1 -7 -1 -7 -2 -7 -2 0 0 0 0 0 0 0 0 0 0 ]
CSI_DATA,AP,10:B4:1D:CC:60:E0,-18,11,1,7,1,1,1,1,0,0,1,-94,0,6,2,17001896,0,68,0,0,16.7113,384,[0 0 0 0 0 0 0 0 0 0 0 0 11 1 11 1 11 1 10 1 10 1 10 1 10 1 10 1 10 1 9 0 10 0 9 0 9 0 9 -1 9 -1 9 -1 9 -1 9 -1 9 -1 9 -1 9 -1 9 -1 9 -2 9 -2 9 -2 9 -2 0 0 9 -2 9 -2 9 -2 9 -2 9 -1 9 -1 9 -1 9 0 9 0 9 0 8 0 8 0 8 0 8 1 7 1 7 1 7 1 7 1 6 1 6 2 6 2 6 2 5 2 5 2 5 2 4 3 0 0 0 0 0 0 0 0 0 0 ]
CSI_DATA,AP,10:B4:1D:CC:60:E0,-18,11,1,7,1,1,1,1,0,0,1,-94,0,6,2,17091881,0,68,0,0,16.8013,384,[0 0 0 0 0 0 0 0 0 0 0 0 -10 -7 -10 -6 -10 -7 -10 -6 -10 -6 -10 -6 -9 -6 -9 -6 -9 -5 -9 -5 -9 -5 -9 -5 -9 -5 -9 -4 -9 -4 -9 -4 -9 -4 -9 -4 -9 -3 -10 -3 -9 -3 -10 -3 -10 -3 -10 -3 -10 -3 -10 -3 0 0 -10 -3 -10 -3 -9 -3 -10 -3 -10 -3 -10 -3 -9 -4 -9 -4 -9 -4 -9 -4 -9 -4 -8 -4 -8 -5 -8 -5 -8 -5 -7 -4 -7 -5 -6 -5 -6 -5 -6 -5 -6 -5 -5 -5 -5 -5 -5 -5 -4 -5 -4 -5 0 0 0 0 0 0 0 0 0 0 ]

