--- Warning: GDB cannot open serial ports accessed as COMx
--- Using \\.\COM5 instead...
--- esp-idf-monitor 1.9.0 on \\.\COM5 115200
--- Quit: Ctrl+] | Menu: Ctrl+T | Help: Ctrl+T followed by Ctrl+H
Executing action: monitor
Running idf_monitor in directory C:\ESP32-CSI-Tool\active_ap
Executing "C:\Espressif\python_env\idf5.5_py3.11_env\Scripts\python.exe C:\Espressif\frameworks\esp-idf-v5.5.4-3\tools/idf_monitor.py -p COM5 -b 115200 --toolchain-prefix xtensa-esp32s3-elf- --target esp32s3 --revision 0 C:\ESP32-CSI-Tool\active_ap\build\active-ap.elf C:\ESP32-CSI-Tool\active_ap\build\bootloader\bootloader.elf --force-color -m 'C:\Espressif\python_env\idf5.5_py3.11_env\Scripts\python.exe' 'C:\Espressif\frameworks\esp-idf-v5.5.4-3\tools\idf.py' '-p' 'COM5'"...
2,11,1,7,1,1,1,1,0,0,1,-93,0,6,2,314443604,0,68,0,0,314.153,384,[0ESP-ROM:esp32s3-20210327
Build:Mar 27 2021
rst:0x1 (POWERON),boot:0x8 (SPI_FAST_FLASH_BOOT)
SPIWP:0xee
mode:DIO, clock div:1
load:0x3fce2820,len:0x14f0
load:0x403c8700,len:0xd24
--- 0x403c8700: _stext at ??:?
load:0x403cb700,len:0x2ef0
entry 0x403c8924
--- 0x403c8924: call_start_cpu0 at C:/Espressif/frameworks/esp-idf-v5.5.4-3/components/bootloader/subproject/main/bootloader_start.c:27
I (24) boot: ESP-IDF v5.5.4 2nd stage bootloader
I (25) boot: compile time Jun 25 2026 19:04:14
I (25) boot: Multicore bootloader
I (25) boot: chip revision: v0.2
I (28) boot: efuse block revision: v1.3
I (31) boot.esp32s3: Boot SPI Speed : 80MHz
I (35) boot.esp32s3: SPI Mode       : DIO
I (39) boot.esp32s3: SPI Flash Size : 2MB
I (43) boot: Enabling RNG early entropy source...
I (47) boot: Partition Table:
I (50) boot: ## Label            Usage          Type ST Offset   Length
I (56) boot:  0 nvs              WiFi data        01 02 00009000 00006000
I (63) boot:  1 phy_init         RF data          01 01 0000f000 00001000
I (69) boot:  2 factory          factory app      00 00 00010000 00100000
I (76) boot: End of partition table
I (79) esp_image: segment 0: paddr=00010020 vaddr=3c0c0020 size=1e414h (123924) map
I (108) esp_image: segment 1: paddr=0002e43c vaddr=3fc9a400 size=01bdch (  7132) load
I (110) esp_image: segment 2: paddr=00030020 vaddr=42000020 size=b082ch (722988) map
I (239) esp_image: segment 3: paddr=000e0854 vaddr=3fc9bfdc size=03320h ( 13088) load
I (242) esp_image: segment 4: paddr=000e3b7c vaddr=40374000 size=1631ch ( 90908) load
I (263) esp_image: segment 5: paddr=000f9ea0 vaddr=50000000 size=00020h (    32) load
I (272) boot: Loaded app from partition at offset 0x10000
I (272) boot: Disabling RNG early entropy source...
I (282) cpu_start: Multicore app
I (291) cpu_start: GPIO 44 and 43 are used as console UART I/O pins
I (292) cpu_start: Pro cpu start user code
I (292) cpu_start: cpu freq: 160000000 Hz
I (293) app_init: Application information:
I (297) app_init: Project name:     active-ap
I (301) app_init: App version:      cce5b1a-dirty
I (305) app_init: Compile time:     Jul  2 2026 19:28:44
I (311) app_init: ELF file SHA256:  509764614...
I (315) app_init: ESP-IDF:          v5.5.4
I (319) efuse_init: Min chip rev:     v0.0
I (322) efuse_init: Max chip rev:     v0.99 
I (326) efuse_init: Chip rev:         v0.2
I (330) heap_init: Initializing. RAM available for dynamic allocation:
I (337) heap_init: At 3FCA4190 len 00045580 (277 KiB): RAM
I (342) heap_init: At 3FCE9710 len 00005724 (21 KiB): RAM
I (347) heap_init: At 3FCF0000 len 00008000 (32 KiB): DRAM
I (352) heap_init: At 600FE000 len 00001FE8 (7 KiB): RTCRAM
I (359) spi_flash: detected chip: generic
I (361) spi_flash: flash io: dio
W (364) spi_flash: Detected size(16384k) larger than the size in the binary image header(2048k). Using the size in the binary image header.
I (377) sleep_gpio: Configure to isolate all GPIO pins in sleep state
I (383) sleep_gpio: Enable automatic switching of GPIO sleep configuration
I (390) main_task: Started on CPU0
I (410) main_task: Calling app_main()








-----------------------
ESP32 CSI Tool Settings
-----------------------
PROJECT_NAME: ACTIVE_AP
CONFIG_ESPTOOLPY_MONITOR_BAUD: 115200
CONFIG_ESP_CONSOLE_UART_BAUDRATE: 115200
IDF_VER: v5.5.4
-----------------------
WIFI_CHANNEL: 6
ESP_WIFI_SSID: testopen
ESP_WIFI_PASSWORD: 
SHOULD_COLLECT_CSI: 1
SHOULD_COLLECT_ONLY_LLTF: 1
SEND_CSI_TO_SERIAL: 1
SEND_CSI_TO_SD: 0
-----------------------








I (460) pp: pp rom version: e7ae62f
I (460) net80211: net80211 rom version: e7ae62f
I (470) wifi:wifi driver task: 3fca9000, prio:23, stack:6656, core=0
I (470) wifi:wifi firmware version: 0947e8b
I (470) wifi:wifi certification version: v7.0
I (470) wifi:config NVS flash: enabled
I (470) wifi:config nano formatting: disabled
I (480) wifi:Init data frame dynamic rx buffer num: 32
I (480) wifi:Init static rx mgmt buffer num: 5
I (490) wifi:Init management short buffer num: 32
I (490) wifi:Init dynamic tx buffer num: 32
I (500) wifi:Init static tx FG buffer num: 2
I (500) wifi:Init static rx buffer size: 2212
I (500) wifi:Init static rx buffer num: 10
I (510) wifi:Init dynamic rx buffer num: 32
I (510) wifi_init: rx ba win: 6
I (510) wifi_init: accept mbox: 6
I (520) wifi_init: tcpip mbox: 32
I (520) wifi_init: udp mbox: 6
I (520) wifi_init: tcp mbox: 6
I (530) wifi_init: tcp tx win: 5760
I (530) wifi_init: tcp rx win: 5760
I (530) wifi_init: tcp mss: 1440
I (540) wifi_init: WiFi IRAM OP enabled
I (540) wifi_init: WiFi RX IRAM OP enabled
W (550) wifi:Affected by the ESP-NOW encrypt num, set the max connection num to 10
I (550) phy_init: phy_version 711,97bcf0a2,Aug 25 2025,19:04:10
I (610) wifi:mode : softAP (10:b4:1d:cc:60:ad)
I (610) wifi:Total power save buffer number: 16
I (610) wifi:Init max length of beacon: 752/752
I (610) wifi:Init max length of beacon: 752/752
I (620) wifi:Set ps type: 0, coexist: 0
I (620) esp_netif_lwip: DHCP server started on interface WIFI_AP_DEF with IP: 192.168.4.1

I (630) Active CSI collection (AP): softap_init finished. SSID:testopen password:
type,role,mac,rssi,rate,sig_mode,mcs,bandwidth,smoothing,not_sounding,aggregation,stbc,fec_coding,sgi,noise_floor,ampdu_cnt,channel,secondary_channel,local_timestamp,ant,sig_len,rx_state,real_time_set,real_timestamp,len,CSI_DATA
I (660) main_task: Returned from app_main()
I (3100) wifi:new:<6,2>, old:<6,2>, ap:<6,2>, sta:<255,255>, prof:6, snd_ch_cfg:0x0
I (3100) wifi:station: 10:b4:1d:cc:60:e0 join, AID=1, bgn, 40D
I (3100) Active CSI collection (AP): station join, AID=1
CSI_DATA,AP,00:00:00:00:00:00,-16,11,0,0,0,0,0,0,0,0,0,-93,0,6,2,3101151,0,14,0,0,2.81193,128,[0 0 0 0 0 0 0 0 0 0 0 0 -2 -16 -3 -15 -3 -15 -3 -15 -3 -14 -3 -14 -4 -14 -4 -14 -4 -14 -4 -13 -4 -13 -4 -13 -5 -13 -5 -13 -5 -12 -6 -12 -6 -12 -6 -12 -6 -12 -7 -11 -7 -12 -7 -12 -7 -11 -7 -12 -8 -12 -8 -12 0 0 -8 -12 -8 -12 -7 -12 -7 -12 -7 -12 -7 -12 -7 -13 -7 -12 -6 -12 -6 -12 -5 -12 -5 -12 -4 -12 -4 -12 -4 -11 -3 -11 -3 -11 -3 -11 -3 -10 -2 -10 -2 -10 -2 -10 -1 -10 -1 -9 0 -9 0 -9 0 0 0 0 0 0 0 0 0 0 ]
CSI_DATA,AP,10:B4:1D:CC:60:E0,-16,11,0,0,0,0,0,0,0,0,0,-93,0,6,2,3124537,0,374,0,0,2.85864,128,[0 0 0 0 0 0 0 0 0 0 0 0 -14 -8 -14 -8 -14 -8 -14 -7 -14 -7 -13 -7 -13 -7 -13 -7 -13 -6 -13 -6 -13 -6 -13 -5 -13 -5 -13 -5 -13 -4 -13 -4 -13 -4 -13 -3 -13 -3 -14 -3 -13 -3 -13 -2 -14 -3 -14 -2 -14 -2 -14 -2 0 0 -14 -2 -14 -2 -14 -3 -14 -3 -14 -3 -14 -4 -14 -3 -13 -4 -13 -4 -13 -4 -13 -4 -12 -4 -12 -5 -12 -5 -11 -5 -11 -5 -10 -5 -10 -6 -10 -6 -9 -6 -9 -6 -9 -6 -8 -6 -7 -6 -7 -6 -6 -7 0 0 0 0 0 0 0 0 0 0 ]
CSI_DATA,AP,00:00:00:00:00:00,-16,11,0,0,0,0,0,0,0,0,0,-93,0,6,2,3199768,0,14,0,0,2.9092,128,[0 0 0 0 0 0 0 0 0 0 0 0 -11 -13 -11 -12 -11 -12 -10 -11 -11 -12 -10 -10 -11 -11 -11 -10 -11 -10 -11 -10 -11 -10 -11 -9 -11 -9 -11 -9 -11 -8 -12 -8 -11 -7 -12 -8 -12 -7 -12 -7 -12 -7 -12 -7 -13 -7 -13 -6 -13 -7 -12 -7 0 0 -13 -6 -13 -7 -13 -7 -13 -7 -12 -7 -13 -7 -12 -8 -12 -8 -12 -8 -12 -8 -11 -8 -10 -8 -10 -8 -10 -8 -9 -8 -9 -8 -9 -8 -8 -8 -8 -8 -7 -8 -7 -8 -7 -8 -6 -8 -6 -8 -5 -8 -4 -8 0 0 0 0 0 0 0 0 0 0 ]
CSI_DATA,AP,10:B4:1D:CC:60:E0,-16,11,0,0,0,0,0,0,0,0,0,-93,0,6,2,3201314,0,374,0,0,2.94648,128,[0 0 0 0 0 0 0 0 0 0 0 0 12 -9 12 -9 12 -9 11 -9 11 -9 10 -9 10 -10 10 -9 10 -9 9 -9 9 -10 9 -10 9 -10 9 -10 8 -10 8 -11 7 -10 7 -11 7 -11 7 -11 7 -11 7 -12 6 -12 6 -12 7 -12 7 -12 0 0 6 -12 7 -12 6 -12 7 -12 7 -12 7 -12 7 -12 8 -11 7 -11 8 -11 8 -10 8 -10 8 -9 7 -9 8 -9 7 -8 8 -8 7 -7 8 -7 8 -6 7 -6 7 -6 8 -5 8 -5 7 -4 7 -4 0 0 0 0 0 0 0 0 0 0 ]
I (3280) esp_netif_lwip: DHCP server assigned IP to a client, IP is: 192.168.4.2
CSI_DATA,AP,00:00:00:00:00:00,-16,11,0,0,0,0,0,0,0,0,0,-93,0,6,2,3280948,0,14,0,0,2.99049,128,[0 0 0 0 0 0 0 0 0 0 0 0 -16 2 -16 3 -15 3 -15 3 -15 3 -15 3 -14 3 -14 4 -14 4 -14 4 -14 4 -14 4 -13 4 -13 5 -13 5 -12 5 -13 5 -12 6 -12 6 -12 6 -12 6 -12 6 -12 6 -12 6 -12 7 -12 7 0 0 -13 6 -13 7 -12 6 -13 6 -13 6 -13 6 -13 6 -13 5 -13 5 -13 4 -13 4 -13 4 -12 3 -12 3 -12 2 -12 2 -11 2 -11 1 -11 1 -11 1 -11 0 -10 0 -10 0 -10 -1 -9 -1 -9 -2 0 0 0 0 0 0 0 0 0 0 ]
CSI_DATA,AP,10:B4:1D:CC:60:E0,-16,11,0,0,0,0,0,0,0,0,0,-93,0,6,2,3281855,0,66,0,0,3.03222,128,[0 0 0 0 0 0 0 0 0 0 0 0 -9 13 -9 13 -9 13 -8 12 -8 12 -8 12 -8 12 -7 12 -7 12 -6 12 -6 12 -6 12 -6 12 -6 12 -5 12 -5 12 -5 12 -4 12 -4 12 -4 12 -4 12 -4 12 -3 13 -3 12 -3 13 -3 13 0 0 -3 13 -4 13 -4 13 -4 13 -4 13 -4 13 -4 13 -5 12 -5 12 -5 12 -5 12 -5 11 -6 11 -6 11 -6 10 -6 9 -6 9 -6 8 -6 8 -6 8 -7 7 -7 7 -7 7 -7 6 -7 6 -7 5 0 0 0 0 0 0 0 0 0 0 ]
CSI_DATA,AP,10:B4:1D:CC:60:E0,-16,11,0,0,0,0,0,0,0,0,0,-93,0,6,2,3302872,0,66,0,0,3.0707,128,[0 0 0 0 0 0 0 0 0 0 0 0 15 -1 14 -1 15 -1 14 -1 14 -2 13 -2 14 -2 13 -2 13 -3 13 -3 13 -3 13 -3 12 -3 12 -4 12 -4 12 -4 12 -4 12 -5 12 -5 12 -5 12 -6 11 -6 12 -6 11 -6 12 -6 12 -6 0 0 12 -6 12 -6 12 -6 12 -6 12 -5 12 -5 12 -5 12 -4 12 -4 12 -4 12 -4 12 -3 12 -3 11 -3 11 -2 10 -2 10 -2 10 -1 10 -1 10 -1 9 -1 9 0 9 0 8 1 8 1 8 1 0 0 0 0 0 0 0 0 0 0 ]
CSI_DATA,AP,10:B4:1D:CC:60:E0,-16,11,0,0,0,0,0,0,0,0,0,-93,0,6,2,3773036,0,66,0,0,3.48251,128,[0 0 0 0 0 0 0 0 0 0 0 0 1 15 1 15 1 15 1 15 1 14 2 14 2 14 2 13 2 13 2 13 2 13 3 13 3 13 3 13 4 12 4 12 4 12 4 12 4 12 4 12 5 12 5 12 5 11 5 12 6 12 6 12 0 0 6 12 6 12 5 12 5 12 5 12 5 12 4 13 4 12 4 13 4 12 3 12 3 12 3 12 2 12 2 11 1 11 1 11 1 10 0 10 0 10 0 10 -1 9 -1 9 -1 9 -2 9 -2 8 0 0 0 0 0 0 0 0 0 0 ]
CSI_DATA,AP,10:B4:1D:CC:60:E0,-16,11,0,0,0,0,0,0,0,0,0,-93,0,6,2,4303169,0,66,0,0,4.01263,128,[0 0 0 0 0 0 0 0 0 0 0 0 2 -16 2 -15 2 -16 2 -15 1 -15 1 -14 1 -14 0 -14 0 -14 0 -14 0 -14 -1 -14 -1 -13 -1 -14 -1 -13 -2 -14 -2 -13 -2 -14 -3 -13 -3 -13 -3 -13 -3 -13 -3 -13 -4 -13 -4 -13 -4 -13 0 0 -4 -14 -4 -14 -3 -13 -4 -14 -3 -14 -3 -14 -3 -14 -2 -14 -2 -14 -2 -14 -1 -13 -1 -13 -1 -13 0 -12 -1 -12 0 -11 0 -12 1 -11 1 -10 1 -11 1 -10 1 -10 2 -10 2 -9 3 -9 3 -8 0 0 0 0 0 0 0 0 0 0 ]
CSI_DATA,AP,10:B4:1D:CC:60:E0,-16,11,0,0,0,0,0,0,0,0,0,-93,0,6,2,4699313,0,66,0,0,4.40879,128,[0 0 0 0 0 0 0 0 0 0 0 0 10 12 10 11 11 11 10 10 10 10 10 10 10 9 11 9 10 9 10 9 10 9 10 8 11 8 10 8 10 7 11 7 11 7 11 7 11 6 11 6 12 6 12 6 12 6 12 6 12 6 12 6 0 0 12 6 12 6 12 6 12 7 12 7 12 7 12 7 11 7 11 8 11 8 10 8 9 8 9 8 9 8 8 8 8 8 7 8 7 8 7 8 6 8 6 8 5 8 5 8 4 8 3 8 3 8 0 0 0 0 0 0 0 0 0 0 ]
CSI_DATA,AP,00:00:00:00:00:00,-16,11,0,0,0,0,0,0,0,0,0,-93,0,6,2,4726676,0,14,0,0,4.43611,128,[0 0 0 0 0 0 0 0 0 0 0 0 -4 15 -5 14 -4 15 -4 14 -4 14 -3 14 -3 13 -3 14 -2 13 -2 13 -2 13 -2 13 -2 13 -1 13 -1 13 0 13 0 13 0 13 0 13 1 13 1 13 1 13 1 13 1 13 1 13 1 13 0 0 1 13 2 13 1 13 1 13 1 13 1 13 0 13 0 13 0 13 0 13 -1 12 -1 12 -1 12 -1 11 -2 11 -2 11 -2 10 -2 10 -3 10 -3 9 -3 9 -3 9 -4 8 -4 8 -4 8 -5 7 0 0 0 0 0 0 0 0 0 0 ]
CSI_DATA,AP,00:00:00:00:00:00,-18,9,0,0,0,0,0,0,0,0,0,-93,0,6,2,4726870,0,14,0,0,4.47179,128,[0 0 0 0 0 0 0 0 0 0 0 0 3 16 3 15 3 15 3 14 3 15 3 14 3 14 4 14 4 13 4 13 4 13 5 13 5 12 5 12 5 12 6 12 6 11 6 11 6 11 6 11 7 11 7 11 7 11 8 11 7 11 7 11 0 0 7 11 8 11 7 11 8 12 7 12 7 12 7 12 6 12 6 12 6 12 5 11 5 11 5 11 4 11 4 11 3 11 3 11 3 10 2 10 2 10 1 10 1 9 1 9 0 9 0 9 -1 8 0 0 0 0 0 0 0 0 0 0 ]
CSI_DATA,AP,10:B4:1D:CC:60:E0,-16,11,0,0,0,0,0,0,0,0,0,-93,0,6,2,4727167,0,37,0,0,4.50622,128,[0 0 0 0 0 0 0 0 0 0 0 0 -15 -6 -15 -6 -15 -5 -15 -5 -15 -5 -15 -5 -14 -4 -14 -4 -14 -4 -14 -3 -14 -4 -14 -3 -14 -3 -14 -2 -14 -2 -13 -2 -14 -1 -13 -1 -14 -1 -14 -1 -14 0 -14 0 -14 0 -14 0 -14 0 -14 0 0 0 -14 0 -14 0 -14 0 -15 0 -15 0 -14 -1 -14 -1 -14 -1 -14 -2 -14 -2 -13 -3 -13 -3 -12 -3 -12 -3 -12 -3 -12 -3 -11 -4 -11 -4 -10 -4 -10 -4 -10 -4 -9 -5 -9 -5 -8 -5 -8 -6 -8 -6 0 0 0 0 0 0 0 0 0 0 ]
CSI_DATA,AP,10:B4:1D:CC:60:E0,-16,11,0,0,0,0,0,0,0,0,0,-93,0,6,2,4728663,0,37,0,0,4.54908,128,[0 0 0 0 0 0 0 0 0 0 0 0 10 11 11 11 10 11 11 11 10 10 11 10 10 9 11 9 11 9 10 8 11 8 11 8 11 8 11 7 11 7 11 6 11 6 11 6 12 6 12 5 12 5 12 5 12 5 12 5 12 5 13 5 0 0 13 5 12 5 13 6 12 6 13 6 12 6 12 6 12 6 12 7 11 7 11 7 10 7 10 7 10 7 8 7 9 7 8 7 8 7 8 7 7 7 6 7 6 7 5 7 5 7 4 7 4 7 0 0 0 0 0 0 0 0 0 0 ]
CSI_DATA,AP,10:B4:1D:CC:60:E0,-22,11,1,7,1,1,1,0,0,0,1,-93,0,6,2,4728890,0,68,0,0,4.58383,384,[0 0 0 0 0 0 0 0 0 0 0 0 -9 -8 -9 -7 -9 -7 -9 -7 -9 -7 -9 -7 -9 -6 -9 -6 -9 -6 -9 -6 -9 -5 -9 -5 -9 -5 -9 -4 -9 -4 -9 -4 -9 -4 -9 -4 -10 -4 -10 -4 -10 -3 -10 -3 -10 -3 -10 -3 -10 -3 -10 -3 0 0 -10 -3 -10 -3 -10 -3 -10 -3 -10 -3 -10 -4 -10 -4 -10 -4 -10 -4 -9 -4 -9 -4 -9 -4 -8 -4 -8 -5 -8 -4 -8 -5 -7 -5 -7 -5 -7 -5 -7 -5 -6 -5 -6 -5 -6 -5 -5 -5 -5 -5 -4 -5 0 0 0 0 0 0 0 0 0 0 ]
CSI_DATA,AP,10:B4:1D:CC:60:E0,-22,11,1,7,1,1,1,0,0,0,1,-93,0,6,2,4798571,0,68,0,0,4.62506,384,[0 0 0 0 0 0 0 0 0 0 0 0 -11 -5 -10 -5 -11 -5 -10 -5 -10 -5 -10 -4 -10 -4 -10 -4 -10 -4 -10 -4 -10 -4 -10 -3 -10 -3 -10 -3 -10 -3 -10 -2 -9 -2 -10 -2 -10 -2 -10 -2 -10 -2 -10 -1 -10 -1 -10 -1 -10 -1 -10 -1 0 0 -10 -1 -11 -1 -10 -1 -11 -1 -10 -2 -10 -2 -10 -2 -10 -2 -10 -3 -10 -3 -10 -3 -9 -3 -9 -3 -9 -3 -9 -3 -8 -3 -8 -4 -7 -4 -7 -4 -7 -4 -7 -4 -6 -4 -6 -4 -6 -4 -5 -5 -5 -5 0 0 0 0 0 0 0 0 0 0 ]
CSI_DATA,AP,10:B4:1D:CC:60:E0,-22,11,1,7,1,1,1,0,0,0,1,-93,0,6,2,4888262,0,68,0,0,4.66794,384,[0 0 0 0 0 0 0 0 0 0 0 0 9 6 8 6 9 6 8 6 8 6 8 5 8 5 8 5 8 5 8 5 8 4 8 4 8 4 8 4 8 4 8 3 8 3 9 3 8 3 9 3 8 3 9 2 9 2 9 2 9 2 9 2 0 0 9 2 9 2 9 2 9 2 9 3 9 3 9 3 9 3 8 3 8 4 8 4 8 4 7 4 7 4 7 4 6 4 6 5 6 4 6 4 5 4 5 4 4 5 4 5 4 5 4 5 3 5 0 0 0 0 0 0 0 0 0 0 ]
CSI_DATA,AP,10:B4:1D:CC:60:E0,-22,11,1,7,1,1,1,0,0,0,1,-93,0,6,2,4978411,0,68,0,0,4.70058,384,[0 0 0 0 0 0 0 0 0 0 0 0 11 3 10 3 10 3 10 2 10 2 10 2 9 2 10 2 10 2 10 1 9 0 9 0 9 0 9 0 9 0 9 0 9 -1 9 -1 9 -1 9 -1 9 -1 9 -1 9 -2 9 -2 9 -2 9 -2 0 0 9 -2 10 -2 9 -2 10 -2 9 -2 10 -1 10 -1 9 -1 9 -1 9 0 9 -1 9 -1 9 0 8 0 8 0 8 1 8 1 7 1 7 1 7 1 7 1 6 2 6 2 6 2 6 2 5 3 0 0 0 0 0 0 0 0 0 0 ]
CSI_DATA,AP,00:00:00:00:00:00,-16,11,0,0,0,0,0,0,0,0,0,-93,0,6,2,4990951,0,14,0,0,4.73264,128,[0 0 0 0 0 0 0 0 0 0 0 0 1 -16 0 -16 0 -16 0 -15 -1 -16 0 -15 -1 -15 -1 -15 -2 -14 -1 -15 -1 -14 -2 -14 -2 -14 -3 -14 -3 -13 -3 -14 -4 -13 -4 -13 -4 -13 -4 -13 -5 -13 -5 -13 -5 -14 -5 -13 -5 -13 -5 -13 0 0 -5 -13 -6 -14 -5 -13 -5 -14 -4 -14 -5 -14 -4 -14 -4 -14 -4 -14 -4 -14 -3 -13 -2 -13 -2 -13 -2 -12 -2 -13 -1 -12 -1 -11 -1 -11 -1 -11 0 -11 0 -11 0 -10 1 -10 2 -9 2 -9 2 -9 0 0 0 0 0 0 0 0 0 0 ]
I (5070) wifi:<ba-add>idx:2 (ifx:1, 10:b4:1d:cc:60:e0), tid:0, ssn:0, winSize:64
CSI_DATA,AP,10:B4:1D:CC:60:E0,-22,11,1,7,1,1,1,1,0,0,1,-93,0,6,2,5068467,0,68,0,0,4.78276,384,[0 0 0 0 0 0 0 0 0 0 0 0 -12 0 -11 0 -11 0 -11 0 -11 0 -11 0 -11 0 -10 0 -10 0 -10 1 -10 1 -10 1 -10 1 -10 2 -10 2 -9 2 -9 2 -9 2 -9 3 -9 3 -9 3 -9 3 -9 3 -9 3 -9 3 -9 3 0 0 -10 3 -9 3 -10 3 -10 3 -10 3 -10 3 -10 3 -10 2 -10 2 -10 2 -9 2 -9 1 -9 1 -9 1 -9 1 -9 1 -8 0 -9 0 -8 0 -8 -1 -8 -1 -7 -1 -7 -1 -7 -1 -7 -2 -7 -2 0 0 0 0 0 0 0 0 0 0 ]
CSI_DATA,AP,10:B4:1D:CC:60:E0,-22,11,1,7,1,1,1,1,0,0,0,-93,0,6,2,5077225,0,68,0,0,4.8205,384,[0 0 0 0 0 0 0 0 0 0 0 0 -5 10 -4 10 -4 10 -4 10 -4 10 -4 10 -3 9 -3 9 -3 9 -3 9 -3 9 -3 9 -2 9 -2 9 -1 9 -2 9 -1 9 -1 9 -1 9 0 9 0 9 0 9 0 9 0 9 0 9 0 9 0 0 0 9 0 10 0 9 0 9 0 10 0 10 -1 9 -1 9 -1 9 -2 9 -2 9 -2 9 -2 8 -2 8 -2 8 -3 7 -3 8 -3 7 -3 6 -3 6 -3 6 -3 6 -4 6 -4 5 -4 5 -4 4 0 0 0 0 0 0 0 0 0 0 ]
CSI_DATA,AP,10:B4:1D:CC:60:E0,-22,11,1,7,1,1,1,1,0,0,1,-93,0,6,2,5158615,0,68,0,0,4.86802,384,[0 0 0 0 0 0 0 0 0 0 0 0 -6 9 -6 9 -5 9 -5 9 -5 9 -5 9 -5 9 -5 9 -4 9 -4 9 -4 9 -4 9 -4 9 -3 9 -3 9 -3 9 -3 8 -2 9 -2 9 -2 9 -2 9 -2 9 -2 9 -2 9 -1 9 -2 9 0 0 -2 9 -2 9 -2 9 -2 9 -2 9 -2 9 -3 9 -3 9 -3 9 -3 8 -3 8 -3 8 -3 8 -4 8 -4 7 -4 7 -4 7 -4 6 -4 6 -4 6 -4 5 -5 5 -5 5 -5 4 -5 4 -5 4 0 0 0 0 0 0 0 0 0 0 ]
CSI_DATA,AP,10:B4:1D:CC:60:E0,-22,11,1,7,1,1,1,1,0,0,1,-93,0,6,2,5248465,0,68,0,0,4.95786,384,[0 0 0 0 0 0 0 0 0 0 0 0 -11 2 -11 2 -11 2 -11 2 -10 2 -11 2 -10 2 -10 3 -10 3 -9 3 -9 3 -9 3 -9 3 -9 4 -9 4 -9 4 -9 4 -8 4 -8 5 -8 5 -8 5 -8 5 -8 5 -8 5 -8 5 -8 5 0 0 -9 5 -8 5 -8 5 -8 5 -8 5 -9 5 -9 5 -9 4 -9 4 -9 4 -9 4 -8 4 -8 3 -8 3 -8 3 -8 2 -8 2 -8 2 -8 1 -8 1 -7 1 -7 1 -7 1 -7 0 -7 0 -7 -1 0 0 0 0 0 0 0 0 0 0 ]
CSI_DATA,AP,10:B4:1D:CC:60:E0,-16,11,0,0,0,0,0,0,0,0,0,-93,0,6,2,5302978,0,66,0,0,5.01243,128,[0 0 0 0 0 0 0 0 0 0 0 0 7 -15 7 -14 7 -14 6 -14 6 -14 6 -14 6 -14 5 -13 5 -13 5 -13 4 -14 4 -13 4 -13 3 -13 3 -13 3 -14 2 -13 2 -14 2 -13 2 -13 2 -14 1 -13 1 -14 1 -14 1 -14 1 -14 0 0 1 -14 1 -15 1 -14 1 -15 2 -14 2 -15 2 -14 3 -14 2 -14 3 -14 3 -13 3 -13 3 -12 4 -12 3 -12 4 -11 4 -11 4 -11 4 -10 4 -10 4 -9 4 -9 5 -9 5 -8 5 -7 6 -7 0 0 0 0 0 0 0 0 0 0 ]
CSI_DATA,AP,10:B4:1D:CC:60:E0,-22,11,1,7,1,1,1,1,0,0,1,-93,0,6,2,5338567,0,68,0,0,5.04796,384,[0 0 0 0 0 0 0 0 0 0 0 0 3 10 3 9 4 10 4 9 4 9 4 9 4 9 4 8 4 8 4 8 4 8 4 8 5 7 5 7 5 7 5 7 5 7 6 7 5 7 6 7 6 7 6 6 6 6 6 6 6 6 6 6 0 0 6 7 6 7 6 7 6 7 6 7 6 7 6 7 5 7 5 7 5 7 5 7 5 7 4 7 4 7 4 7 3 7 3 7 3 6 2 6 2 6 2 6 1 6 1 6 1 6 1 6 0 6 0 0 0 0 0 0 0 0 0 0 ]
CSI_DATA,AP,10:B4:1D:CC:60:E0,-22,11,1,7,1,1,1,1,0,0,1,-93,0,6,2,5428565,0,68,0,0,5.13796,384,[0 0 0 0 0 0 0 0 0 0 0 0 8 7 7 7 8 7 7 7 8 7 8 6 8 6 8 6 8 6 8 6 8 5 8 5 8 5 8 4 8 4 8 4 8 4 8 4 8 3 8 3 8 3 8 3 9 3 9 3 9 3 9 2 0 0 9 3 9 3 9 3 9 3 9 3 9 3 9 3 8 4 8 4 8 4 8 4 8 4 7 4 7 4 7 4 6 4 6 4 6 4 6 4 5 4 5 4 4 4 4 5 4 5 4 5 3 5 0 0 0 0 0 0 0 0 0 0 ]
CSI_DATA,AP,10:B4:1D:CC:60:E0,-22,11,1,7,1,1,1,1,0,0,1,-93,0,6,2,5518464,0,68,0,0,5.22788,384,[0 0 0 0 0 0 0 0 0 0 0 0 5 -10 5 -10 5 -10 5 -10 5 -10 4 -10 4 -10 4 -10 4 -10 3 -10 3 -10 3 -10 3 -10 2 -10 2 -10 2 -10 2 -10 2 -10 1 -10 1 -10 1 -10 1 -10 1 -10 1 -10 1 -10 1 -10 0 0 1 -11 1 -10 1 -11 1 -10 1 -11 1 -11 1 -10 2 -10 2 -10 2 -10 2 -10 2 -10 3 -9 3 -9 3 -8 3 -8 3 -8 3 -8 3 -7 3 -7 3 -7 3 -7 4 -6 4 -6 4 -5 4 -5 0 0 0 0 0 0 0 0 0 0 ]
CSI_DATA,AP,10:B4:1D:CC:60:E0,-22,11,1,7,1,1,1,1,0,0,1,-93,0,6,2,5608636,0,68,0,0,5.31803,384,[0 0 0 0 0 0 0 0 0 0 0 0 6 9 6 8 6 8 6 8 6 8 6 8 6 8 6 7 6 7 7 7 7 6 7 6 7 6 7 6 7 6 7 6 7 5 7 5 8 5 8 5 7 5 8 5 8 4 8 4 8 4 8 4 0 0 8 5 8 5 8 5 8 5 8 5 8 5 8 6 7 6 7 6 7 5 7 6 6 6 6 6 6 6 5 6 5 6 5 5 5 5 4 6 4 6 4 5 3 6 3 5 2 5 2 5 2 5 0 0 0 0 0 0 0 0 0 0 ]
CSI_DATA,AP,10:B4:1D:CC:60:E0,-22,11,1,7,1,1,1,1,0,0,1,-93,0,6,2,5698515,0,68,0,0,5.40791,384,[0 0 0 0 0 0 0 0 0 0 0 0 7 8 7 8 7 8 7 7 7 7 7 7 7 7 7 6 7 6 7 6 7 6 7 5 7 5 8 5 8 5 8 4 8 4 8 4 8 4 8 4 8 4 8 4 8 3 9 3 9 3 9 3 0 0 9 3 9 3 9 4 9 3 9 4 9 4 9 4 8 4 8 4 8 4 8 4 7 5 7 5 7 5 7 5 6 5 6 5 6 5 5 5 5 5 5 5 4 5 4 5 3 5 3 5 3 5 0 0 0 0 0 0 0 0 0 0 ]
CSI_DATA,AP,10:B4:1D:CC:60:E0,-22,11,1,7,1,1,1,1,0,0,1,-93,0,6,2,5788456,0,68,0,0,5.49785,384,[0 0 0 0 0 0 0 0 0 0 0 0 2 -12 2 -11 2 -12 2 -11 2 -11 2 -11 1 -11 1 -11 1 -11 1 -11 1 -11 0 -10 0 -10 0 -10 0 -10 -1 -10 -1 -10 -1 -10 -1 -10 -1 -10 -1 -10 -2 -10 -2 -10 -2 -11 -2 -10 -2 -10 0 0 -2 -11 -2 -11 -2 -10 -2 -11 -2 -11 -1 -11 -1 -11 -1 -11 -1 -10 0 -10 0 -10 0 -10 0 -10 0 -9 1 -9 0 -9 1 -9 1 -8 1 -8 1 -8 2 -7 2 -7 2 -7 2 -7 2 -6 3 -6 0 0 0 0 0 0 0 0 0 0 ]
CSI_DATA,AP,10:B4:1D:CC:60:E0,-22,11,1,7,1,1,1,1,0,0,1,-93,0,6,2,5878421,0,68,0,0,5.58782,384,[0 0 0 0 0 0 0 0 0 0 0 0 -7 9 -7 8 -7 9 -7 8 -7 8 -7 8 -6 8 -6 8 -6 8 -6 8 -5 8 -5 8 -5 8 -5 8 -5 8 -4 8 -4 8 -4 8 -4 9 -4 9 -4 9 -3 9 -3 9 -3 9 -3 9 -3 9 0 0 -4 9 -3 9 -3 9 -4 9 -4 9 -4 9 -4 9 -4 9 -5 8 -5 8 -5 8 -5 8 -5 8 -5 7 -5 7 -5 6 -5 6 -5 6 -6 5 -5 5 -6 5 -6 5 -6 4 -6 4 -6 3 -6 3 0 0 0 0 0 0 0 0 0 0 ]
CSI_DATA,AP,10:B4:1D:CC:60:E0,-22,11,1,7,1,1,1,1,0,0,1,-93,0,6,2,5968553,0,68,0,0,5.67795,384,[0 0 0 0 0 0 0 0 0 0 0 0 10 3 10 3 10 3 10 2 10 2 10 2 10 2 10 2 9 2 9 1 9 1 9 1 9 0 9 0 9 0 9 0 9 0 9 -1 9 -1 9 -1 9 -1 9 -1 9 -1 9 -2 9 -2 10 -2 0 0 10 -2 9 -1 9 -2 9 -1 10 -1 10 -1 10 -1 9 -1 9 0 9 0 9 0 9 0 8 0 8 0 8 1 8 1 7 1 7 1 7 1 7 2 6 2 6 2 6 2 6 2 5 2 5 3 0 0 0 0 0 0 0 0 0 0 ]
CSI_DATA,AP,10:B4:1D:CC:60:E0,-22,11,1,7,1,1,1,1,0,0,1,-93,0,6,2,6058443,0,68,0,0,5.76784,384,[0 0 0 0 0 0 0 0 0 0 0 0 10 4 10 4 10 4 9 4 10 4 9 3 9 3 9 3 9 3 9 3 9 2 9 2 9 2 9 2 9 2 9 1 9 1 9 1 9 1 9 0 9 1 9 0 9 0 9 0 9 0 9 0 0 0 10 0 10 0 9 0 10 0 10 1 10 1 9 1 9 1 9 1 9 2 9 2 8 2 8 2 8 2 8 2 7 2 7 3 7 3 7 3 6 3 6 3 5 3 5 3 5 3 5 4 4 4 0 0 0 0 0 0 0 0 0 0 ]
CSI_DATA,AP,10:B4:1D:CC:60:E0,-22,11,1,7,1,1,1,1,0,0,1,-93,0,6,2,6149810,0,68,0,0,5.85921,384,[0 0 0 0 0 0 0 0 0 0 0 0 2 -11 2 -11 2 -11 2 -11 2 -11 2 -11 1 -11 1 -10 1 -10 1 -10 1 -10 0 -10 0 -10 0 -10 0 -10 -1 -10 -1 -10 -1 -10 -2 -10 -2 -10 -2 -10 -2 -10 -2 -10 -2 -10 -2 -10 -2 -10 0 0 -2 -10 -2 -11 -2 -10 -2 -11 -2 -11 -2 -11 -1 -10 -1 -10 -1 -10 -1 -10 0 -10 -1 -10 0 -10 0 -9 0 -9 0 -8 1 -9 1 -8 1 -8 1 -8 1 -7 2 -7 2 -7 2 -7 2 -6 2 -6 0 0 0 0 0 0 0 0 0 0 ]
CSI_DATA,AP,10:B4:1D:CC:60:E0,-22,11,1,7,1,1,1,1,0,0,1,-93,0,6,2,6238323,0,68,0,0,5.94771,384,[0 0 0 0 0 0 0 0 0 0 0 0 -10 -7 -9 -7 -9 -7 -9 -7 -9 -7 -9 -7 -9 -6 -9 -6 -9 -6 -9 -6 -9 -5 -9 -5 -9 -5 -9 -5 -9 -5 -9 -4 -9 -4 -9 -4 -10 -4 -10 -4 -10 -4 -10 -4 -10 -3 -10 -3 -10 -3 -10 -3 0 0 -10 -3 -10 -3 -10 -3 -10 -3 -10 -4 -10 -4 -10 -4 -9 -4 -10 -4 -9 -5 -9 -5 -9 -5 -8 -5 -8 -5 -8 -5 -8 -5 -7 -5 -7 -5 -7 -5 -6 -5 -6 -6 -6 -5 -5 -6 -5 -6 -5 -6 -4 -6 0 0 0 0 0 0 0 0 0 0 ]
CSI_DATA,AP,10:B4:1D:CC:60:E0,-16,11,0,0,0,0,0,0,0,0,0,-93,0,6,2,6303022,0,66,0,0,6.01249,128,[0 0 0 0 0 0 0 0 0 0 0 0 -8 -15 -8 -14 -8 -14 -8 -13 -8 -13 -8 -13 -8 -13 -8 -13 -8 -12 -8 -12 -8 -12 -8 -12 -9 -11 -9 -11 -9 -11 -10 -11 -9 -10 -10 -10 -10 -10 -10 -10 -10 -10 -11 -9 -11 -10 -11 -9 -11 -10 -11 -10 0 0 -11 -10 -11 -10 -11 -9 -11 -10 -10 -10 -11 -10 -10 -10 -10 -11 -10 -10 -9 -11 -9 -11 -8 -10 -8 -11 -7 -10 -7 -10 -7 -10 -6 -10 -6 -10 -5 -10 -5 -10 -5 -10 -5 -9 -4 -10 -3 -9 -3 -9 -2 -9 0 0 0 0 0 0 0 0 0 0 ]
CSI_DATA,AP,10:B4:1D:CC:60:E0,-22,11,1,7,1,1,1,1,0,0,1,-93,0,6,2,6328505,0,68,0,0,6.04868,384,[0 0 0 0 0 0 0 0 0 0 0 0 10 2 10 2 10 2 10 2 10 2 10 2 10 2 10 2 10 1 9 1 9 1 9 1 9 0 9 0 9 0 9 0 9 0 9 -1 9 -1 9 -1 9 -1 9 -1 9 -1 9 -2 9 -2 9 -2 0 0 10 -1 10 -1 10 -1 10 -1 10 -1 10 -1 10 0 9 0 9 0 9 0 9 0 9 0 9 1 8 1 8 1 8 1 7 2 7 2 7 2 7 2 6 2 6 2 6 2 5 3 5 3 5 3 0 0 0 0 0 0 0 0 0 0 ]
CSI_DATA,AP,10:B4:1D:CC:60:E0,-22,11,1,7,1,1,1,1,0,0,1,-93,0,6,2,6418424,0,68,0,0,6.12782,384,[0 0 0 0 0 0 0 0 0 0 0 0 3 -11 3 -11 3 -11 3 -11 2 -11 2 -10 2 -10 2 -10 2 -10 2 -10 1 -10 1 -10 1 -10 1 -10 0 -10 0 -10 0 -10 0 -10 0 -10 0 -10 -1 -10 -1 -10 -1 -10 -1 -10 -1 -10 -1 -10 0 0 -1 -10 -1 -11 -1 -10 -1 -11 -1 -11 0 -11 0 -11 0 -10 0 -10 0 -10 0 -10 1 -10 1 -9 1 -9 1 -9 1 -8 2 -9 2 -8 2 -8 2 -7 2 -7 2 -7 3 -7 3 -6 3 -6 3 -5 0 0 0 0 0 0 0 0 0 0 ]
CSI_DATA,AP,10:B4:1D:CC:60:E0,-22,11,1,7,1,1,1,1,0,0,1,-93,0,6,2,6508470,0,68,0,0,6.21787,384,[0 0 0 0 0 0 0 0 0 0 0 0 9 -7 9 -7 9 -7 8 -7 8 -7 8 -7 8 -7 7 -7 7 -7 7 -7 7 -7 7 -7 6 -8 6 -8 6 -8 6 -8 6 -8 5 -8 5 -8 5 -9 5 -9 5 -9 5 -9 5 -9 4 -9 5 -9 0 0 5 -9 4 -9 4 -9 5 -9 5 -9 5 -9 5 -9 5 -9 5 -8 5 -8 6 -8 5 -8 6 -7 5 -7 6 -7 5 -6 5 -6 5 -6 5 -6 5 -5 5 -5 5 -5 5 -4 5 -4 5 -3 5 -3 0 0 0 0 0 0 0 0 0 0 ]
CSI_DATA,AP,10:B4:1D:CC:60:E0,-22,11,1,7,1,1,1,1,0,0,1,-93,0,6,2,6598400,0,68,0,0,6.30779,384,[0 0 0 0 0 0 0 0 0 0 0 0 -2 -12 -3 -12 -3 -11 -3 -11 -3 -11 -3 -11 -3 -11 -3 -10 -3 -10 -3 -10 -3 -10 -4 -10 -4 -10 -4 -10 -4 -10 -5 -9 -5 -9 -5 -9 -5 -9 -5 -9 -5 -9 -6 -9 -6 -9 -6 -9 -6 -9 -6 -9 0 0 -6 -9 -6 -9 -6 -9 -6 -9 -6 -10 -6 -9 -5 -9 -5 -9 -5 -9 -4 -9 -4 -9 -4 -9 -4 -9 -3 -9 -3 -8 -3 -8 -3 -8 -3 -8 -2 -8 -2 -8 -2 -8 -1 -8 -1 -8 -1 -7 0 -7 0 -7 0 0 0 0 0 0 0 0 0 0 ]
CSI_DATA,AP,10:B4:1D:CC:60:E0,-22,11,1,7,1,1,1,1,0,0,1,-93,0,6,2,6688659,0,68,0,0,6.39805,384,[0 0 0 0 0 0 0 0 0 0 0 0 -3 -12 -3 -11 -3 -11 -3 -11 -3 -11 -3 -11 -4 -11 -4 -10 -4 -10 -4 -10 -4 -10 -4 -9 -5 -9 -5 -9 -5 -9 -5 -9 -5 -9 -6 -9 -6 -9 -6 -9 -6 -9 -6 -9 -6 -8 -6 -8 -6 -9 -6 -8 0 0 -7 -9 -7 -9 -7 -9 -7 -9 -6 -9 -6 -9 -6 -9 -6 -9 -5 -9 -5 -9 -5 -9 -5 -9 -4 -9 -4 -9 -4 -8 -4 -8 -3 -8 -3 -8 -3 -8 -2 -8 -2 -8 -2 -8 -1 -8 -1 -7 -1 -7 -1 -7 0 0 0 0 0 0 0 0 0 0 ]
CSI_DATA,AP,10:B4:1D:CC:60:E0,-22,11,1,7,1,1,1,1,0,0,1,-93,0,6,2,6778621,0,68,0,0,6.48802,384,[0 0 0 0 0 0 0 0 0 0 0 0 -7 9 -7 9 -7 9 -6 9 -6 9 -6 8 -6 8 -6 8 -6 8 -5 8 -5 9 -5 8 -4 9 -4 9 -4 9 -4 9 -4 8 -3 9 -3 9 -3 9 -3 9 -3 9 -3 9 -2 9 -2 9 -2 9 0 0 -3 9 -2 10 -2 9 -3 9 -3 9 -3 9 -3 9 -3 9 -3 9 -4 9 -3 9 -3 8 -4 8 -4 8 -4 7 -4 7 -4 7 -4 6 -4 6 -5 6 -5 5 -5 5 -5 5 -5 5 -5 4 -5 4 0 0 0 0 0 0 0 0 0 0 ]
CSI_DATA,AP,10:B4:1D:CC:60:E0,-22,11,1,7,1,1,1,1,0,0,1,-93,0,6,2,6868561,0,68,0,0,6.57796,384,[0 0 0 0 0 0 0 0 0 0 0 0 1 11 1 10 2 10 2 10 2 10 2 10 2 9 2 9 2 9 2 9 3 9 3 9 3 9 3 8 3 8 3 8 4 8 4 8 4 8 4 8 4 8 4 8 5 8 5 8 5 8 5 8 0 0 5 8 5 8 5 8 5 8 5 8 5 8 4 9 4 8 4 8 3 8 4 8 3 8 3 8 2 8 2 7 2 8 2 7 1 7 1 7 1 7 1 7 0 7 0 6 0 6 -1 6 -1 6 0 0 0 0 0 0 0 0 0 0 ]
CSI_DATA,AP,10:B4:1D:CC:60:E0,-22,11,1,7,1,1,1,1,0,0,1,-93,0,6,2,6959456,0,68,0,0,6.66885,384,[0 0 0 0 0 0 0 0 0 0 0 0 -10 -7 -10 -7 -10 -7 -10 -6 -10 -6 -10 -6 -10 -6 -9 -6 -10 -5 -9 -5 -10 -5 -9 -5 -9 -5 -10 -4 -9 -4 -10 -4 -9 -3 -10 -3 -10 -3 -10 -3 -10 -3 -10 -3 -10 -3 -10 -3 -10 -3 -10 -2 0 0 -10 -3 -10 -3 -10 -3 -11 -3 -10 -3 -10 -3 -10 -3 -10 -4 -10 -4 -10 -4 -9 -4 -9 -4 -9 -4 -8 -4 -8 -4 -8 -4 -8 -5 -7 -5 -7 -5 -7 -5 -6 -5 -6 -5 -6 -5 -5 -5 -5 -5 -4 -5 0 0 0 0 0 0 0 0 0 0 ]
CSI_DATA,AP,10:B4:1D:CC:60:E0,-22,11,1,7,1,1,1,1,0,0,1,-93,0,6,2,7048467,0,68,0,0,6.75786,384,[0 0 0 0 0 0 0 0 0 0 0 0 -11 -4 -11 -4 -11 -4 -11 -4 -11 -4 -11 -3 -10 -3 -10 -3 -10 -3 -10 -2 -10 -2 -10 -2 -10 -2 -10 -1 -10 -1 -10 -1 -10 -1 -10 -1 -10 0 -10 0 -10 0 -10 0 -10 0 -10 1 -10 0 -10 1 0 0 -11 0 -10 0 -11 0 -11 0 -11 0 -11 -1 -11 -1 -10 -1 -10 -1 -10 -1 -10 -1 -10 -1 -10 -2 -10 -2 -9 -2 -9 -2 -8 -2 -8 -3 -8 -3 -8 -3 -8 -3 -7 -3 -7 -3 -6 -3 -6 -4 -6 -4 0 0 0 0 0 0 0 0 0 0 ]
CSI_DATA,AP,10:B4:1D:CC:60:E0,-22,11,1,7,1,1,1,1,0,0,1,-93,0,6,2,7138504,0,68,0,0,6.8479,384,[0 0 0 0 0 0 0 0 0 0 0 0 -5 -11 -5 -11 -5 -11 -5 -10 -5 -10 -5 -10 -5 -10 -5 -10 -5 -9 -6 -9 -6 -9 -6 -9 -6 -9 -6 -8 -6 -8 -6 -8 -6 -8 -7 -7 -7 -8 -7 -8 -7 -8 -7 -8 -7 -7 -8 -8 -8 -7 -8 -7 0 0 -8 -8 -8 -8 -8 -8 -7 -8 -7 -8 -7 -8 -7 -8 -7 -8 -6 -8 -6 -8 -6 -8 -6 -8 -5 -8 -5 -8 -5 -8 -5 -8 -4 -8 -4 -8 -3 -7 -3 -7 -3 -7 -3 -7 -2 -7 -2 -7 -2 -7 -1 -7 0 0 0 0 0 0 0 0 0 0 ]
CSI_DATA,AP,10:B4:1D:CC:60:E0,-22,11,1,7,1,1,1,1,0,0,1,-93,0,6,2,7228519,0,68,0,0,6.93792,384,[0 0 0 0 0 0 0 0 0 0 0 0 9 -7 9 -7 9 -7 8 -7 8 -7 8 -7 8 -7 8 -7 7 -7 7 -7 7 -7 7 -7 6 -8 6 -8 6 -8 6 -8 6 -8 6 -8 5 -8 5 -8 5 -8 5 -8 5 -8 5 -9 5 -9 5 -9 0 0 5 -9 5 -9 5 -9 5 -9 6 -9 6 -9 6 -8 6 -8 6 -8 6 -7 6 -7 6 -7 6 -7 6 -6 6 -6 6 -5 6 -5 6 -5 6 -5 6 -4 6 -4 6 -4 6 -3 6 -3 6 -3 5 -2 0 0 0 0 0 0 0 0 0 0 ]
CSI_DATA,AP,10:B4:1D:CC:60:E0,-16,11,0,0,0,0,0,0,0,0,0,-93,0,6,2,7303027,0,66,0,0,7.01249,128,[0 0 0 0 0 0 0 0 0 0 0 0 -8 -15 -8 -14 -8 -14 -8 -13 -9 -14 -8 -13 -9 -13 -9 -13 -9 -12 -9 -12 -9 -12 -9 -11 -9 -11 -10 -11 -10 -10 -10 -10 -10 -10 -10 -10 -10 -10 -11 -9 -11 -10 -11 -9 -11 -9 -11 -9 -11 -10 -12 -9 0 0 -12 -9 -12 -9 -11 -9 -12 -10 -11 -10 -11 -10 -11 -10 -11 -10 -10 -10 -10 -11 -9 -10 -9 -11 -9 -10 -8 -10 -8 -10 -8 -10 -7 -10 -7 -10 -6 -10 -6 -9 -5 -10 -5 -9 -5 -10 -4 -9 -3 -9 -3 -9 0 0 0 0 0 0 0 0 0 0 ]
CSI_DATA,AP,10:B4:1D:CC:60:E0,-22,11,1,7,1,1,1,1,0,0,1,-93,0,6,2,7318426,0,68,0,0,7.04852,384,[0 0 0 0 0 0 0 0 0 0 0 0 -2 -12 -2 -12 -2 -11 -2 -11 -2 -11 -2 -11 -2 -11 -2 -10 -3 -11 -3 -10 -3 -10 -3 -10 -4 -10 -4 -10 -4 -10 -4 -9 -4 -9 -4 -9 -5 -9 -5 -9 -5 -9 -5 -9 -5 -9 -6 -9 -6 -9 -6 -9 0 0 -5 -9 -6 -9 -5 -9 -5 -9 -5 -9 -5 -10 -5 -10 -4 -10 -4 -9 -4 -9 -4 -9 -4 -9 -3 -9 -3 -9 -3 -9 -2 -9 -2 -9 -2 -8 -2 -8 -1 -8 -1 -8 -1 -8 -1 -8 0 -7 0 -7 0 -7 0 0 0 0 0 0 0 0 0 0 ]
CSI_DATA,AP,10:B4:1D:CC:60:E0,-22,11,1,7,1,1,1,1,0,0,1,-93,0,6,2,7408499,0,68,0,0,7.1179,384,[0 0 0 0 0 0 0 0 0 0 0 0 -12 -2 -12 -2 -11 -2 -11 -2 -11 -2 -11 -1 -11 -1 -11 -1 -11 -1 -10 -1 -11 0 -10 0 -10 0 -10 0 -10 0 -10 1 -10 1 -10 1 -10 1 -10 1 -10 1 -10 1 -10 2 -10 2 -10 2 -10 2 0 0 -11 2 -10 2 -10 2 -10 2 -10 2 -10 1 -11 1 -10 1 -10 0 -10 0 -10 0 -10 0 -9 0 -9 -1 -9 -1 -9 -1 -9 -1 -8 -2 -8 -2 -8 -2 -8 -2 -7 -2 -7 -2 -7 -3 -7 -3 -6 -3 0 0 0 0 0 0 0 0 0 0 ]
CSI_DATA,AP,10:B4:1D:CC:60:E0,-22,11,1,7,1,1,1,1,0,0,1,-93,0,6,2,7498489,0,68,0,0,7.20789,384,[0 0 0 0 0 0 0 0 0 0 0 0 6 -10 6 -10 6 -10 5 -10 5 -10 5 -10 5 -9 5 -9 5 -9 5 -10 4 -9 4 -9 3 -9 3 -10 3 -10 3 -10 2 -9 2 -10 2 -10 2 -10 2 -10 2 -10 2 -10 1 -10 1 -10 1 -10 0 0 2 -10 1 -11 1 -10 2 -11 2 -10 2 -10 2 -10 2 -10 2 -10 3 -10 2 -9 3 -9 3 -9 3 -8 3 -8 3 -8 3 -8 3 -7 4 -7 4 -7 4 -6 4 -6 4 -6 4 -5 4 -5 4 -5 0 0 0 0 0 0 0 0 0 0 ]
CSI_DATA,AP,10:B4:1D:CC:60:E0,-22,11,1,7,1,1,1,1,0,0,1,-93,0,6,2,7588524,0,68,0,0,7.29792,384,[0 0 0 0 0 0 0 0 0 0 0 0 9 -7 9 -7 9 -7 8 -7 8 -7 8 -7 8 -7 8 -7 7 -7 7 -7 7 -7 7 -7 6 -7 6 -7 6 -8 6 -8 6 -8 6 -8 5 -8 5 -8 5 -8 5 -8 5 -8 5 -9 5 -9 5 -9 0 0 5 -9 5 -9 5 -9 5 -9 5 -9 6 -9 6 -8 6 -8 6 -8 6 -8 6 -7 6 -7 6 -7 6 -6 6 -6 6 -6 6 -6 6 -5 6 -5 6 -4 6 -4 6 -4 6 -4 6 -3 6 -3 5 -2 0 0 0 0 0 0 0 0 0 0 ]
CSI_DATA,AP,10:B4:1D:CC:60:E0,-19,11,1,7,0,1,1,1,0,0,1,-93,0,6,2,7678475,0,68,0,0,7.38788,256,[0 0 0 0 0 0 0 0 0 0 0 0 -13 -11 -13 -10 -13 -10 -13 -10 -13 -10 -13 -9 -13 -9 -13 -8 -13 -8 -13 -8 -13 -8 -13 -7 -13 -7 -13 -6 -13 -6 -13 -6 -14 -5 -14 -5 -14 -5 -14 -5 -14 -4 -14 -4 -14 -4 -14 -4 -14 -4 -14 -4 0 0 -15 -4 -14 -4 -15 -4 -15 -4 -15 -4 -14 -4 -14 -5 -14 -5 -14 -5 -14 -6 -13 -6 -13 -6 -12 -6 -12 -6 -12 -6 -11 -6 -11 -6 -10 -7 -10 -7 -9 -7 -9 -7 -9 -7 -8 -7 -8 -7 -7 -7 -7 -7 0 0 0 0 0 0 0 0 0 0 ]
CSI_DATA,AP,10:B4:1D:CC:60:E0,-22,11,1,7,1,1,1,1,0,0,1,-93,0,6,2,7768468,0,68,0,0,7.47786,384,[0 0 0 0 0 0 0 0 0 0 0 0 -10 -7 -10 -7 -10 -6 -10 -6 -10 -6 -10 -6 -10 -6 -10 -5 -10 -5 -10 -5 -10 -5 -10 -4 -10 -4 -10 -4 -10 -4 -10 -3 -10 -3 -10 -3 -10 -3 -10 -3 -10 -2 -10 -2 -10 -2 -10 -2 -10 -2 -10 -2 0 0 -10 -2 -11 -2 -10 -2 -11 -2 -10 -2 -10 -3 -10 -3 -10 -3 -10 -3 -10 -3 -10 -3 -9 -4 -9 -4 -9 -4 -9 -4 -8 -4 -8 -4 -8 -4 -7 -4 -7 -4 -7 -4 -6 -5 -6 -5 -6 -5 -5 -5 -5 -5 0 0 0 0 0 0 0 0 0 0 ]
CSI_DATA,AP,10:B4:1D:CC:60:E0,-22,11,1,7,1,1,1,1,0,0,1,-93,0,6,2,7858727,0,68,0,0,7.56812,384,[0 0 0 0 0 0 0 0 0 0 0 0 -4 10 -4 10 -4 10 -4 9 -4 10 -3 9 -3 9 -3 9 -3 9 -3 9 -2 9 -2 9 -2 9 -1 9 -1 9 -1 9 -1 9 -1 9 0 9 0 9 0 9 0 9 0 9 0 9 0 9 0 9 0 0 0 9 0 10 0 9 0 10 0 9 0 10 -1 10 -1 9 -1 9 -1 9 -1 9 -1 9 -2 8 -2 8 -2 8 -2 7 -2 8 -2 7 -3 7 -3 6 -3 6 -3 6 -3 6 -3 6 -3 5 -4 5 0 0 0 0 0 0 0 0 0 0 ]
CSI_DATA,AP,10:B4:1D:CC:60:E0,-22,11,1,7,1,1,1,1,0,0,1,-93,0,6,2,7948512,0,68,0,0,7.65791,384,[0 0 0 0 0 0 0 0 0 0 0 0 3 -11 3 -11 3 -11 2 -11 2 -11 2 -11 2 -11 2 -10 1 -10 1 -11 1 -10 1 -10 1 -10 0 -10 0 -10 0 -10 0 -10 0 -10 -1 -10 -1 -10 -1 -10 -1 -10 -1 -10 -1 -10 -1 -11 -1 -10 0 0 -1 -11 -1 -11 -1 -11 -1 -11 -1 -11 -1 -11 0 -11 0 -11 0 -10 0 -10 0 -10 0 -10 1 -10 1 -9 1 -9 1 -8 2 -9 2 -8 2 -8 2 -7 2 -7 3 -7 3 -7 3 -6 3 -6 3 -6 0 0 0 0 0 0 0 0 0 0 ]
CSI_DATA,AP,10:B4:1D:CC:60:E0,-22,11,1,7,1,1,1,1,0,0,1,-93,0,6,2,8038476,0,68,0,0,7.74787,384,[0 0 0 0 0 0 0 0 0 0 0 0 5 10 4 9 4 10 5 9 4 9 5 9 5 9 4 9 5 8 5 8 5 8 5 8 5 7 6 7 6 7 6 7 6 6 6 7 6 6 6 6 6 6 7 6 7 6 7 6 7 6 7 6 0 0 7 6 7 6 7 6 7 6 7 6 7 7 6 7 6 7 6 7 6 7 6 7 5 7 5 7 4 7 5 7 4 6 4 7 3 6 3 6 3 6 2 6 2 6 2 6 2 6 1 6 1 6 0 0 0 0 0 0 0 0 0 0 ]
CSI_DATA,AP,10:B4:1D:CC:60:E0,-22,11,1,7,1,1,1,1,0,0,1,-93,0,6,2,8128503,0,68,0,0,7.8379,384,[0 0 0 0 0 0 0 0 0 0 0 0 3 10 3 10 3 10 3 9 4 9 3 9 3 9 4 9 4 8 4 9 4 8 4 8 4 8 4 8 5 7 5 7 5 7 5 7 5 7 5 7 5 7 6 7 6 7 6 7 6 7 6 6 0 0 6 7 6 7 6 7 6 7 6 7 6 7 5 7 5 8 5 7 5 8 5 7 4 7 4 7 3 7 3 7 3 7 3 7 3 7 2 6 2 6 2 7 1 6 1 6 0 6 0 6 0 6 0 0 0 0 0 0 0 0 0 0 ]
CSI_DATA,AP,10:B4:1D:CC:60:E0,-22,11,1,7,1,1,1,1,0,0,1,-93,0,6,2,8218500,0,68,0,0,7.9279,384,[0 0 0 0 0 0 0 0 0 0 0 0 -4 10 -4 10 -4 10 -4 10 -4 9 -4 9 -3 9 -3 9 -3 9 -3 9 -2 9 -2 9 -2 9 -2 9 -2 9 -1 9 -1 9 -1 9 -1 9 -1 9 -1 9 -1 9 0 9 0 9 0 9 0 9 0 0 0 9 0 9 -1 9 -1 9 -1 10 -1 10 -1 9 -1 9 -2 9 -2 9 -2 8 -2 9 -2 8 -3 8 -3 7 -3 7 -3 7 -3 7 -3 6 -3 6 -4 6 -4 6 -4 6 -4 5 -4 5 -4 4 0 0 0 0 0 0 0 0 0 0 ]
CSI_DATA,AP,10:B4:1D:CC:60:E0,-22,11,1,7,1,1,1,1,0,0,1,-93,0,6,2,8308462,0,68,0,0,8.01786,384,[0 0 0 0 0 0 0 0 0 0 0 0 -9 -8 -9 -8 -9 -7 -9 -7 -9 -7 -9 -7 -9 -7 -9 -7 -9 -6 -9 -6 -9 -6 -9 -5 -9 -5 -9 -5 -9 -5 -9 -4 -9 -4 -9 -4 -10 -4 -10 -4 -10 -4 -10 -4 -10 -3 -10 -3 -10 -3 -10 -3 0 0 -10 -3 -10 -3 -10 -3 -10 -3 -10 -4 -10 -4 -10 -4 -10 -4 -10 -4 -9 -4 -9 -4 -9 -5 -9 -5 -8 -5 -8 -5 -8 -5 -7 -5 -7 -5 -7 -5 -6 -5 -6 -5 -6 -6 -5 -5 -5 -5 -5 -5 -4 -6 0 0 0 0 0 0 0 0 0 0 ]
CSI_DATA,AP,10:B4:1D:CC:60:E0,-22,11,1,7,1,1,1,1,0,0,1,-93,0,6,2,8398436,0,68,0,0,8.10783,384,[0 0 0 0 0 0 0 0 0 0 0 0 1 -12 0 -11 0 -11 0 -11 0 -11 0 -11 0 -11 0 -11 0 -10 -1 -10 -1 -10 -1 -10 -1 -10 -2 -10 -2 -10 -2 -10 -2 -10 -2 -10 -2 -10 -3 -10 -3 -10 -3 -10 -3 -10 -3 -10 -3 -10 -3 -10 0 0 -3 -10 -3 -10 -3 -10 -3 -10 -3 -10 -3 -10 -3 -10 -2 -10 -2 -10 -2 -10 -2 -10 -1 -10 -1 -10 -1 -9 0 -9 0 -9 0 -9 0 -8 0 -8 0 -8 1 -7 1 -7 1 -7 1 -7 2 -7 2 -6 0 0 0 0 0 0 0 0 0 0 ]
CSI_DATA,AP,10:B4:1D:CC:60:E0,-22,11,1,7,1,1,1,1,0,0,1,-93,0,6,2,8488335,0,68,0,0,8.19774,384,[0 0 0 0 0 0 0 0 0 0 0 0 0 11 0 11 0 11 0 10 1 10 1 10 1 10 1 10 1 9 1 9 2 9 2 9 2 9 2 9 3 9 3 9 3 8 3 8 3 9 4 8 3 8 4 8 4 8 4 8 4 8 4 8 0 0 4 8 4 9 4 9 4 8 4 9 4 9 3 9 3 9 3 9 3 9 3 8 2 9 2 8 2 8 2 8 1 8 1 8 1 7 1 7 0 7 0 7 0 7 -1 6 -1 6 -1 6 -2 6 0 0 0 0 0 0 0 0 0 0 ]
CSI_DATA,AP,10:B4:1D:CC:60:E0,-22,11,1,7,1,1,1,1,0,0,1,-93,0,6,2,8578436,0,68,0,0,8.28783,384,[0 0 0 0 0 0 0 0 0 0 0 0 -12 -2 -12 -2 -11 -2 -12 -2 -11 -2 -11 -1 -11 -1 -11 -1 -11 -1 -10 0 -11 0 -10 0 -10 0 -10 0 -10 1 -10 1 -10 1 -10 1 -10 1 -10 1 -10 1 -10 1 -10 2 -10 2 -10 2 -10 2 0 0 -11 2 -10 2 -11 2 -10 1 -11 1 -10 1 -10 1 -10 1 -10 0 -10 0 -10 0 -10 0 -10 -1 -10 -1 -9 -1 -9 -1 -8 -1 -8 -2 -8 -2 -8 -2 -8 -2 -7 -3 -7 -3 -7 -3 -6 -3 -6 -4 0 0 0 0 0 0 0 0 0 0 ]
CSI_DATA,AP,10:B4:1D:CC:60:E0,-22,11,1,7,1,1,1,1,0,0,1,-93,0,6,2,8668461,0,68,0,0,8.37786,384,[0 0 0 0 0 0 0 0 0 0 0 0 0 11 0 10 0 11 1 10 1 10 1 10 1 10 1 9 1 9 1 10 2 9 2 9 2 9 2 9 2 9 3 8 3 8 3 8 3 8 3 8 3 8 4 8 4 8 4 8 4 8 4 8 0 0 4 8 4 9 4 8 4 8 3 8 4 9 3 9 3 9 3 8 3 8 2 8 2 8 2 8 1 8 1 8 1 7 1 8 1 7 0 7 0 7 0 7 -1 7 -1 7 -1 6 -1 6 -2 5 0 0 0 0 0 0 0 0 0 0 ]
CSI_DATA,AP,10:B4:1D:CC:60:E0,-22,11,1,7,1,1,1,1,0,0,1,-93,0,6,2,8758541,0,68,0,0,8.46794,384,[0 0 0 0 0 0 0 0 0 0 0 0 -8 -9 -8 -9 -8 -9 -8 -9 -8 -8 -8 -8 -8 -8 -8 -8 -8 -8 -8 -7 -8 -7 -8 -7 -8 -6 -9 -6 -9 -6 -8 -6 -9 -6 -8 -5 -9 -5 -9 -6 -9 -5 -9 -5 -9 -5 -10 -5 -10 -5 -10 -5 0 0 -10 -5 -9 -5 -10 -5 -10 -5 -9 -6 -9 -6 -9 -6 -9 -6 -9 -6 -8 -6 -8 -6 -8 -6 -8 -6 -7 -6 -7 -6 -7 -6 -6 -6 -6 -6 -6 -6 -5 -6 -5 -6 -5 -6 -4 -6 -4 -6 -4 -6 -3 -6 0 0 0 0 0 0 0 0 0 0 ]
CSI_DATA,AP,10:B4:1D:CC:60:E0,-22,11,1,7,1,1,1,1,0,0,1,-93,0,6,2,8848539,0,68,0,0,8.55794,384,[0 0 0 0 0 0 0 0 0 0 0 0 -11 4 -11 4 -11 4 -10 4 -10 4 -10 4 -10 4 -10 4 -9 5 -9 4 -9 4 -9 4 -9 5 -8 5 -8 5 -8 5 -8 5 -8 6 -8 6 -8 6 -8 6 -7 6 -8 6 -8 6 -8 6 -8 6 0 0 -8 6 -8 7 -8 7 -8 6 -8 6 -8 6 -8 6 -8 6 -8 5 -9 5 -9 5 -8 4 -8 4 -8 4 -8 4 -8 3 -8 3 -8 3 -8 2 -7 2 -8 2 -7 2 -7 1 -7 1 -7 0 -7 0 0 0 0 0 0 0 0 0 0 0 ]
CSI_DATA,AP,10:B4:1D:CC:60:E0,-22,11,1,7,1,1,1,1,0,0,1,-93,0,6,2,8938660,0,68,0,0,8.64806,384,[0 0 0 0 0 0 0 0 0 0 0 0 -11 -5 -11 -5 -10 -5 -11 -4 -10 -4 -10 -4 -10 -4 -10 -4 -10 -4 -10 -3 -10 -3 -10 -3 -10 -3 -10 -2 -10 -3 -10 -2 -10 -2 -10 -2 -10 -2 -10 -1 -10 -1 -10 -1 -10 -1 -10 -1 -10 -1 -10 -1 0 0 -10 -1 -10 -1 -10 -1 -10 -1 -10 -1 -10 -2 -10 -2 -10 -2 -10 -2 -10 -2 -10 -2 -9 -3 -9 -3 -9 -3 -9 -3 -8 -3 -8 -4 -8 -4 -8 -4 -7 -4 -7 -4 -6 -4 -6 -4 -6 -4 -6 -5 -5 -5 0 0 0 0 0 0 0 0 0 0 ]
CSI_DATA,AP,10:B4:1D:CC:60:E0,-22,11,1,7,1,1,1,1,0,0,1,-93,0,6,2,9028495,0,68,0,0,8.73789,384,[0 0 0 0 0 0 0 0 0 0 0 0 -3 10 -3 10 -3 10 -3 10 -3 10 -2 10 -2 10 -2 9 -1 9 -1 10 -1 9 -1 9 -1 9 -1 9 0 9 0 9 0 9 0 9 1 9 1 9 1 9 1 9 1 9 1 9 1 9 1 9 0 0 1 9 1 10 1 9 1 9 1 9 1 10 1 9 0 9 0 9 0 9 0 9 -1 9 -1 9 -1 8 -1 8 -1 7 -2 8 -2 7 -2 7 -2 6 -2 6 -3 6 -3 6 -3 6 -3 5 -3 5 0 0 0 0 0 0 0 0 0 0 ]
CSI_DATA,AP,10:B4:1D:CC:60:E0,-22,11,1,7,1,1,1,1,0,0,1,-93,0,6,2,9119087,0,68,0,0,8.82848,384,[0 0 0 0 0 0 0 0 0 0 0 0 1 -12 1 -12 1 -12 0 -11 0 -11 0 -11 0 -11 0 -11 0 -11 -1 -11 -1 -10 -1 -10 -1 -10 -2 -10 -2 -10 -2 -10 -2 -10 -2 -10 -3 -10 -2 -10 -3 -10 -3 -10 -3 -10 -3 -10 -3 -10 -3 -10 0 0 -3 -10 -3 -10 -3 -10 -3 -10 -3 -10 -3 -11 -2 -11 -2 -10 -2 -10 -1 -10 -2 -10 -1 -10 -1 -10 -1 -10 0 -9 0 -9 0 -9 0 -8 0 -8 1 -8 1 -7 1 -8 1 -7 2 -7 2 -7 2 -6 0 0 0 0 0 0 0 0 0 0 ]
CSI_DATA,AP,10:B4:1D:CC:60:E0,-22,11,1,7,1,1,1,1,0,0,1,-93,0,6,2,9208363,0,68,0,0,8.91775,384,[0 0 0 0 0 0 0 0 0 0 0 0 -12 0 -11 1 -12 1 -11 1 -11 1 -11 1 -11 1 -11 1 -11 1 -11 1 -10 2 -10 2 -10 2 -10 2 -10 2 -10 3 -9 3 -10 3 -9 3 -9 3 -9 3 -10 3 -10 4 -9 4 -9 4 -10 4 0 0 -10 3 -10 4 -10 4 -10 4 -10 3 -10 3 -10 3 -10 2 -10 2 -10 2 -10 2 -10 2 -9 1 -9 1 -9 1 -9 0 -9 0 -8 0 -8 0 -8 -1 -8 -1 -8 -1 -8 -1 -7 -1 -7 -2 -6 -2 0 0 0 0 0 0 0 0 0 0 ]
CSI_DATA,AP,10:B4:1D:CC:60:E0,-22,11,1,7,1,1,1,1,0,0,1,-93,0,6,2,9298510,0,68,0,0,9.00791,384,[0 0 0 0 0 0 0 0 0 0 0 0 -4 10 -4 10 -4 10 -4 10 -3 10 -3 10 -3 9 -3 9 -3 9 -2 9 -2 9 -2 9 -1 9 -1 9 -1 9 -1 9 -1 9 0 9 0 9 0 9 0 9 0 9 0 9 1 9 1 9 1 9 0 0 0 9 1 9 1 9 0 9 0 10 0 10 0 9 0 9 -1 9 -1 9 -1 9 -1 9 -1 9 -1 8 -2 8 -2 8 -2 7 -2 7 -2 7 -2 6 -3 6 -3 6 -3 6 -3 6 -3 5 -3 5 0 0 0 0 0 0 0 0 0 0 ]
CSI_DATA,AP,10:B4:1D:CC:60:E0,-22,11,1,7,1,1,1,1,0,0,1,-93,0,6,2,9388536,0,68,0,0,9.09793,384,[0 0 0 0 0 0 0 0 0 0 0 0 -8 -9 -7 -9 -7 -9 -7 -9 -7 -9 -7 -8 -8 -8 -7 -8 -7 -8 -8 -8 -7 -7 -8 -7 -8 -7 -8 -7 -8 -7 -8 -6 -8 -6 -8 -6 -8 -5 -9 -5 -8 -5 -9 -5 -9 -5 -9 -5 -9 -5 -9 -5 0 0 -9 -5 -9 -5 -9 -5 -9 -5 -9 -5 -9 -6 -9 -6 -8 -6 -8 -6 -8 -6 -8 -6 -8 -6 -7 -6 -7 -6 -7 -6 -6 -6 -6 -6 -6 -6 -5 -6 -5 -6 -5 -6 -4 -6 -4 -6 -4 -6 -4 -6 -3 -6 0 0 0 0 0 0 0 0 0 0 ]
CSI_DATA,AP,10:B4:1D:CC:60:E0,-22,11,1,7,1,1,1,1,0,0,1,-93,0,6,2,9478465,0,68,0,0,9.18788,384,[0 0 0 0 0 0 0 0 0 0 0 0 -12 3 -12 3 -11 3 -11 3 -11 3 -11 3 -10 3 -10 3 -10 3 -10 4 -10 4 -9 4 -9 4 -9 4 -9 4 -9 4 -9 5 -9 5 -8 5 -8 5 -8 5 -8 5 -8 5 -8 6 -8 6 -8 6 0 0 -9 6 -8 6 -9 6 -9 6 -9 6 -9 5 -9 5 -9 5 -9 5 -9 4 -9 4 -9 4 -9 4 -9 3 -9 3 -9 3 -8 2 -8 2 -8 2 -8 1 -8 1 -7 1 -7 1 -7 0 -7 0 -7 -1 0 0 0 0 0 0 0 0 0 0 ]
CSI_DATA,AP,10:B4:1D:CC:60:E0,-22,11,1,7,1,1,1,1,0,0,1,-93,0,6,2,9568493,0,68,0,0,9.27789,384,[0 0 0 0 0 0 0 0 0 0 0 0 -10 -7 -10 -7 -10 -7 -9 -7 -9 -7 -10 -6 -9 -6 -9 -6 -9 -6 -9 -5 -10 -5 -9 -5 -10 -5 -10 -4 -10 -4 -10 -4 -10 -4 -10 -4 -10 -4 -10 -3 -10 -3 -10 -3 -10 -3 -10 -3 -10 -3 -10 -3 0 0 -10 -3 -10 -3 -10 -3 -10 -3 -10 -3 -10 -4 -10 -4 -10 -4 -10 -4 -10 -4 -9 -4 -9 -4 -9 -5 -9 -5 -8 -5 -8 -5 -7 -5 -7 -5 -7 -5 -6 -5 -6 -5 -6 -5 -6 -5 -5 -5 -5 -5 -4 -5 0 0 0 0 0 0 0 0 0 0 ]
CSI_DATA,AP,10:B4:1D:CC:60:E0,-22,11,1,7,1,1,1,1,0,0,1,-93,0,6,2,9658451,0,68,0,0,9.36785,384,[0 0 0 0 0 0 0 0 0 0 0 0 10 -4 10 -4 10 -4 10 -4 9 -4 9 -4 9 -4 9 -4 9 -5 8 -5 8 -5 8 -5 8 -5 8 -6 8 -6 7 -6 7 -6 7 -6 7 -6 7 -6 7 -6 7 -6 7 -7 7 -7 7 -7 7 -7 0 0 7 -7 7 -7 7 -7 7 -7 7 -7 7 -6 8 -6 8 -6 8 -6 8 -5 8 -5 7 -5 7 -5 7 -4 7 -4 7 -4 7 -4 7 -3 7 -3 6 -2 6 -2 6 -2 6 -2 6 -2 6 -1 6 -1 0 0 0 0 0 0 0 0 0 0 ]
CSI_DATA,AP,10:B4:1D:CC:60:E0,-22,11,1,7,1,1,1,1,0,0,1,-93,0,6,2,9748475,0,68,0,0,9.45787,384,[0 0 0 0 0 0 0 0 0 0 0 0 5 -10 5 -10 5 -10 5 -10 5 -10 5 -10 5 -10 4 -9 4 -9 4 -10 3 -9 3 -9 3 -10 3 -9 2 -9 2 -10 2 -9 2 -10 2 -10 2 -10 2 -10 1 -10 1 -10 1 -10 1 -10 1 -10 0 0 1 -10 1 -10 1 -10 2 -10 2 -10 2 -10 2 -10 2 -10 3 -9 3 -10 3 -9 3 -9 3 -9 3 -8 3 -8 3 -8 3 -8 3 -7 4 -7 4 -6 4 -6 4 -6 4 -6 4 -5 4 -5 4 -4 0 0 0 0 0 0 0 0 0 0 ]
CSI_DATA,AP,10:B4:1D:CC:60:E0,-22,11,1,7,1,1,1,1,0,0,1,-93,0,6,2,9838510,0,68,0,0,9.54791,384,[0 0 0 0 0 0 0 0 0 0 0 0 -5 -11 -5 -11 -5 -11 -5 -10 -5 -10 -5 -10 -5 -10 -5 -10 -5 -9 -5 -9 -6 -9 -6 -9 -6 -9 -6 -8 -6 -8 -6 -8 -7 -8 -7 -8 -7 -8 -7 -8 -7 -8 -7 -8 -8 -7 -8 -7 -8 -7 -8 -7 0 0 -8 -8 -8 -8 -7 -8 -8 -8 -7 -8 -7 -8 -7 -8 -7 -8 -6 -8 -6 -8 -6 -8 -6 -8 -5 -8 -5 -8 -5 -8 -4 -8 -4 -8 -4 -8 -4 -8 -3 -7 -3 -7 -2 -8 -2 -7 -2 -7 -2 -7 -1 -7 0 0 0 0 0 0 0 0 0 0 ]
CSI_DATA,AP,10:B4:1D:CC:60:E0,-22,11,1,7,1,1,1,1,0,0,1,-93,0,6,2,9929088,0,68,0,0,9.63848,384,[0 0 0 0 0 0 0 0 0 0 0 0 -3 10 -3 10 -3 10 -3 10 -3 10 -3 10 -3 10 -3 9 -2 9 -2 9 -2 9 -2 9 -1 9 -1 9 -1 9 -1 9 -1 9 0 9 0 9 0 9 0 9 0 9 0 9 1 9 0 9 1 9 0 0 0 9 1 10 1 9 0 9 0 10 0 10 0 9 -1 9 -1 9 -1 9 -1 9 -1 9 -2 8 -2 8 -2 8 -2 7 -2 8 -2 7 -2 7 -3 6 -3 6 -3 6 -3 6 -4 5 -4 5 -4 5 0 0 0 0 0 0 0 0 0 0 ]
CSI_DATA,AP,10:B4:1D:CC:60:E0,-22,11,1,7,1,1,1,1,0,0,1,-93,0,6,2,10018498,0,68,0,0,9.7279,384,[0 0 0 0 0 0 0 0 0 0 0 0 -12 -4 -11 -4 -11 -4 -11 -3 -11 -3 -11 -3 -11 -3 -11 -3 -11 -3 -10 -2 -10 -2 -10 -2 -10 -2 -10 -1 -10 -1 -10 -1 -10 -1 -10 -1 -10 0 -10 0 -10 0 -10 0 -10 0 -10 0 -10 0 -11 1 0 0 -11 0 -11 0 -11 0 -11 0 -11 0 -11 0 -11 -1 -10 -1 -10 -1 -10 -1 -10 -1 -10 -2 -10 -2 -9 -2 -9 -2 -9 -2 -8 -3 -8 -3 -8 -3 -8 -3 -7 -3 -7 -3 -7 -3 -6 -4 -6 -4 -6 -4 0 0 0 0 0 0 0 0 0 0 ]
CSI_DATA,AP,10:B4:1D:CC:60:E0,-22,11,1,7,1,1,1,1,0,0,1,-93,0,6,2,10108632,0,68,0,0,9.81803,384,[0 0 0 0 0 0 0 0 0 0 0 0 -12 -3 -12 -3 -12 -3 -11 -3 -11 -3 -11 -2 -11 -2 -11 -2 -11 -2 -11 -1 -11 -1 -10 -1 -10 -1 -10 -1 -10 0 -10 0 -10 0 -10 0 -10 1 -10 1 -10 1 -10 1 -10 1 -10 1 -10 1 -10 1 0 0 -11 1 -11 1 -10 1 -11 1 -10 1 -11 1 -11 0 -10 0 -10 0 -10 0 -10 0 -10 -1 -10 -1 -9 -1 -9 -1 -9 -2 -9 -2 -8 -2 -8 -2 -8 -2 -8 -2 -7 -3 -7 -3 -7 -3 -6 -3 -6 -4 0 0 0 0 0 0 0 0 0 0 ]
CSI_DATA,AP,10:B4:1D:CC:60:E0,-22,11,1,7,1,1,1,1,0,0,1,-93,0,6,2,10198428,0,68,0,0,9.90782,384,[0 0 0 0 0 0 0 0 0 0 0 0 -11 3 -11 3 -11 3 -10 3 -10 3 -10 3 -10 3 -10 4 -10 4 -9 4 -9 4 -9 4 -9 4 -8 5 -8 5 -8 5 -8 5 -8 5 -8 5 -8 6 -8 6 -8 6 -8 6 -8 6 -8 6 -8 6 0 0 -8 6 -8 7 -8 6 -8 6 -8 6 -8 6 -8 6 -8 6 -8 5 -8 5 -8 5 -8 4 -8 4 -8 4 -8 4 -8 4 -8 3 -7 3 -7 3 -7 2 -7 2 -7 2 -7 1 -7 1 -7 1 -7 0 0 0 0 0 0 0 0 0 0 0 ]
CSI_DATA,AP,10:B4:1D:CC:60:E0,-22,11,1,7,1,1,1,1,0,0,1,-93,0,6,2,10288439,0,68,0,0,9.99784,384,[0 0 0 0 0 0 0 0 0 0 0 0 9 6 9 6 9 6 9 6 9 5 9 5 9 5 8 5 9 5 8 4 9 4 9 4 9 4 9 3 9 3 9 3 9 3 9 2 9 2 9 2 9 2 9 2 9 1 9 1 9 2 9 1 0 0 9 2 9 2 9 2 10 2 9 2 9 2 9 3 9 3 9 3 9 3 8 3 8 3 8 4 7 4 7 3 7 4 6 4 6 4 6 4 6 4 5 4 5 4 5 4 4 4 4 4 4 5 0 0 0 0 0 0 0 0 0 0 ]
CSI_DATA,AP,10:B4:1D:CC:60:E0,-22,11,1,7,1,1,1,1,0,0,1,-93,0,6,2,10378437,0,68,0,0,10.0878,384,[0 0 0 0 0 0 0 0 0 0 0 0 1 -12 1 -12 1 -12 0 -12 0 -11 0 -11 0 -11 0 -11 0 -11 -1 -11 -1 -11 -1 -10 -1 -11 -2 -10 -2 -10 -2 -10 -2 -10 -2 -10 -3 -10 -3 -10 -3 -10 -3 -10 -3 -10 -3 -10 -3 -10 -3 -10 0 0 -3 -10 -3 -10 -3 -10 -3 -10 -3 -11 -3 -11 -3 -11 -2 -11 -2 -10 -2 -10 -2 -10 -1 -10 -1 -10 -1 -10 0 -9 0 -9 0 -9 0 -8 0 -8 1 -8 1 -8 1 -8 1 -7 1 -7 2 -7 2 -6 0 0 0 0 0 0 0 0 0 0 ]
CSI_DATA,AP,10:B4:1D:CC:60:E0,-22,11,1,7,1,1,1,1,0,0,1,-93,0,6,2,10468420,0,68,0,0,10.1778,384,[0 0 0 0 0 0 0 0 0 0 0 0 -11 4 -11 4 -11 4 -10 4 -10 4 -10 4 -10 4 -10 4 -10 4 -9 4 -9 4 -9 5 -9 5 -8 5 -8 5 -8 5 -8 5 -8 5 -8 6 -8 6 -8 6 -8 6 -8 6 -7 6 -7 6 -8 6 0 0 -8 6 -8 6 -8 6 -8 6 -8 6 -8 6 -8 6 -8 5 -8 5 -8 5 -8 5 -8 5 -8 4 -8 4 -8 3 -8 3 -8 3 -8 3 -8 2 -7 2 -7 2 -7 1 -7 1 -7 1 -7 0 -7 0 0 0 0 0 0 0 0 0 0 0 ]
CSI_DATA,AP,10:B4:1D:CC:60:E0,-19,11,1,7,0,1,1,1,0,0,1,-93,0,6,2,10559352,0,68,0,0,10.2688,256,[0 0 0 0 0 0 0 0 0 0 0 0 15 2 15 2 14 2 15 2 14 2 15 1 14 1 14 0 14 0 13 0 13 0 13 0 13 -1 13 -1 13 -2 13 -2 13 -2 13 -2 13 -3 13 -3 13 -3 13 -3 13 -4 13 -4 13 -3 13 -4 0 0 13 -4 13 -4 13 -3 13 -3 13 -3 13 -3 13 -3 13 -2 13 -2 13 -2 13 -1 12 -1 12 -1 12 -1 12 0 11 0 11 0 11 0 10 1 10 1 10 1 9 2 9 2 8 2 8 3 8 3 0 0 0 0 0 0 0 0 0 0 ]
CSI_DATA,AP,10:B4:1D:CC:60:E0,-22,11,1,7,1,1,1,1,0,0,1,-93,0,6,2,10648321,0,68,0,0,10.3577,384,[0 0 0 0 0 0 0 0 0 0 0 0 8 7 8 7 8 7 8 7 8 6 8 6 8 6 8 6 8 5 8 5 8 5 8 5 8 5 8 4 8 4 8 4 8 4 8 3 9 3 9 3 8 3 9 3 9 3 9 3 9 3 9 3 0 0 9 3 9 3 9 3 9 3 9 3 9 3 9 4 8 4 8 4 8 4 8 4 8 4 7 4 7 4 7 4 6 4 6 5 6 5 5 4 5 4 5 5 4 5 4 5 4 5 3 5 3 5 0 0 0 0 0 0 0 0 0 0 ]
CSI_DATA,AP,10:B4:1D:CC:60:E0,-22,11,1,7,1,1,1,1,0,0,1,-93,0,6,2,10738500,0,68,0,0,10.4479,384,[0 0 0 0 0 0 0 0 0 0 0 0 -12 0 -12 0 -12 0 -11 0 -11 1 -11 1 -11 1 -11 1 -11 1 -10 1 -10 1 -10 1 -10 2 -10 2 -10 2 -10 3 -10 3 -10 3 -9 3 -9 3 -9 3 -9 4 -10 4 -9 4 -10 4 -9 4 0 0 -10 4 -10 4 -10 4 -10 4 -10 4 -10 4 -10 3 -10 3 -10 3 -10 2 -10 2 -10 2 -9 2 -9 1 -9 1 -9 1 -9 1 -8 0 -8 0 -8 0 -8 0 -8 0 -7 -1 -7 -1 -7 -2 -7 -2 0 0 0 0 0 0 0 0 0 0 ]
CSI_DATA,AP,10:B4:1D:CC:60:E0,-22,11,1,7,1,1,1,1,0,0,1,-93,0,6,2,10828408,0,68,0,0,10.5378,384,[0 0 0 0 0 0 0 0 0 0 0 0 -1 11 -1 11 -1 11 -1 11 -1 10 0 10 0 10 0 10 0 10 0 9 1 9 1 9 1 9 1 9 2 9 2 9 2 9 2 9 2 9 3 9 3 9 3 9 3 8 3 9 3 9 3 9 0 0 3 9 3 9 3 9 3 9 3 9 3 9 2 9 2 9 2 9 2 9 2 9 1 9 1 9 1 8 1 8 0 8 0 8 0 7 0 7 -1 7 -1 7 -1 7 -1 6 -2 6 -2 6 -2 6 0 0 0 0 0 0 0 0 0 0 ]
CSI_DATA,AP,10:B4:1D:CC:60:E0,-22,11,1,7,1,1,1,1,0,0,1,-93,0,6,2,10918421,0,68,0,0,10.6278,384,[0 0 0 0 0 0 0 0 0 0 0 0 -6 9 -6 9 -6 9 -5 9 -5 9 -5 9 -5 9 -5 9 -4 9 -4 9 -4 9 -4 9 -3 9 -3 9 -3 9 -3 9 -2 9 -2 9 -2 9 -2 9 -2 9 -2 9 -1 9 -1 9 -1 9 -1 9 0 0 -1 9 -1 10 -1 9 -1 10 -2 9 -2 9 -2 9 -2 9 -2 9 -2 9 -2 8 -3 8 -3 8 -3 8 -3 8 -3 7 -4 7 -4 7 -4 6 -4 6 -4 6 -4 6 -4 6 -4 5 -4 5 -5 4 0 0 0 0 0 0 0 0 0 0 ]
CSI_DATA,AP,10:B4:1D:CC:60:E0,-22,11,1,7,1,1,1,1,0,0,1,-93,0,6,2,11009342,0,68,0,0,10.7187,384,[0 0 0 0 0 0 0 0 0 0 0 0 4 10 4 10 5 10 4 10 4 9 5 9 4 9 5 9 4 8 5 8 5 8 5 8 5 7 5 7 6 7 6 7 6 7 6 6 6 7 6 7 6 6 6 7 7 6 7 6 7 6 7 6 0 0 7 6 7 7 7 7 7 6 7 7 7 7 6 7 6 7 6 7 6 7 5 7 5 7 5 7 5 7 4 7 4 7 3 7 3 6 3 6 2 6 2 6 2 6 2 6 1 6 1 6 1 6 0 0 0 0 0 0 0 0 0 0 ]
CSI_DATA,AP,10:B4:1D:CC:60:E0,-22,11,1,7,1,1,1,1,0,0,1,-93,0,6,2,11098465,0,68,0,0,10.8079,384,[0 0 0 0 0 0 0 0 0 0 0 0 8 7 8 7 8 7 8 6 8 6 8 6 8 6 8 6 8 5 8 5 8 5 8 5 8 4 8 4 8 4 8 4 8 3 8 3 8 3 9 3 8 3 9 3 9 3 9 3 9 3 9 2 0 0 9 3 9 3 9 3 9 3 9 3 9 3 9 4 9 4 8 4 8 4 8 4 8 4 7 4 7 4 7 4 6 4 6 5 6 4 5 4 5 4 5 5 4 5 4 5 4 5 3 5 3 5 0 0 0 0 0 0 0 0 0 0 ]
CSI_DATA,AP,10:B4:1D:CC:60:E0,-22,11,1,7,1,1,1,1,0,0,1,-93,0,6,2,11188663,0,68,0,0,10.8981,384,[0 0 0 0 0 0 0 0 0 0 0 0 11 0 11 0 11 0 11 0 10 0 10 -1 10 -1 10 -1 10 -1 10 -1 9 -2 9 -2 9 -2 9 -2 9 -2 9 -3 9 -3 9 -3 9 -4 9 -4 9 -3 9 -4 9 -4 9 -4 9 -4 9 -4 0 0 9 -4 9 -4 9 -4 9 -4 9 -4 9 -4 9 -4 9 -3 9 -3 9 -3 9 -3 9 -2 8 -2 8 -2 8 -2 8 -1 8 -1 8 -1 7 -1 7 0 7 0 7 0 6 0 6 0 6 1 6 1 0 0 0 0 0 0 0 0 0 0 ]
CSI_DATA,AP,10:B4:1D:CC:60:E0,-22,11,1,7,1,1,1,1,0,0,1,-93,0,6,2,11278482,0,68,0,0,10.9879,384,[0 0 0 0 0 0 0 0 0 0 0 0 11 -1 11 -1 10 -1 10 -1 10 -2 10 -2 10 -2 10 -2 10 -2 9 -2 9 -3 9 -3 9 -3 9 -3 9 -3 8 -4 8 -4 8 -4 8 -4 8 -4 8 -4 8 -5 8 -5 8 -5 8 -5 8 -5 0 0 9 -5 8 -5 8 -5 8 -5 8 -5 8 -5 9 -4 9 -4 9 -4 8 -4 8 -3 8 -3 8 -3 8 -3 8 -3 8 -2 7 -2 7 -2 7 -1 7 -1 7 -1 6 -1 6 0 6 0 6 0 6 1 0 0 0 0 0 0 0 0 0 0 ]
CSI_DATA,AP,10:B4:1D:CC:60:E0,-22,11,1,7,1,1,1,1,0,0,1,-93,0,6,2,11368559,0,68,0,0,11.0779,384,[0 0 0 0 0 0 0 0 0 0 0 0 -12 -2 -12 -2 -12 -2 -11 -2 -11 -1 -11 -1 -11 -1 -11 -1 -11 -1 -11 -1 -11 0 -10 0 -10 0 -10 0 -11 0 -10 1 -10 1 -10 1 -10 1 -10 1 -10 1 -10 2 -10 2 -10 2 -10 2 -10 2 0 0 -11 2 -10 2 -10 2 -11 2 -10 2 -11 1 -11 1 -10 1 -11 0 -10 0 -10 0 -10 0 -10 0 -10 0 -9 -1 -9 -1 -9 -1 -8 -1 -8 -2 -8 -2 -8 -2 -7 -2 -7 -2 -7 -3 -7 -3 -6 -3 0 0 0 0 0 0 0 0 0 0 ]
CSI_DATA,AP,10:B4:1D:CC:60:E0,-22,11,1,7,1,1,1,1,0,0,1,-93,0,6,2,11458327,0,68,0,0,11.1677,384,[0 0 0 0 0 0 0 0 0 0 0 0 2 -11 2 -11 2 -11 2 -11 2 -11 1 -11 1 -11 1 -10 1 -10 1 -10 1 -10 0 -10 0 -10 0 -10 0 -10 -1 -10 -1 -10 -1 -10 -1 -10 -1 -10 -1 -10 -1 -10 -2 -10 -2 -10 -2 -10 -2 -10 0 0 -2 -10 -2 -10 -2 -11 -1 -10 -1 -11 -1 -11 -1 -11 -1 -10 0 -10 0 -10 0 -10 0 -10 0 -10 1 -9 1 -9 1 -8 1 -9 1 -8 1 -8 2 -7 2 -7 2 -7 2 -7 2 -7 2 -6 3 -6 0 0 0 0 0 0 0 0 0 0 ]
CSI_DATA,AP,10:B4:1D:CC:60:E0,-22,11,1,7,1,1,1,1,0,0,1,-93,0,6,2,11548529,0,68,0,0,11.2579,384,[0 0 0 0 0 0 0 0 0 0 0 0 -8 -9 -8 -9 -8 -9 -8 -9 -8 -8 -8 -8 -8 -8 -8 -8 -8 -7 -8 -7 -8 -7 -8 -7 -9 -7 -9 -6 -9 -6 -9 -6 -9 -5 -9 -5 -9 -5 -9 -5 -9 -5 -10 -5 -10 -5 -10 -5 -10 -5 -10 -5 0 0 -10 -5 -10 -5 -10 -5 -10 -5 -10 -5 -10 -5 -9 -6 -9 -5 -9 -6 -9 -6 -9 -6 -8 -6 -8 -6 -7 -6 -7 -6 -7 -6 -7 -6 -6 -6 -6 -6 -6 -6 -5 -6 -5 -6 -5 -6 -4 -6 -4 -6 -3 -6 0 0 0 0 0 0 0 0 0 0 ]
CSI_DATA,AP,10:B4:1D:CC:60:E0,-22,11,1,7,1,1,1,1,0,0,1,-93,0,6,2,11638438,0,68,0,0,11.3478,384,[0 0 0 0 0 0 0 0 0 0 0 0 6 9 6 9 6 8 6 8 6 8 6 8 6 8 6 7 6 7 6 7 6 7 7 6 7 6 7 6 7 6 7 6 7 5 7 5 8 5 7 5 7 5 7 5 8 5 8 5 8 4 8 4 0 0 8 5 8 5 8 5 8 5 8 5 8 5 8 5 7 5 7 5 7 5 7 5 7 5 6 6 6 6 6 5 5 6 5 6 5 5 4 5 4 5 4 5 3 6 3 5 3 5 2 5 2 5 0 0 0 0 0 0 0 0 0 0 ]
CSI_DATA,AP,10:B4:1D:CC:60:E0,-22,11,1,7,1,1,1,1,0,0,1,-93,0,6,2,11728559,0,68,0,0,11.438,384,[0 0 0 0 0 0 0 0 0 0 0 0 -11 3 -11 3 -11 3 -11 3 -11 3 -10 3 -10 3 -10 4 -10 3 -9 4 -9 4 -9 4 -9 4 -9 4 -9 5 -9 5 -8 5 -8 5 -8 5 -8 5 -8 5 -8 5 -8 6 -8 6 -8 6 -8 6 0 0 -8 6 -8 6 -8 6 -8 6 -8 5 -9 6 -9 5 -9 5 -9 4 -9 4 -9 4 -9 4 -8 4 -8 3 -9 3 -8 2 -8 2 -8 2 -8 2 -8 1 -8 1 -8 1 -7 1 -7 0 -7 0 -7 -1 0 0 0 0 0 0 0 0 0 0 ]
CSI_DATA,AP,10:B4:1D:CC:60:E0,-22,11,1,7,1,1,1,1,0,0,1,-93,0,6,2,11818570,0,68,0,0,11.528,384,[0 0 0 0 0 0 0 0 0 0 0 0 10 3 10 3 10 3 10 3 10 2 10 2 10 2 9 2 9 2 9 1 9 1 9 1 9 1 9 0 9 0 9 0 9 0 9 0 9 -1 9 -1 9 -1 9 -1 9 -1 9 -1 9 -1 9 -1 0 0 10 -1 9 -1 9 -1 9 -1 10 -1 9 -1 9 0 9 0 9 0 9 0 9 0 9 0 8 1 8 1 8 1 8 1 7 1 7 1 7 2 7 2 6 2 6 2 6 2 5 2 5 3 5 3 0 0 0 0 0 0 0 0 0 0 ]
CSI_DATA,AP,10:B4:1D:CC:60:E0,-22,11,1,7,1,1,1,1,0,0,1,-93,0,6,2,11908452,0,68,0,0,11.6178,384,[0 0 0 0 0 0 0 0 0 0 0 0 -9 7 -9 6 -9 7 -9 7 -8 7 -8 7 -8 7 -8 6 -8 6 -7 7 -7 7 -7 7 -7 7 -6 7 -6 7 -6 7 -6 7 -6 7 -5 8 -5 8 -5 8 -5 8 -5 8 -5 8 -5 8 -5 8 0 0 -5 8 -5 8 -5 8 -5 8 -5 8 -6 8 -6 8 -6 8 -6 7 -6 7 -6 7 -6 7 -6 7 -6 6 -6 6 -6 5 -6 5 -6 5 -6 4 -6 4 -6 4 -6 4 -6 3 -6 3 -6 3 -6 2 0 0 0 0 0 0 0 0 0 0 ]
CSI_DATA,AP,10:B4:1D:CC:60:E0,-22,11,1,7,1,1,1,1,0,0,1,-93,0,6,2,11998521,0,68,0,0,11.7079,384,[0 0 0 0 0 0 0 0 0 0 0 0 11 0 10 0 11 -1 10 -1 10 -1 10 -1 10 -1 10 -1 9 -1 9 -2 9 -2 9 -2 9 -2 9 -2 9 -3 9 -3 9 -3 9 -3 9 -4 9 -4 8 -4 8 -4 9 -4 8 -4 8 -4 9 -4 0 0 9 -4 9 -5 9 -4 9 -4 9 -4 9 -4 9 -4 9 -3 9 -3 9 -3 9 -3 8 -3 8 -2 8 -2 8 -2 8 -2 8 -1 7 -1 7 -1 7 -1 7 0 6 0 6 0 6 0 6 1 5 1 0 0 0 0 0 0 0 0 0 0 ]
CSI_DATA,AP,10:B4:1D:CC:60:E0,-22,11,1,7,1,1,1,1,0,0,1,-93,0,6,2,12089281,0,68,0,0,11.7987,384,[0 0 0 0 0 0 0 0 0 0 0 0 6 -10 6 -9 6 -9 6 -9 6 -9 6 -9 6 -9 5 -9 5 -9 4 -9 4 -9 4 -9 4 -9 3 -9 3 -9 3 -9 3 -9 3 -9 3 -10 3 -10 3 -10 2 -10 2 -10 2 -10 2 -10 2 -10 0 0 2 -10 2 -10 2 -10 3 -10 3 -10 3 -10 3 -10 3 -10 4 -9 3 -9 3 -9 3 -9 4 -9 4 -8 4 -8 4 -7 4 -7 4 -7 4 -7 4 -6 4 -6 5 -6 4 -5 4 -5 5 -5 5 -4 0 0 0 0 0 0 0 0 0 0 ]
CSI_DATA,AP,10:B4:1D:CC:60:E0,-22,11,1,7,1,1,1,1,0,0,1,-93,0,6,2,12178452,0,68,0,0,11.8878,384,[0 0 0 0 0 0 0 0 0 0 0 0 -12 -1 -12 -2 -11 -1 -11 -1 -11 -1 -11 -1 -11 -1 -11 -1 -11 -1 -10 0 -10 0 -10 0 -10 1 -10 1 -10 1 -10 1 -10 1 -10 1 -10 2 -10 2 -10 2 -10 2 -10 2 -10 2 -10 2 -10 2 0 0 -10 2 -10 2 -10 2 -10 2 -10 2 -10 2 -10 1 -10 1 -10 1 -10 1 -10 1 -10 0 -9 0 -9 0 -9 0 -9 -1 -8 -1 -8 -1 -8 -1 -8 -2 -8 -2 -7 -2 -7 -2 -7 -2 -7 -3 -6 -3 0 0 0 0 0 0 0 0 0 0 ]
CSI_DATA,AP,10:B4:1D:CC:60:E0,-22,11,1,7,1,1,1,1,0,0,1,-93,0,6,2,12268512,0,68,0,0,11.9779,384,[0 0 0 0 0 0 0 0 0 0 0 0 3 10 3 10 4 10 4 10 4 10 4 9 4 9 4 9 4 9 4 9 4 8 5 8 5 8 5 8 5 8 5 7 5 7 5 7 6 7 6 7 6 7 6 7 6 7 6 7 6 7 6 7 0 0 6 7 6 7 6 7 6 7 6 7 6 8 6 8 5 8 5 7 5 8 5 7 5 8 4 7 4 7 4 7 3 7 3 7 3 7 2 7 2 7 2 7 1 7 1 6 1 6 1 6 0 6 0 0 0 0 0 0 0 0 0 0 ]
CSI_DATA,AP,10:B4:1D:CC:60:E0,-22,11,1,7,1,1,1,1,0,0,1,-93,0,6,2,12358726,0,68,0,0,12.0681,384,[0 0 0 0 0 0 0 0 0 0 0 0 10 3 10 3 10 3 10 3 10 3 10 3 9 2 9 2 9 2 9 1 9 1 9 1 9 1 9 0 9 0 9 0 9 0 9 -1 9 -1 9 -1 9 -1 9 -1 9 -1 9 -2 9 -1 9 -2 0 0 10 -1 9 -2 9 -2 9 -1 10 -1 9 -1 9 -1 9 0 9 -1 9 0 9 0 9 0 8 0 8 0 8 1 8 1 8 1 7 1 7 1 7 1 6 2 6 2 6 2 6 2 5 2 5 3 0 0 0 0 0 0 0 0 0 0 ]
CSI_DATA,AP,10:B4:1D:CC:60:E0,-22,11,1,7,1,1,1,1,0,0,1,-93,0,6,2,12449830,0,68,0,0,12.1592,384,[0 0 0 0 0 0 0 0 0 0 0 0 10 -5 10 -5 10 -5 10 -5 9 -5 9 -5 9 -5 9 -5 9 -5 8 -6 8 -6 8 -6 8 -6 8 -6 7 -6 7 -6 7 -6 7 -7 7 -7 7 -7 7 -7 7 -7 7 -7 7 -7 7 -7 7 -7 0 0 7 -7 7 -8 7 -7 7 -7 7 -7 7 -7 7 -7 7 -7 7 -6 8 -6 8 -6 7 -6 8 -5 7 -5 7 -4 7 -4 7 -4 7 -3 7 -3 7 -3 7 -3 6 -2 6 -2 6 -2 6 -1 6 -1 0 0 0 0 0 0 0 0 0 0 ]
CSI_DATA,AP,10:B4:1D:CC:60:E0,-22,11,1,7,1,1,1,1,0,0,1,-93,0,6,2,12538682,0,68,0,0,12.2481,384,[0 0 0 0 0 0 0 0 0 0 0 0 -12 3 -12 3 -11 3 -11 3 -11 3 -11 3 -11 3 -10 3 -10 3 -10 4 -10 4 -9 4 -9 4 -9 4 -9 5 -9 5 -9 5 -8 5 -8 5 -8 5 -8 5 -8 5 -8 6 -8 6 -8 6 -8 6 0 0 -9 6 -8 6 -9 6 -9 6 -9 6 -9 6 -9 6 -9 5 -9 5 -9 4 -9 4 -9 4 -8 4 -8 4 -8 3 -8 3 -8 3 -8 2 -8 2 -8 2 -8 1 -8 1 -7 1 -7 1 -7 0 -7 -1 0 0 0 0 0 0 0 0 0 0 ]
CSI_DATA,AP,10:B4:1D:CC:60:E0,-22,11,1,7,1,1,1,1,0,0,1,-93,0,6,2,12628565,0,68,0,0,12.338,384,[0 0 0 0 0 0 0 0 0 0 0 0 10 5 9 4 10 4 9 4 9 4 9 4 9 3 9 3 9 3 9 3 9 3 9 2 9 2 9 2 9 2 9 1 9 1 9 1 9 1 9 1 9 1 9 0 9 0 9 0 9 0 9 0 0 0 9 0 10 0 9 0 10 0 9 1 9 1 9 1 9 1 9 1 9 2 9 2 8 2 8 2 8 2 8 2 7 2 7 3 7 3 6 3 6 3 6 3 6 3 5 3 5 3 5 4 4 4 0 0 0 0 0 0 0 0 0 0 ]
CSI_DATA,AP,10:B4:1D:CC:60:E0,-22,11,1,7,1,1,1,1,0,0,1,-93,0,6,2,12718553,0,68,0,0,12.4279,384,[0 0 0 0 0 0 0 0 0 0 0 0 11 -1 10 -1 11 -1 10 -2 10 -2 10 -2 10 -2 9 -2 9 -2 9 -2 9 -3 9 -3 9 -3 9 -3 8 -3 9 -4 8 -4 8 -4 8 -4 8 -5 8 -4 8 -5 8 -5 8 -5 8 -5 8 -5 0 0 8 -5 8 -5 8 -5 9 -5 8 -5 9 -5 9 -5 8 -4 9 -4 9 -4 9 -3 8 -3 8 -3 8 -3 8 -2 8 -2 8 -2 7 -2 7 -1 7 -1 7 -1 6 -1 6 -1 6 0 6 0 6 1 0 0 0 0 0 0 0 0 0 0 ]
CSI_DATA,AP,10:B4:1D:CC:60:E0,-22,11,1,7,1,1,1,1,0,0,1,-93,0,6,2,12808529,0,68,0,0,12.5179,384,[0 0 0 0 0 0 0 0 0 0 0 0 11 2 11 1 11 1 10 1 10 1 10 1 10 1 10 1 10 0 10 0 10 0 9 0 9 0 9 -1 9 -1 9 -1 9 -1 9 -2 9 -2 9 -2 9 -2 9 -2 9 -2 9 -2 9 -2 9 -2 0 0 10 -2 10 -2 9 -2 10 -2 10 -2 10 -2 10 -1 9 -1 9 -1 9 -1 9 0 9 0 9 0 8 0 8 0 8 1 8 1 7 1 7 1 7 1 6 2 6 2 6 2 6 2 5 3 5 3 0 0 0 0 0 0 0 0 0 0 ]
CSI_DATA,AP,10:B4:1D:CC:60:E0,-22,11,1,7,1,1,1,1,0,0,1,-93,0,6,2,12898611,0,68,0,0,12.608,384,[0 0 0 0 0 0 0 0 0 0 0 0 -4 10 -4 10 -4 10 -4 10 -3 10 -3 10 -3 9 -3 9 -3 9 -2 9 -2 9 -2 9 -2 9 -1 9 -1 9 -1 9 -1 9 -1 9 0 9 0 9 0 9 0 9 0 9 0 9 0 9 0 9 0 0 0 10 0 9 0 10 0 9 0 10 0 10 -1 10 -1 9 -1 9 -1 9 -1 9 -1 9 -2 9 -2 8 -2 8 -2 8 -3 7 -3 7 -3 7 -3 6 -3 6 -3 6 -3 6 -4 5 -4 5 -4 5 0 0 0 0 0 0 0 0 0 0 ]
CSI_DATA,AP,10:B4:1D:CC:60:E0,-22,11,1,7,1,1,1,1,0,0,1,-93,0,6,2,12988416,0,68,0,0,12.6978,384,[0 0 0 0 0 0 0 0 0 0 0 0 9 5 10 5 9 5 9 5 9 4 9 4 9 4 9 4 9 4 9 3 9 3 9 3 9 3 9 3 9 2 9 2 9 2 9 2 9 1 9 1 9 1 9 1 9 1 9 1 9 1 10 1 0 0 10 1 9 1 10 1 10 1 10 1 9 1 9 2 9 2 9 2 9 2 9 2 8 3 8 3 8 3 7 3 7 3 7 3 7 3 6 3 6 3 6 3 5 4 5 4 4 4 4 4 4 4 0 0 0 0 0 0 0 0 0 0 ]
CSI_DATA,AP,10:B4:1D:CC:60:E0,-22,11,1,7,1,1,1,1,0,0,1,-93,0,6,2,13078430,0,68,0,0,12.7878,384,[0 0 0 0 0 0 0 0 0 0 0 0 -10 -6 -10 -6 -10 -6 -10 -6 -10 -6 -10 -5 -9 -5 -10 -5 -10 -5 -10 -4 -10 -4 -10 -4 -10 -4 -10 -3 -10 -3 -10 -3 -10 -3 -10 -3 -10 -2 -10 -3 -10 -2 -10 -2 -10 -2 -10 -2 -10 -2 -10 -2 0 0 -11 -2 -10 -2 -10 -2 -10 -2 -10 -2 -10 -3 -10 -3 -10 -3 -10 -3 -10 -3 -10 -3 -9 -3 -9 -3 -9 -4 -8 -4 -8 -4 -8 -4 -7 -4 -7 -4 -7 -4 -7 -4 -6 -4 -6 -4 -6 -4 -6 -5 -5 -5 0 0 0 0 0 0 0 0 0 0 ]
CSI_DATA,AP,10:B4:1D:CC:60:E0,-22,11,1,7,1,1,1,1,0,0,1,-93,0,6,2,13168525,0,68,0,0,12.8779,384,[0 0 0 0 0 0 0 0 0 0 0 0 -10 -7 -10 -6 -10 -6 -10 -6 -10 -6 -10 -6 -9 -6 -9 -5 -9 -5 -9 -5 -9 -5 -9 -5 -9 -4 -9 -4 -9 -4 -10 -4 -9 -3 -10 -3 -10 -3 -10 -3 -10 -3 -10 -3 -10 -2 -10 -2 -10 -3 -10 -2 0 0 -10 -3 -10 -3 -10 -3 -10 -3 -10 -3 -10 -3 -10 -3 -10 -4 -10 -4 -9 -4 -9 -4 -9 -4 -9 -4 -8 -4 -8 -4 -8 -4 -7 -5 -7 -5 -7 -5 -7 -5 -6 -5 -6 -5 -6 -5 -5 -5 -5 -5 -4 -5 0 0 0 0 0 0 0 0 0 0 ]
CSI_DATA,AP,10:B4:1D:CC:60:E0,-22,11,1,7,1,1,1,1,0,0,1,-93,0,6,2,13258446,0,68,0,0,12.9678,384,[0 0 0 0 0 0 0 0 0 0 0 0 -10 -7 -9 -7 -9 -7 -9 -7 -9 -6 -9 -6 -9 -6 -9 -6 -9 -6 -9 -5 -9 -5 -9 -5 -9 -5 -9 -4 -9 -4 -9 -4 -9 -4 -9 -4 -10 -4 -10 -3 -10 -3 -10 -3 -10 -3 -10 -3 -10 -3 -10 -3 0 0 -10 -3 -10 -3 -10 -3 -10 -3 -10 -3 -10 -4 -10 -4 -10 -4 -9 -4 -9 -4 -9 -4 -9 -4 -8 -4 -8 -5 -8 -5 -8 -5 -7 -5 -7 -5 -7 -5 -6 -5 -6 -5 -6 -5 -5 -5 -5 -5 -5 -5 -4 -5 0 0 0 0 0 0 0 0 0 0 ]
CSI_DATA,AP,10:B4:1D:CC:60:E0,-22,11,1,7,1,1,1,1,0,0,1,-93,0,6,2,13348604,0,68,0,0,13.058,384,[0 0 0 0 0 0 0 0 0 0 0 0 -4 10 -4 10 -4 10 -4 10 -3 10 -3 10 -3 10 -3 9 -3 9 -2 9 -2 9 -2 9 -2 9 -2 9 -1 9 -1 9 -1 9 -1 9 0 9 0 9 0 9 0 9 0 9 0 9 0 9 0 9 0 0 0 9 0 10 0 10 0 9 0 10 -1 10 -1 10 -1 9 -1 9 -2 9 -2 9 -2 9 -2 8 -3 8 -2 8 -3 7 -3 8 -3 7 -3 7 -3 6 -3 6 -4 6 -4 6 -4 5 -4 5 -4 4 0 0 0 0 0 0 0 0 0 0 ]
CSI_DATA,AP,10:B4:1D:CC:60:E0,-22,11,1,7,1,1,1,1,0,0,1,-93,0,6,2,13438680,0,68,0,0,13.1481,384,[0 0 0 0 0 0 0 0 0 0 0 0 -11 4 -11 4 -11 4 -10 4 -10 5 -10 5 -10 4 -10 5 -9 4 -9 5 -9 5 -9 5 -8 6 -8 6 -8 6 -8 6 -8 6 -8 6 -8 6 -8 6 -7 6 -7 6 -7 7 -7 7 -7 7 -7 7 0 0 -8 7 -7 7 -7 7 -8 7 -8 7 -8 7 -8 6 -8 6 -8 6 -8 6 -8 6 -8 5 -8 5 -8 5 -8 4 -8 4 -8 4 -8 3 -7 3 -7 2 -7 2 -7 2 -7 2 -7 1 -7 1 -7 0 0 0 0 0 0 0 0 0 0 0 ]
CSI_DATA,AP,10:B4:1D:CC:60:E0,-22,11,1,7,1,1,1,1,0,0,1,-93,0,6,2,13528991,0,68,0,0,13.2384,384,[0 0 0 0 0 0 0 0 0 0 0 0 -4 10 -4 10 -4 10 -4 10 -3 10 -3 10 -3 10 -3 10 -3 10 -2 9 -2 9 -2 9 -2 9 -1 9 -1 10 -1 9 -1 9 -1 9 0 9 0 9 0 9 0 9 0 9 0 10 0 9 0 10 0 0 0 10 0 10 0 10 0 9 0 10 0 10 -1 10 -1 10 -1 9 -1 9 -1 9 -2 9 -2 9 -2 8 -2 8 -2 8 -3 8 -3 7 -3 7 -3 7 -3 6 -4 6 -4 6 -4 6 -4 5 -4 5 0 0 0 0 0 0 0 0 0 0 ]
CSI_DATA,AP,10:B4:1D:CC:60:E0,-22,11,1,7,1,1,1,1,0,0,1,-93,0,6,2,13618356,0,68,0,0,13.3278,384,[0 0 0 0 0 0 0 0 0 0 0 0 -11 3 -11 3 -11 3 -10 3 -10 3 -10 3 -10 3 -10 4 -10 4 -9 4 -9 4 -9 4 -9 4 -9 5 -9 5 -8 5 -8 5 -8 5 -8 5 -8 5 -8 6 -8 6 -8 6 -8 6 -8 6 -8 6 0 0 -8 6 -8 6 -8 6 -8 6 -8 6 -8 6 -8 6 -8 5 -9 5 -8 5 -8 5 -8 4 -8 4 -8 4 -8 3 -8 3 -8 3 -8 2 -8 2 -7 2 -7 2 -7 1 -7 1 -7 1 -7 1 -7 0 0 0 0 0 0 0 0 0 0 0 ]
CSI_DATA,AP,10:B4:1D:CC:60:E0,-22,11,1,7,1,1,1,1,0,0,1,-93,0,6,2,13708513,0,68,0,0,13.4179,384,[0 0 0 0 0 0 0 0 0 0 0 0 11 1 11 1 11 1 11 1 10 1 10 1 10 1 10 0 10 0 10 0 10 -1 9 -1 10 -1 9 -1 9 -1 9 -2 9 -2 9 -2 9 -2 9 -2 9 -2 9 -3 9 -3 9 -3 9 -3 9 -3 0 0 10 -3 9 -3 9 -3 10 -3 10 -3 10 -2 10 -2 10 -2 10 -1 9 -1 9 -1 9 -1 9 -1 9 0 8 0 8 0 8 0 8 1 7 1 7 1 7 1 6 1 6 1 6 2 6 2 5 2 0 0 0 0 0 0 0 0 0 0 ]
CSI_DATA,AP,10:B4:1D:CC:60:E0,-22,11,1,7,1,1,1,1,0,0,1,-93,0,6,2,13798450,0,68,0,0,13.5078,384,[0 0 0 0 0 0 0 0 0 0 0 0 -1 -12 0 -11 -1 -12 -1 -11 -1 -11 -1 -11 -1 -11 -1 -11 -1 -11 -2 -10 -2 -10 -2 -10 -2 -10 -3 -10 -3 -10 -3 -10 -3 -10 -3 -9 -4 -9 -4 -10 -4 -9 -4 -10 -4 -9 -4 -10 -4 -10 -4 -9 0 0 -4 -10 -4 -10 -4 -10 -4 -10 -4 -10 -4 -10 -4 -10 -3 -10 -3 -10 -3 -10 -3 -10 -2 -10 -2 -10 -2 -9 -2 -9 -1 -9 -1 -9 -1 -8 -1 -8 -1 -8 0 -8 0 -8 0 -7 1 -7 1 -7 1 -6 0 0 0 0 0 0 0 0 0 0 ]
CSI_DATA,AP,10:B4:1D:CC:60:E0,-22,11,1,7,1,1,1,1,0,0,1,-93,0,6,2,13888418,0,68,0,0,13.5978,384,[0 0 0 0 0 0 0 0 0 0 0 0 -6 9 -6 9 -6 9 -6 9 -5 9 -5 9 -5 8 -5 9 -5 8 -5 9 -4 9 -4 9 -4 9 -4 9 -3 9 -3 9 -3 8 -3 9 -3 9 -3 9 -3 9 -2 9 -2 9 -2 9 -2 9 -2 9 0 0 -3 9 -2 9 -2 9 -3 9 -3 9 -3 9 -3 9 -3 9 -4 8 -4 8 -4 8 -4 8 -4 8 -4 7 -5 7 -5 7 -5 7 -5 6 -5 6 -5 5 -5 5 -5 5 -5 5 -5 4 -5 4 -5 3 0 0 0 0 0 0 0 0 0 0 ]
CSI_DATA,AP,10:B4:1D:CC:60:E0,-22,11,1,7,1,1,1,1,0,0,1,-93,0,6,2,13978481,0,68,0,0,13.6879,384,[0 0 0 0 0 0 0 0 0 0 0 0 -6 9 -6 9 -6 9 -6 9 -6 9 -6 9 -6 9 -5 9 -5 9 -5 9 -4 9 -4 9 -4 9 -4 9 -4 9 -3 9 -3 9 -3 9 -3 9 -3 9 -2 9 -2 9 -2 9 -2 9 -2 9 -2 9 0 0 -2 10 -2 10 -2 10 -2 9 -3 10 -3 10 -3 10 -3 9 -3 9 -3 9 -4 9 -4 8 -4 8 -4 8 -4 7 -4 7 -4 7 -4 7 -5 6 -5 6 -5 5 -5 5 -5 5 -5 5 -5 4 -5 4 0 0 0 0 0 0 0 0 0 0 ]
CSI_DATA,AP,10:B4:1D:CC:60:E0,-22,11,1,7,1,1,1,1,0,0,1,-93,0,6,2,14068437,0,68,0,0,13.7778,384,[0 0 0 0 0 0 0 0 0 0 0 0 10 -4 10 -4 10 -4 10 -4 10 -4 10 -4 9 -5 9 -4 9 -5 9 -5 9 -5 8 -5 8 -5 8 -5 8 -6 8 -6 8 -6 7 -6 7 -6 7 -7 7 -7 7 -7 7 -7 7 -7 7 -7 7 -7 0 0 7 -7 7 -7 7 -7 7 -7 8 -7 8 -7 8 -7 8 -6 7 -6 8 -6 8 -5 8 -5 8 -5 7 -5 7 -4 7 -4 7 -4 7 -4 7 -3 7 -3 7 -3 6 -2 6 -2 6 -2 6 -1 6 -1 0 0 0 0 0 0 0 0 0 0 ]
CSI_DATA,AP,10:B4:1D:CC:60:E0,-22,11,1,7,1,1,1,1,0,0,1,-93,0,6,2,14158500,0,68,0,0,13.8679,384,[0 0 0 0 0 0 0 0 0 0 0 0 11 1 11 1 11 0 11 0 10 0 10 0 10 0 10 0 10 0 10 -1 10 -1 9 -1 9 -1 9 -2 9 -2 9 -2 9 -2 9 -2 9 -3 9 -3 9 -3 9 -3 9 -3 9 -3 9 -3 9 -3 0 0 10 -3 9 -3 10 -3 9 -3 9 -3 9 -2 10 -2 9 -2 10 -2 9 -1 9 -2 9 -1 9 -1 9 -1 8 0 8 0 8 0 8 0 7 1 7 1 7 1 7 1 6 1 6 2 6 2 5 2 0 0 0 0 0 0 0 0 0 0 ]
CSI_DATA,AP,10:B4:1D:CC:60:E0,-22,11,1,7,1,1,1,1,0,0,1,-93,0,6,2,14248558,0,68,0,0,13.958,384,[0 0 0 0 0 0 0 0 0 0 0 0 10 4 9 4 10 4 9 4 9 4 9 4 9 3 9 3 9 3 9 3 9 3 9 2 9 2 9 2 9 2 9 1 9 1 9 1 9 1 9 1 9 1 9 0 9 0 9 0 9 0 9 0 0 0 9 0 9 0 9 0 10 0 9 0 9 1 9 1 9 1 9 1 9 1 9 2 8 2 8 2 8 2 8 2 7 2 7 3 7 3 6 3 6 3 6 3 6 3 5 3 5 3 5 3 4 4 0 0 0 0 0 0 0 0 0 0 ]
CSI_DATA,AP,10:B4:1D:CC:60:E0,-22,11,1,7,1,1,1,1,0,0,1,-93,0,6,2,14338596,0,68,0,0,14.048,384,[0 0 0 0 0 0 0 0 0 0 0 0 3 11 3 10 3 11 3 10 3 10 3 10 3 10 3 9 3 9 4 9 4 9 4 8 4 8 4 8 4 8 5 8 5 7 5 8 5 7 6 7 5 7 6 7 6 7 6 7 6 7 6 7 0 0 6 7 6 7 6 7 6 7 6 7 6 8 6 8 5 8 5 7 5 8 5 8 4 8 4 8 4 7 4 7 3 7 3 7 3 7 2 7 2 6 2 7 2 7 1 6 1 6 0 6 0 6 0 0 0 0 0 0 0 0 0 0 ]
CSI_DATA,AP,10:B4:1D:CC:60:E0,-22,11,1,7,1,1,1,1,0,0,1,-93,0,6,2,14428324,0,68,0,0,14.1377,384,[0 0 0 0 0 0 0 0 0 0 0 0 11 -1 11 -1 10 -1 11 -1 10 -1 10 -2 10 -2 10 -2 10 -2 9 -2 9 -3 9 -3 9 -3 9 -3 9 -4 8 -4 9 -4 8 -4 8 -4 8 -5 8 -5 8 -5 8 -5 8 -5 8 -5 8 -5 0 0 9 -5 8 -5 9 -5 8 -5 9 -5 9 -5 9 -4 9 -4 8 -4 8 -4 8 -4 8 -4 8 -3 8 -3 8 -3 8 -3 7 -2 7 -2 7 -2 7 -1 7 -1 7 -1 6 -1 6 0 6 0 6 0 0 0 0 0 0 0 0 0 0 0 ]
CSI_DATA,AP,10:B4:1D:CC:60:E0,-22,11,1,7,1,1,1,1,0,0,1,-93,0,6,2,14518484,0,68,0,0,14.2279,384,[0 0 0 0 0 0 0 0 0 0 0 0 -1 11 -1 10 -1 11 -1 10 -1 10 0 10 0 10 0 10 0 9 0 10 0 9 0 9 1 9 1 9 1 9 2 9 2 9 2 9 2 9 3 9 2 9 3 9 3 9 3 9 3 9 3 9 0 0 3 9 3 9 3 9 3 9 3 9 3 9 2 9 2 9 2 9 2 9 1 9 1 9 1 8 1 8 1 8 0 8 0 8 0 7 0 7 0 7 -1 7 -1 7 -1 6 -2 6 -2 6 -2 5 0 0 0 0 0 0 0 0 0 0 ]
CSI_DATA,AP,10:B4:1D:CC:60:E0,-22,11,1,7,1,1,1,1,0,0,1,-93,0,6,2,14608652,0,68,0,0,14.318,384,[0 0 0 0 0 0 0 0 0 0 0 0 -8 8 -8 7 -8 8 -8 7 -8 7 -8 7 -7 7 -7 7 -7 7 -6 8 -6 7 -6 7 -6 8 -5 8 -5 8 -5 8 -5 8 -5 8 -4 8 -4 8 -4 8 -4 8 -4 8 -4 9 -4 9 -4 9 0 0 -4 9 -4 9 -4 9 -4 9 -4 9 -5 9 -5 9 -5 8 -5 8 -5 8 -5 8 -5 7 -5 7 -6 7 -6 6 -5 6 -6 6 -6 5 -6 5 -6 5 -6 4 -6 4 -6 4 -6 4 -6 3 -6 2 0 0 0 0 0 0 0 0 0 0 ]
CSI_DATA,AP,10:B4:1D:CC:60:E0,-22,11,1,7,1,1,1,1,0,0,1,-93,0,6,2,14698531,0,68,0,0,14.4079,384,[0 0 0 0 0 0 0 0 0 0 0 0 10 4 10 4 10 4 9 3 10 3 9 3 9 3 9 3 9 2 9 2 9 2 9 2 9 1 9 1 9 1 9 1 9 0 9 0 9 0 9 0 9 0 9 -1 9 -1 9 -1 9 -1 9 -1 0 0 10 -1 10 -1 9 -1 10 -1 9 0 9 0 10 0 9 0 9 0 9 1 9 1 9 1 8 1 8 1 8 1 8 2 7 2 7 2 7 2 7 2 6 2 6 2 6 3 5 3 5 3 5 3 0 0 0 0 0 0 0 0 0 0 ]
CSI_DATA,AP,10:B4:1D:CC:60:E0,-22,11,1,7,1,1,1,1,0,0,1,-93,0,6,2,14788585,0,68,0,0,14.498,384,[0 0 0 0 0 0 0 0 0 0 0 0 -10 -8 -9 -8 -9 -7 -9 -7 -9 -7 -9 -7 -9 -7 -9 -7 -9 -6 -9 -6 -9 -6 -9 -6 -9 -5 -9 -5 -9 -5 -10 -5 -9 -4 -10 -4 -10 -4 -10 -4 -10 -4 -10 -4 -10 -4 -10 -3 -10 -4 -10 -3 0 0 -10 -4 -10 -4 -10 -4 -10 -4 -10 -4 -10 -4 -10 -5 -10 -5 -10 -5 -9 -5 -9 -5 -9 -5 -9 -5 -8 -5 -8 -5 -8 -5 -7 -5 -7 -5 -7 -5 -6 -5 -6 -6 -6 -6 -5 -6 -5 -6 -5 -6 -4 -6 0 0 0 0 0 0 0 0 0 0 ]
CSI_DATA,AP,10:B4:1D:CC:60:E0,-22,11,1,7,1,1,1,1,0,0,1,-93,0,6,2,14878538,0,68,0,0,14.5879,384,[0 0 0 0 0 0 0 0 0 0 0 0 1 -12 1 -12 1 -11 1 -11 1 -11 0 -11 0 -11 0 -11 0 -10 0 -10 0 -10 -1 -10 -1 -10 -1 -10 -1 -10 -2 -10 -2 -10 -2 -10 -2 -10 -2 -10 -2 -10 -3 -10 -2 -10 -3 -10 -3 -10 -3 -10 0 0 -2 -10 -3 -10 -3 -10 -3 -10 -2 -11 -2 -11 -2 -11 -2 -10 -1 -10 -1 -10 -1 -10 -1 -10 0 -9 0 -9 0 -9 0 -9 1 -9 1 -8 1 -8 1 -8 1 -7 2 -7 2 -7 2 -7 2 -6 2 -6 0 0 0 0 0 0 0 0 0 0 ]
CSI_DATA,AP,10:B4:1D:CC:60:E0,-22,11,1,7,1,1,1,1,0,0,1,-93,0,6,2,14968547,0,68,0,0,14.6779,384,[0 0 0 0 0 0 0 0 0 0 0 0 -11 -4 -12 -4 -11 -3 -11 -3 -11 -3 -11 -3 -11 -3 -11 -3 -11 -2 -10 -2 -10 -2 -10 -2 -10 -1 -10 -1 -10 -1 -10 -1 -10 -1 -10 0 -10 0 -10 0 -10 0 -10 0 -10 0 -10 1 -10 1 -11 1 0 0 -11 1 -10 0 -11 0 -10 0 -11 0 -11 0 -11 0 -10 -1 -10 -1 -10 -1 -10 -1 -10 -1 -9 -2 -9 -2 -9 -2 -9 -2 -8 -2 -8 -2 -8 -3 -8 -3 -8 -3 -7 -3 -7 -3 -6 -3 -6 -4 -6 -4 0 0 0 0 0 0 0 0 0 0 ]
CSI_DATA,AP,10:B4:1D:CC:60:E0,-22,11,1,7,1,1,1,1,0,0,1,-93,0,6,2,15058738,0,68,0,0,14.7682,384,[0 0 0 0 0 0 0 0 0 0 0 0 4 10 4 9 4 10 4 9 4 9 4 9 4 9 4 8 5 8 5 8 5 8 5 8 5 8 5 7 5 7 6 7 6 7 6 7 6 7 6 6 6 6 6 6 7 6 7 6 7 6 7 6 0 0 7 6 7 7 7 6 7 7 7 7 6 7 6 7 6 7 6 7 6 7 5 7 5 7 5 7 4 7 4 7 4 7 3 7 3 6 3 6 2 6 2 6 2 6 2 6 1 6 1 6 0 6 0 0 0 0 0 0 0 0 0 0 ]
CSI_DATA,AP,10:B4:1D:CC:60:E0,-22,11,1,7,1,1,1,1,0,0,1,-93,0,6,2,15148490,0,68,0,0,14.8579,384,[0 0 0 0 0 0 0 0 0 0 0 0 -8 -9 -8 -9 -8 -9 -8 -9 -8 -8 -8 -8 -8 -8 -8 -8 -8 -8 -8 -7 -8 -7 -8 -7 -8 -7 -8 -6 -8 -6 -8 -6 -8 -6 -9 -6 -9 -5 -9 -5 -9 -5 -9 -5 -9 -5 -9 -5 -9 -5 -9 -5 0 0 -9 -5 -9 -5 -9 -5 -9 -5 -9 -5 -9 -5 -9 -5 -9 -5 -9 -6 -8 -6 -8 -6 -8 -6 -7 -6 -7 -6 -7 -6 -6 -6 -6 -6 -6 -6 -6 -6 -5 -6 -5 -6 -5 -6 -4 -6 -4 -6 -4 -6 -3 -6 0 0 0 0 0 0 0 0 0 0 ]
CSI_DATA,AP,10:B4:1D:CC:60:E0,-22,11,1,7,1,1,1,1,0,0,1,-93,0,6,2,15238531,0,68,0,0,14.9479,384,[0 0 0 0 0 0 0 0 0 0 0 0 -11 -6 -10 -6 -11 -6 -10 -6 -10 -6 -10 -5 -10 -5 -10 -5 -10 -5 -10 -5 -10 -4 -10 -4 -10 -4 -10 -4 -10 -4 -10 -3 -10 -3 -10 -3 -10 -2 -10 -2 -10 -2 -10 -2 -10 -2 -10 -2 -10 -2 -10 -2 0 0 -11 -2 -10 -2 -10 -2 -10 -2 -10 -2 -10 -2 -10 -3 -10 -3 -10 -3 -9 -3 -9 -3 -9 -3 -9 -4 -8 -4 -8 -4 -8 -4 -8 -4 -7 -4 -7 -4 -7 -4 -7 -4 -6 -4 -6 -5 -5 -4 -5 -5 -5 -5 0 0 0 0 0 0 0 0 0 0 ]
CSI_DATA,AP,10:B4:1D:CC:60:E0,-21,11,1,7,1,1,1,1,0,0,1,-93,0,6,2,15328427,0,68,0,0,15.0378,384,[0 0 0 0 0 0 0 0 0 0 0 0 -12 2 -12 2 -12 2 -11 2 -11 2 -11 2 -11 2 -11 2 -11 2 -10 3 -10 3 -10 3 -10 3 -10 3 -9 3 -10 3 -9 4 -9 4 -9 4 -9 4 -9 4 -9 4 -9 5 -9 5 -9 5 -9 5 0 0 -9 5 -9 5 -9 5 -9 5 -9 4 -9 4 -9 4 -9 4 -9 3 -9 3 -9 3 -9 3 -9 3 -9 2 -9 2 -8 1 -8 1 -8 1 -8 0 -8 0 -8 0 -7 0 -7 0 -7 -1 -7 -1 -7 -1 0 0 0 0 0 0 0 0 0 0 ]
CSI_DATA,AP,10:B4:1D:CC:60:E0,-18,11,1,7,0,1,1,1,0,0,1,-93,0,6,2,15419325,0,68,0,0,15.1287,256,[0 0 0 0 0 0 0 0 0 0 0 0 15 1 15 2 15 1 15 1 14 1 15 1 14 1 14 0 14 0 14 0 13 -1 13 -1 13 -1 13 -2 13 -2 13 -2 13 -2 13 -2 13 -3 13 -3 13 -3 13 -3 13 -4 13 -4 13 -4 13 -4 0 0 13 -3 13 -3 14 -3 13 -3 14 -3 13 -2 13 -2 13 -2 13 -2 13 -1 13 -1 12 -1 12 -1 12 0 11 0 11 1 10 1 10 1 10 2 10 2 9 2 9 2 8 3 8 3 8 3 7 3 0 0 0 0 0 0 0 0 0 0 ]
CSI_DATA,AP,10:B4:1D:CC:60:E0,-16,11,0,0,0,0,0,0,0,0,0,-93,0,6,2,15432956,0,66,0,0,15.1569,128,[0 0 0 0 0 0 0 0 0 0 0 0 -4 -17 -4 -16 -4 -16 -4 -16 -4 -15 -4 -15 -5 -15 -5 -15 -5 -14 -5 -14 -5 -14 -6 -14 -6 -14 -6 -13 -6 -13 -6 -13 -7 -13 -7 -13 -7 -12 -7 -12 -8 -12 -8 -12 -8 -12 -8 -12 -8 -12 -8 -12 0 0 -8 -13 -8 -12 -8 -12 -8 -13 -8 -13 -7 -13 -7 -13 -7 -13 -6 -13 -6 -13 -6 -13 -5 -12 -5 -12 -5 -12 -4 -12 -4 -11 -3 -11 -3 -11 -3 -11 -2 -11 -2 -11 -2 -10 -1 -10 -1 -10 0 -10 0 -9 0 0 0 0 0 0 0 0 0 0 ]
CSI_DATA,AP,10:B4:1D:CC:60:E0,-22,11,1,7,1,1,1,1,0,0,1,-93,0,6,2,15508542,0,68,0,0,15.218,384,[0 0 0 0 0 0 0 0 0 0 0 0 -11 -5 -11 -5 -11 -5 -11 -5 -11 -5 -11 -4 -10 -4 -10 -4 -10 -4 -10 -3 -10 -3 -10 -3 -10 -3 -10 -3 -10 -2 -10 -2 -10 -2 -10 -2 -10 -2 -10 -1 -10 -2 -10 -1 -10 -1 -10 -1 -10 -1 -11 -1 0 0 -11 -1 -10 -1 -11 -1 -11 -1 -11 -1 -11 -1 -10 -2 -10 -2 -10 -2 -10 -2 -10 -2 -10 -2 -9 -3 -9 -3 -9 -3 -8 -3 -8 -3 -8 -3 -8 -3 -7 -4 -7 -4 -7 -4 -6 -4 -6 -4 -6 -4 -5 -4 0 0 0 0 0 0 0 0 0 0 ]
CSI_DATA,AP,10:B4:1D:CC:60:E0,-21,11,1,7,1,1,1,1,0,0,1,-93,0,6,2,15598439,0,68,0,0,15.3078,384,[0 0 0 0 0 0 0 0 0 0 0 0 -4 11 -4 10 -3 11 -3 10 -3 10 -3 10 -3 10 -3 10 -2 9 -2 10 -2 10 -2 9 -1 10 -1 9 -1 9 -1 9 -1 9 0 9 0 9 0 9 0 9 0 9 0 9 0 10 1 9 1 9 0 0 0 10 0 10 0 10 0 10 0 10 0 10 -1 10 -1 10 -1 9 -1 9 -1 9 -2 9 -2 8 -2 8 -2 8 -2 7 -3 8 -3 7 -3 7 -3 6 -3 6 -3 6 -4 6 -4 5 -4 5 -4 5 0 0 0 0 0 0 0 0 0 0 ]
CSI_DATA,AP,10:B4:1D:CC:60:E0,-21,11,1,7,1,1,1,1,0,0,1,-93,0,6,2,15688683,0,68,0,0,15.3981,384,[0 0 0 0 0 0 0 0 0 0 0 0 4 10 4 10 4 10 4 10 4 10 4 10 4 9 4 9 4 9 4 9 4 8 4 8 5 8 5 8 5 8 5 8 5 8 5 7 5 7 5 7 6 7 6 7 6 7 6 7 6 7 6 7 0 0 6 7 6 7 6 8 6 7 6 8 6 8 5 8 5 8 5 8 5 8 4 8 4 8 4 8 3 8 3 7 3 7 2 7 2 7 2 7 2 7 1 6 1 7 1 6 0 6 0 6 -1 6 0 0 0 0 0 0 0 0 0 0 ]
CSI_DATA,AP,10:B4:1D:CC:60:E0,-21,11,1,7,1,1,1,1,0,0,1,-93,0,6,2,15778593,0,68,0,0,15.488,384,[0 0 0 0 0 0 0 0 0 0 0 0 11 2 11 2 11 2 10 2 10 1 10 1 10 1 10 1 10 1 10 1 10 0 10 0 9 0 9 0 9 0 9 -1 9 -1 9 -1 9 -2 9 -2 9 -1 9 -2 9 -2 9 -2 9 -2 9 -2 0 0 10 -2 9 -2 9 -2 10 -2 10 -2 9 -1 9 -1 9 -1 9 -1 9 0 9 0 9 0 8 0 8 0 8 0 7 0 8 1 7 1 7 1 7 1 6 1 6 2 6 2 6 2 5 2 5 2 0 0 0 0 0 0 0 0 0 0 ]
CSI_DATA,AP,10:B4:1D:CC:60:E0,-22,11,1,7,1,1,1,1,0,0,1,-93,0,6,2,15869190,0,68,0,0,15.5786,384,[0 0 0 0 0 0 0 0 0 0 0 0 10 -5 11 -5 10 -5 10 -5 10 -5 10 -5 9 -5 9 -6 9 -6 9 -6 9 -6 9 -6 8 -7 8 -6 8 -7 7 -7 7 -7 7 -7 7 -7 7 -8 7 -7 8 -8 7 -8 7 -8 5 -9 8 -8 0 0 8 -8 8 -7 7 -8 7 -8 7 -9 6 -8 8 -8 7 -8 8 -7 7 -7 6 -6 8 -6 8 -6 8 -6 8 -5 7 -5 7 -5 7 -5 7 -4 6 -4 7 -4 6 -3 6 -3 6 -3 6 -2 6 -2 0 0 0 0 0 0 0 0 0 0 ]
CSI_DATA,AP,10:B4:1D:CC:60:E0,-22,11,1,7,1,1,1,1,0,0,1,-93,0,6,2,15958502,0,68,0,0,15.6679,384,[0 0 0 0 0 0 0 0 0 0 0 0 9 6 9 6 9 6 9 6 8 6 9 6 8 6 8 5 8 5 8 5 8 4 8 4 8 4 9 4 9 4 9 3 9 3 9 3 9 3 9 3 9 3 9 3 9 2 10 2 9 2 10 2 0 0 10 2 9 2 10 2 9 2 10 3 9 3 9 3 9 3 9 3 8 3 8 3 8 4 8 3 8 4 7 4 7 4 6 4 6 4 6 4 5 4 5 4 5 4 5 4 4 4 4 4 4 4 0 0 0 0 0 0 0 0 0 0 ]
CSI_DATA,AP,10:B4:1D:CC:60:E0,-22,11,1,7,1,1,1,1,0,0,1,-93,0,6,2,16048430,0,68,0,0,15.7578,384,[0 0 0 0 0 0 0 0 0 0 0 0 -3 -12 -3 -12 -3 -11 -3 -11 -3 -11 -4 -11 -3 -11 -3 -11 -3 -10 -4 -10 -4 -10 -5 -10 -5 -10 -5 -10 -5 -10 -5 -9 -5 -9 -5 -9 -6 -9 -6 -9 -6 -9 -6 -9 -6 -9 -7 -9 -7 -9 -6 -9 0 0 -6 -9 -6 -9 -6 -10 -6 -9 -6 -10 -6 -10 -5 -10 -5 -10 -5 -10 -5 -10 -5 -9 -4 -9 -4 -9 -4 -9 -3 -9 -3 -9 -3 -9 -2 -8 -2 -8 -1 -8 -1 -8 -1 -8 -1 -8 -1 -7 0 -7 0 -7 0 0 0 0 0 0 0 0 0 0 ]
CSI_DATA,AP,10:B4:1D:CC:60:E0,-22,11,1,7,1,1,1,1,0,0,1,-93,0,6,2,16138537,0,68,0,0,15.8479,384,[0 0 0 0 0 0 0 0 0 0 0 0 4 10 4 10 4 10 4 10 4 10 4 9 4 9 4 9 4 9 5 9 5 8 5 8 5 8 5 8 6 8 6 7 6 7 6 7 6 7 6 7 6 7 7 7 7 7 7 7 7 7 7 7 0 0 7 7 7 7 7 7 7 7 7 7 7 8 7 8 6 8 6 7 6 8 6 7 5 7 5 8 5 7 5 7 4 7 4 7 4 7 3 7 3 7 2 7 2 7 2 7 2 6 1 6 1 6 0 0 0 0 0 0 0 0 0 0 ]
CSI_DATA,AP,10:B4:1D:CC:60:E0,-23,11,1,7,1,1,1,1,0,0,1,-93,0,6,2,16228529,0,68,0,0,15.9379,384,[0 0 0 0 0 0 0 0 0 0 0 0 -3 11 -3 11 -3 11 -2 11 -2 11 -2 10 -2 10 -2 10 -2 10 -1 10 -1 10 -1 10 -1 10 0 10 0 10 0 9 0 10 1 10 1 10 1 10 1 10 1 10 1 9 2 10 2 10 2 10 0 0 2 10 2 10 2 10 1 10 1 10 1 10 1 10 1 10 0 10 0 10 0 9 0 10 0 9 -1 9 -1 9 -1 8 -1 8 -1 8 -2 8 -2 7 -2 7 -3 7 -2 7 -3 6 -3 6 -3 6 0 0 0 0 0 0 0 0 0 0 ]
CSI_DATA,AP,10:B4:1D:CC:60:E0,-23,11,1,7,1,1,1,1,0,0,1,-93,0,6,2,16318540,0,68,0,0,16.0279,384,[0 0 0 0 0 0 0 0 0 0 0 0 2 11 2 10 2 11 2 10 2 10 2 10 2 10 2 10 3 9 3 10 3 9 3 9 4 9 4 9 4 9 4 8 4 8 4 8 5 8 5 8 5 8 5 8 5 8 6 8 6 8 6 8 0 0 6 8 6 8 6 8 6 8 5 8 5 9 5 9 4 9 4 9 4 9 4 8 4 8 3 8 3 8 3 8 2 8 2 8 2 7 1 7 1 7 1 7 0 7 0 7 0 7 0 6 -1 6 0 0 0 0 0 0 0 0 0 0 ]

