--- Warning: GDB cannot open serial ports accessed as COMx
--- Using \\.\COM5 instead...
--- esp-idf-monitor 1.9.0 on \\.\COM5 115200
--- Quit: Ctrl+] | Menu: Ctrl+T | Help: Ctrl+T followed by Ctrl+H
Executing action: monitor
Running idf_monitor in directory C:\ESP32-CSI-Tool\active_ap
Executing "C:\Espressif\python_env\idf5.5_py3.11_env\Scripts\python.exe C:\Espressif\frameworks\esp-idf-v5.5.4-3\tools/idf_monitor.py -p COM5 -b 115200 --toolchain-prefix xtensa-esp32s3-elf- --target esp32s3 --revision 0 C:\ESP32-CSI-Tool\active_ap\build\active-ap.elf C:\ESP32-CSI-Tool\active_ap\build\bootloader\bootloader.elf --force-color -m 'C:\Espressif\python_env\idf5.5_py3.11_env\Scripts\python.exe' 'C:\Espressif\frameworks\esp-idf-v5.5.4-3\tools\idf.py' '-p' 'COM5'"...
ESP-ROM:esp32s3-20210327
Build:Mar 27 2021
rst:0x1 (POWERON),boot:0x8 (SPI_FAST_FLASH_BOOT)
SPIWP:0xee
mode:DIO, clock div:1
load:0x3fce2820,len:0x14f0
load:0x403c8700,len:0xd24
--- 0x403c8700: _stext at ??:?
load:0x403cb700,len:0x2ef0
entry 0x403c8924
--- 0x403c8924: call_start_cpu0 at C:/Espressif/frameworks/esp-idf-v5.5.4-3/components/bootloader/subproject/main/bootloader_start.c:27
I (24) boot: ESP-IDF v5.5.4 2nd stage bootloader
I (25) boot: compile time Jun 25 2026 19:04:14
I (25) boot: Multicore bootloader
I (25) boot: chip revision: v0.2
I (28) boot: efuse block revision: v1.3
I (31) boot.esp32s3: Boot SPI Speed : 80MHz
I (35) boot.esp32s3: SPI Mode       : DIO
I (39) boot.esp32s3: SPI Flash Size : 2MB
I (43) boot: Enabling RNG early entropy source...
I (47) boot: Partition Table:
I (50) boot: ## Label            Usage          Type ST Offset   Length
I (56) boot:  0 nvs              WiFi data        01 02 00009000 00006000
I (63) boot:  1 phy_init         RF data          01 01 0000f000 00001000
I (69) boot:  2 factory          factory app      00 00 00010000 00100000
I (76) boot: End of partition table
I (79) esp_image: segment 0: paddr=00010020 vaddr=3c0c0020 size=1e414h (123924) map
I (108) esp_image: segment 1: paddr=0002e43c vaddr=3fc9a400 size=01bdch (  7132) load
I (110) esp_image: segment 2: paddr=00030020 vaddr=42000020 size=b082ch (722988) map
I (239) esp_image: segment 3: paddr=000e0854 vaddr=3fc9bfdc size=03320h ( 13088) load
I (242) esp_image: segment 4: paddr=000e3b7c vaddr=40374000 size=1631ch ( 90908) load
I (263) esp_image: segment 5: paddr=000f9ea0 vaddr=50000000 size=00020h (    32) load
I (272) boot: Loaded app from partition at offset 0x10000
I (272) boot: Disabling RNG early entropy source...
I (282) cpu_start: Multicore app
I (291) cpu_start: GPIO 44 and 43 are used as console UART I/O pins
I (292) cpu_start: Pro cpu start user code
I (292) cpu_start: cpu freq: 160000000 Hz
I (293) app_init: Application information:
I (297) app_init: Project name:     active-ap
I (301) app_init: App version:      cce5b1a-dirty
I (305) app_init: Compile time:     Jul  2 2026 19:28:44
I (311) app_init: ELF file SHA256:  509764614...
I (315) app_init: ESP-IDF:          v5.5.4
I (319) efuse_init: Min chip rev:     v0.0
I (322) efuse_init: Max chip rev:     v0.99 
I (326) efuse_init: Chip rev:         v0.2
I (330) heap_init: Initializing. RAM available for dynamic allocation:
I (337) heap_init: At 3FCA4190 len 00045580 (277 KiB): RAM
I (342) heap_init: At 3FCE9710 len 00005724 (21 KiB): RAM
I (347) heap_init: At 3FCF0000 len 00008000 (32 KiB): DRAM
I (352) heap_init: At 600FE000 len 00001FE8 (7 KiB): RTCRAM
I (359) spi_flash: detected chip: generic
I (361) spi_flash: flash io: dio
W (364) spi_flash: Detected size(16384k) larger than the size in the binary image header(2048k). Using the size in the binary image header.
I (377) sleep_gpio: Configure to isolate all GPIO pins in sleep state
I (383) sleep_gpio: Enable automatic switching of GPIO sleep configuration
I (390) main_task: Started on CPU0
I (410) main_task: Calling app_main()








-----------------------
ESP32 CSI Tool Settings
-----------------------
PROJECT_NAME: ACTIVE_AP
CONFIG_ESPTOOLPY_MONITOR_BAUD: 115200
CONFIG_ESP_CONSOLE_UART_BAUDRATE: 115200
IDF_VER: v5.5.4
-----------------------
WIFI_CHANNEL: 6
ESP_WIFI_SSID: testopen
ESP_WIFI_PASSWORD: 
SHOULD_COLLECT_CSI: 1
SHOULD_COLLECT_ONLY_LLTF: 1
SEND_CSI_TO_SERIAL: 1
SEND_CSI_TO_SD: 0
-----------------------








I (460) pp: pp rom version: e7ae62f
I (460) net80211: net80211 rom version: e7ae62f
I (470) wifi:wifi driver task: 3fca9000, prio:23, stack:6656, core=0
I (470) wifi:wifi firmware version: 0947e8b
I (470) wifi:wifi certification version: v7.0
I (470) wifi:config NVS flash: enabled
I (470) wifi:config nano formatting: disabled
I (480) wifi:Init data frame dynamic rx buffer num: 32
I (480) wifi:Init static rx mgmt buffer num: 5
I (490) wifi:Init management short buffer num: 32
I (490) wifi:Init dynamic tx buffer num: 32
I (500) wifi:Init static tx FG buffer num: 2
I (500) wifi:Init static rx buffer size: 2212
I (500) wifi:Init static rx buffer num: 10
I (510) wifi:Init dynamic rx buffer num: 32
I (510) wifi_init: rx ba win: 6
I (510) wifi_init: accept mbox: 6
I (520) wifi_init: tcpip mbox: 32
I (520) wifi_init: udp mbox: 6
I (520) wifi_init: tcp mbox: 6
I (530) wifi_init: tcp tx win: 5760
I (530) wifi_init: tcp rx win: 5760
I (530) wifi_init: tcp mss: 1440
I (540) wifi_init: WiFi IRAM OP enabled
I (540) wifi_init: WiFi RX IRAM OP enabled
W (550) wifi:Affected by the ESP-NOW encrypt num, set the max connection num to 10
I (550) phy_init: phy_version 711,97bcf0a2,Aug 25 2025,19:04:10
I (610) wifi:mode : softAP (10:b4:1d:cc:60:ad)
I (610) wifi:Total power save buffer number: 16
I (610) wifi:Init max length of beacon: 752/752
I (610) wifi:Init max length of beacon: 752/752
I (620) wifi:Set ps type: 0, coexist: 0
I (620) esp_netif_lwip: DHCP server started on interface WIFI_AP_DEF with IP: 192.168.4.1

I (630) Active CSI collection (AP): softap_init finished. SSID:testopen password:
type,role,mac,rssi,rate,sig_mode,mcs,bandwidth,smoothing,not_sounding,aggregation,stbc,fec_coding,sgi,noise_floor,ampdu_cnt,channel,secondary_channel,local_timestamp,ant,sig_len,rx_state,real_time_set,real_timestamp,len,CSI_DATA
I (650) main_task: Returned from app_main()
I (3100) wifi:new:<6,2>, old:<6,2>, ap:<6,2>, sta:<255,255>, prof:6, snd_ch_cfg:0x0
I (3100) wifi:station: 10:b4:1d:cc:60:e0 join, AID=1, bgn, 40D
I (3110) Active CSI collection (AP): station join, AID=1
CSI_DATA,AP,00:00:00:00:00:00,-12,11,0,0,0,0,0,0,0,0,0,-94,0,6,2,3107178,0,14,0,0,2.81794,128,[0 0 0 0 0 0 0 0 0 0 0 0 13 -10 13 -10 13 -10 12 -10 12 -10 12 -10 11 -10 11 -10 11 -10 11 -10 10 -10 10 -10 10 -10 9 -10 9 -10 9 -11 8 -11 8 -11 8 -11 8 -11 8 -11 8 -12 8 -11 8 -12 8 -12 8 -12 0 0 8 -12 8 -12 7 -12 8 -12 8 -11 8 -11 8 -11 8 -10 8 -10 9 -10 8 -10 8 -9 9 -9 8 -8 8 -8 8 -8 8 -7 8 -7 8 -6 8 -6 8 -5 8 -5 8 -5 8 -4 7 -4 7 -3 0 0 0 0 0 0 0 0 0 0 ]
CSI_DATA,AP,10:B4:1D:CC:60:E0,-12,11,0,0,0,0,0,0,0,0,0,-94,0,6,2,3130569,0,374,0,0,2.86038,128,[0 0 0 0 0 0 0 0 0 0 0 0 -15 -6 -16 -6 -15 -6 -15 -5 -15 -5 -14 -5 -14 -5 -14 -4 -14 -4 -14 -3 -14 -3 -14 -3 -14 -3 -14 -3 -14 -2 -13 -2 -14 -2 -13 -1 -14 -1 -13 -1 -13 -1 -14 -1 -13 -1 -14 0 -14 0 -14 0 0 0 -14 0 -14 0 -14 -1 -14 -1 -14 -1 -14 -1 -14 -2 -14 -2 -13 -2 -13 -2 -13 -2 -12 -3 -12 -3 -12 -3 -11 -3 -11 -3 -10 -3 -10 -4 -10 -4 -9 -4 -9 -4 -9 -4 -8 -4 -8 -5 -7 -5 -7 -5 0 0 0 0 0 0 0 0 0 0 ]
CSI_DATA,AP,00:00:00:00:00:00,-12,11,0,0,0,0,0,0,0,0,0,-94,0,6,2,3201136,0,14,0,0,2.91053,128,[0 0 0 0 0 0 0 0 0 0 0 0 -15 6 -15 6 -14 7 -14 7 -14 7 -13 7 -13 7 -13 7 -12 7 -12 7 -12 7 -12 7 -12 7 -12 7 -11 8 -11 8 -10 8 -10 8 -10 8 -10 9 -10 9 -9 9 -10 9 -10 9 -10 9 -10 9 0 0 -10 10 -10 10 -10 9 -10 9 -10 9 -10 9 -10 9 -10 9 -10 8 -10 8 -10 7 -10 7 -10 6 -10 6 -10 6 -9 5 -9 5 -9 5 -9 4 -9 4 -9 4 -9 3 -9 3 -9 2 -9 2 -8 1 0 0 0 0 0 0 0 0 0 0 ]
CSI_DATA,AP,10:B4:1D:CC:60:E0,-12,11,0,0,0,0,0,0,0,0,0,-94,0,6,2,3202806,0,374,0,0,2.94259,128,[0 0 0 0 0 0 0 0 0 0 0 0 15 -5 15 -5 15 -5 14 -5 14 -5 14 -5 14 -5 13 -5 13 -5 13 -6 13 -6 12 -6 12 -6 12 -6 11 -6 11 -7 11 -7 11 -7 11 -7 11 -7 11 -7 11 -8 11 -8 11 -8 11 -8 11 -8 0 0 11 -8 11 -8 11 -8 11 -8 11 -7 11 -7 11 -7 12 -6 11 -6 11 -6 11 -6 11 -5 11 -5 10 -4 10 -4 10 -4 10 -3 9 -3 9 -2 9 -2 9 -2 9 -1 9 -1 8 -1 8 0 8 0 0 0 0 0 0 0 0 0 0 0 ]
I (3270) esp_netif_lwip: DHCP server assigned IP to a client, IP is: 192.168.4.2
CSI_DATA,AP,00:00:00:00:00:00,-12,11,0,0,0,0,0,0,0,0,0,-94,0,6,2,3277530,0,14,0,0,2.98695,128,[0 0 0 0 0 0 0 0 0 0 0 0 -1 16 0 16 0 15 0 15 0 14 0 14 1 14 1 14 1 14 1 13 1 13 1 13 2 13 2 13 2 13 3 12 3 12 3 12 3 12 3 12 3 12 4 12 3 12 4 12 4 12 4 13 0 0 4 12 4 12 4 12 4 12 3 13 3 12 3 12 2 12 2 12 2 12 1 12 1 11 0 11 0 11 0 11 0 10 0 10 -1 10 -1 9 -1 9 -1 9 -2 9 -2 8 -2 8 -3 7 -3 7 0 0 0 0 0 0 0 0 0 0 ]
CSI_DATA,AP,10:B4:1D:CC:60:E0,-12,11,0,0,0,0,0,0,0,0,0,-94,0,6,2,3278419,0,66,0,0,3.02397,128,[0 0 0 0 0 0 0 0 0 0 0 0 0 -17 -1 -17 -1 -16 -1 -16 -1 -16 -1 -15 -1 -15 -2 -15 -2 -15 -2 -14 -2 -15 -3 -14 -3 -14 -3 -14 -3 -14 -4 -13 -4 -13 -4 -13 -4 -13 -5 -13 -5 -13 -5 -13 -5 -13 -5 -13 -5 -13 -5 -13 0 0 -5 -13 -5 -13 -5 -13 -5 -14 -5 -13 -4 -13 -4 -13 -4 -13 -3 -13 -3 -13 -3 -13 -2 -13 -2 -12 -2 -12 -2 -11 -1 -11 -1 -11 -1 -11 0 -10 0 -10 0 -10 1 -10 1 -9 1 -9 2 -9 2 -8 0 0 0 0 0 0 0 0 0 0 ]
CSI_DATA,AP,10:B4:1D:CC:60:E0,-12,11,0,0,0,0,0,0,0,0,0,-94,0,6,2,3780268,0,66,0,0,3.48973,128,[0 0 0 0 0 0 0 0 0 0 0 0 4 15 4 15 4 14 4 15 4 14 4 14 4 14 4 13 4 13 5 12 5 12 5 12 5 12 5 12 5 12 6 11 6 11 6 11 6 11 6 11 6 11 6 11 6 11 7 11 7 11 7 11 0 0 7 11 7 11 7 11 7 11 6 12 6 11 6 12 5 11 5 11 5 11 4 11 4 11 3 11 3 11 2 10 2 10 2 10 2 10 1 9 1 9 1 9 0 9 0 8 0 8 -1 8 -1 7 0 0 0 0 0 0 0 0 0 0 ]
CSI_DATA,AP,10:B4:1D:CC:60:E0,-13,11,0,0,0,0,0,0,0,0,0,-94,0,6,2,4137630,0,66,0,0,3.84708,128,[0 0 0 0 0 0 0 0 0 0 0 0 -13 11 -12 10 -12 10 -11 10 -12 11 -11 10 -10 10 -10 10 -10 10 -10 10 -10 10 -9 10 -9 10 -9 10 -8 10 -8 11 -8 10 -8 11 -7 11 -7 11 -7 11 -7 11 -7 11 -7 11 -7 12 -7 12 0 0 -7 11 -7 12 -7 11 -7 12 -7 11 -8 11 -8 11 -8 10 -8 10 -8 10 -8 9 -8 9 -8 9 -8 8 -8 8 -8 7 -8 7 -8 6 -8 6 -8 6 -8 5 -8 5 -8 5 -8 4 -8 3 -8 3 0 0 0 0 0 0 0 0 0 0 ]
CSI_DATA,AP,10:B4:1D:CC:60:E0,-12,11,0,0,0,0,0,0,0,0,0,-94,0,6,2,4643876,0,66,0,0,4.35334,128,[0 0 0 0 0 0 0 0 0 0 0 0 -9 13 -9 13 -8 13 -8 13 -8 13 -7 13 -7 12 -7 13 -7 12 -6 12 -6 12 -6 12 -5 12 -5 12 -5 12 -4 12 -4 12 -4 12 -4 12 -3 12 -3 12 -3 13 -3 13 -3 13 -3 13 -3 13 0 0 -3 13 -3 13 -3 13 -3 13 -3 13 -3 13 -4 12 -4 12 -4 12 -4 12 -4 11 -5 11 -5 11 -5 10 -5 10 -5 9 -5 9 -5 9 -5 8 -6 8 -6 7 -6 7 -6 7 -6 6 -6 6 -6 5 0 0 0 0 0 0 0 0 0 0 ]
CSI_DATA,AP,00:00:00:00:00:00,-14,9,0,0,0,0,0,0,0,0,0,-94,0,6,2,4675874,0,14,0,0,4.38527,128,[0 0 0 0 0 0 0 0 0 0 0 0 -1 -17 -2 -16 -2 -16 -2 -16 -2 -16 -2 -15 -2 -15 -2 -15 -3 -15 -3 -14 -3 -14 -3 -14 -3 -14 -3 -14 -4 -13 -4 -13 -5 -13 -5 -13 -5 -13 -5 -13 -5 -13 -6 -13 -5 -13 -5 -13 -5 -13 -5 -13 0 0 -6 -13 -5 -13 -5 -13 -5 -13 -5 -13 -5 -13 -4 -13 -4 -13 -4 -13 -3 -13 -3 -13 -3 -13 -2 -12 -2 -12 -2 -12 -1 -11 -1 -11 -1 -11 0 -10 0 -10 0 -10 0 -10 1 -9 1 -9 2 -9 2 -8 0 0 0 0 0 0 0 0 0 0 ]
CSI_DATA,AP,00:00:00:00:00:00,-13,11,0,0,0,0,0,0,0,0,0,-94,0,6,2,4676040,0,14,0,0,4.42627,128,[0 0 0 0 0 0 0 0 0 0 0 0 15 -8 14 -8 14 -8 14 -8 14 -8 13 -8 13 -8 13 -8 12 -8 12 -8 12 -9 11 -9 11 -9 11 -9 11 -9 10 -10 10 -9 10 -10 10 -10 9 -10 10 -10 10 -10 10 -11 9 -10 9 -11 10 -11 0 0 9 -11 10 -11 10 -11 10 -10 10 -10 10 -10 10 -10 10 -9 10 -9 10 -9 10 -8 10 -8 10 -7 10 -7 10 -6 9 -6 9 -6 9 -5 9 -5 9 -4 9 -4 9 -4 9 -3 8 -3 8 -2 8 -1 0 0 0 0 0 0 0 0 0 0 ]
CSI_DATA,AP,10:B4:1D:CC:60:E0,-13,11,0,0,0,0,0,0,0,0,0,-94,0,6,2,4676812,0,37,0,0,4.46599,128,[0 0 0 0 0 0 0 0 0 0 0 0 15 4 14 3 15 3 14 3 15 3 13 2 14 2 13 3 13 2 14 2 13 1 13 1 13 1 13 1 12 0 13 0 12 0 13 -1 12 -1 13 -1 13 -1 13 -1 13 -1 13 -2 13 -1 13 -2 0 0 13 -1 14 -2 12 -1 14 -1 13 -1 13 0 13 0 13 0 12 0 13 1 12 1 11 1 11 1 10 1 11 1 10 1 10 2 9 2 9 2 9 3 8 3 8 3 8 3 7 3 7 3 6 4 0 0 0 0 0 0 0 0 0 0 ]
CSI_DATA,AP,10:B4:1D:CC:60:E0,-18,11,1,7,1,1,1,0,0,0,1,-94,0,6,2,4677075,0,68,0,0,4.5017,384,[0 0 0 0 0 0 0 0 0 0 0 0 -12 1 -11 1 -12 1 -11 1 -11 1 -11 1 -11 1 -11 1 -10 2 -10 2 -10 2 -10 2 -10 2 -9 2 -10 3 -9 2 -9 3 -9 3 -9 3 -9 3 -9 3 -9 3 -9 4 -9 4 -9 4 -9 4 0 0 -9 4 -9 4 -9 4 -9 4 -9 4 -9 4 -9 3 -9 3 -9 3 -9 2 -9 2 -9 2 -9 2 -8 2 -8 1 -8 1 -8 1 -8 1 -7 0 -7 0 -7 0 -7 0 -7 -1 -6 -1 -6 -1 -6 -2 0 0 0 0 0 0 0 0 0 0 ]
CSI_DATA,AP,10:B4:1D:CC:60:E0,-13,11,0,0,0,0,0,0,0,0,0,-94,0,6,2,4677704,0,37,0,0,4.53838,128,[0 0 0 0 0 0 0 0 0 0 0 0 -16 -7 -16 -6 -16 -6 -16 -6 -16 -5 -15 -5 -15 -5 -15 -4 -15 -4 -15 -4 -15 -4 -15 -4 -15 -3 -15 -3 -14 -3 -15 -2 -14 -2 -15 -1 -14 -1 -14 -1 -15 -1 -15 -1 -15 -1 -15 -1 -15 -1 -15 -1 0 0 -15 -1 -15 0 -15 -1 -15 -1 -14 -1 -15 -1 -15 -2 -14 -2 -14 -2 -14 -3 -13 -3 -13 -3 -13 -3 -12 -3 -12 -4 -11 -3 -11 -4 -11 -4 -10 -4 -10 -4 -10 -4 -9 -5 -9 -5 -8 -5 -8 -5 -7 -5 0 0 0 0 0 0 0 0 0 0 ]
CSI_DATA,AP,10:B4:1D:CC:60:E0,-18,11,1,7,1,1,1,0,0,0,1,-94,0,6,2,4743247,0,68,0,0,4.58215,384,[0 0 0 0 0 0 0 0 0 0 0 0 5 10 5 9 5 9 5 9 5 9 5 8 5 8 5 8 5 8 5 8 5 8 5 8 5 7 5 7 6 7 6 6 6 6 6 6 6 6 6 6 6 6 6 6 7 6 7 6 7 6 7 6 0 0 7 6 7 6 7 6 7 6 7 6 6 6 6 7 6 6 6 6 5 6 5 6 5 6 4 6 4 6 4 6 4 6 3 6 3 6 3 6 2 6 2 6 2 6 1 6 1 5 1 5 1 5 0 0 0 0 0 0 0 0 0 0 ]
CSI_DATA,AP,10:B4:1D:CC:60:E0,-19,11,1,7,1,1,1,0,0,0,1,-94,0,6,2,4832939,0,68,0,0,4.61297,384,[0 0 0 0 0 0 0 0 0 0 0 0 7 -9 7 -9 7 -9 7 -9 7 -9 6 -9 6 -9 6 -9 6 -9 5 -9 5 -9 5 -9 5 -9 4 -9 4 -9 4 -9 4 -9 3 -9 3 -9 3 -9 3 -9 3 -9 3 -9 3 -10 3 -10 3 -10 0 0 3 -10 3 -10 3 -10 3 -10 3 -10 3 -10 3 -9 3 -9 4 -9 4 -9 4 -8 4 -8 4 -8 4 -8 4 -7 4 -7 4 -7 4 -6 4 -6 4 -6 4 -6 4 -5 4 -5 4 -5 4 -4 4 -4 0 0 0 0 0 0 0 0 0 0 ]
CSI_DATA,AP,10:B4:1D:CC:60:E0,-18,11,1,7,1,1,1,0,0,0,1,-94,0,6,2,4922924,0,68,0,0,4.65072,384,[0 0 0 0 0 0 0 0 0 0 0 0 10 3 10 3 10 3 10 2 10 2 10 3 9 2 9 2 9 2 9 2 10 2 9 1 9 1 9 1 9 1 9 0 9 0 9 0 9 0 9 0 9 -1 9 -1 9 -1 9 -1 9 -1 9 -1 0 0 9 -1 9 -1 9 -1 9 -1 9 0 9 0 9 0 9 0 9 1 9 1 8 1 8 1 8 1 8 1 7 2 7 2 7 2 7 2 6 2 6 2 6 3 5 2 5 2 5 3 4 3 4 3 0 0 0 0 0 0 0 0 0 0 ]
CSI_DATA,AP,00:00:00:00:00:00,-13,11,0,0,0,0,0,0,0,0,0,-94,0,6,2,4972325,0,14,0,0,4.68242,128,[0 0 0 0 0 0 0 0 0 0 0 0 -3 15 -3 15 -3 15 -3 15 -2 14 -2 14 -2 14 -2 14 -2 14 -1 13 -1 13 -1 13 0 13 0 13 0 13 0 13 0 13 1 13 1 13 1 13 1 13 1 13 1 12 2 13 2 13 2 13 0 0 1 13 1 13 1 13 1 13 0 13 0 13 0 13 0 13 -1 12 -1 12 -1 12 -1 11 -2 11 -2 11 -3 10 -3 10 -3 10 -3 10 -3 9 -4 9 -4 8 -4 8 -4 8 -4 7 -5 7 -5 6 0 0 0 0 0 0 0 0 0 0 ]
I (5010) wifi:<ba-add>idx:2 (ifx:1, 10:b4:1d:cc:60:e0), tid:0, ssn:0, winSize:64
CSI_DATA,AP,10:B4:1D:CC:60:E0,-19,11,1,7,1,1,1,1,0,0,1,-94,0,6,2,5013030,0,68,0,0,4.72586,384,[0 0 0 0 0 0 0 0 0 0 0 0 -11 -6 -11 -6 -11 -5 -10 -5 -10 -5 -10 -5 -10 -5 -10 -5 -10 -5 -10 -4 -10 -4 -10 -4 -10 -3 -10 -3 -10 -3 -10 -3 -10 -3 -10 -2 -10 -2 -10 -2 -10 -2 -10 -2 -10 -2 -10 -1 -10 -1 -10 -1 0 0 -10 -2 -10 -2 -10 -2 -10 -2 -10 -2 -10 -2 -10 -3 -10 -3 -10 -3 -9 -3 -9 -3 -9 -3 -9 -3 -8 -3 -8 -4 -8 -4 -7 -4 -7 -4 -7 -4 -6 -4 -6 -4 -6 -4 -6 -4 -5 -4 -5 -4 -5 -5 0 0 0 0 0 0 0 0 0 0 ]
CSI_DATA,AP,10:B4:1D:CC:60:E0,-18,11,1,7,1,1,1,1,0,0,0,-94,0,6,2,5020036,0,68,0,0,4.76837,384,[0 0 0 0 0 0 0 0 0 0 0 0 -10 5 -10 5 -10 5 -9 5 -10 5 -9 5 -9 5 -9 5 -8 5 -9 5 -8 5 -8 5 -8 5 -7 6 -8 5 -7 6 -7 6 -7 6 -7 6 -7 6 -7 6 -7 6 -6 6 -6 6 -7 7 -7 6 0 0 -7 6 -7 7 -7 6 -7 6 -7 6 -7 6 -7 6 -7 5 -8 5 -7 5 -7 5 -7 5 -7 4 -7 4 -7 3 -7 3 -7 3 -7 3 -7 2 -6 2 -7 2 -6 2 -6 2 -6 1 -6 1 -6 0 0 0 0 0 0 0 0 0 0 0 ]
CSI_DATA,AP,10:B4:1D:CC:60:E0,-18,11,1,7,1,1,1,1,0,0,1,-94,0,6,2,5100986,0,68,0,0,4.81037,384,[0 0 0 0 0 0 0 0 0 0 0 0 3 -11 3 -11 3 -11 3 -11 3 -11 3 -10 3 -10 2 -10 2 -10 2 -10 2 -10 1 -10 1 -10 1 -10 1 -10 1 -10 0 -10 0 -10 0 -10 0 -10 0 -10 0 -10 0 -10 -1 -10 0 -10 -1 -10 0 0 0 -10 0 -10 0 -10 0 -10 0 -10 1 -10 1 -10 1 -10 1 -9 1 -9 1 -9 1 -9 2 -9 2 -8 2 -8 2 -8 2 -8 2 -7 2 -7 2 -7 3 -6 3 -6 3 -6 3 -6 3 -5 3 -5 0 0 0 0 0 0 0 0 0 0 ]
CSI_DATA,AP,10:B4:1D:CC:60:E0,-13,11,0,0,0,0,0,0,0,0,0,-94,0,6,2,5137597,0,66,0,0,4.84705,128,[0 0 0 0 0 0 0 0 0 0 0 0 14 -8 13 -8 14 -8 13 -8 13 -8 12 -8 12 -8 11 -9 11 -8 11 -8 11 -9 11 -8 10 -9 10 -9 10 -9 10 -10 9 -9 9 -10 9 -10 8 -10 8 -10 8 -10 8 -10 8 -10 9 -10 9 -11 0 0 8 -11 9 -11 9 -10 9 -11 9 -10 9 -10 9 -10 9 -10 9 -9 9 -9 9 -8 9 -8 9 -7 9 -7 9 -7 8 -6 8 -6 8 -6 8 -5 8 -5 8 -4 8 -4 8 -4 8 -3 7 -3 7 -2 0 0 0 0 0 0 0 0 0 0 ]
CSI_DATA,AP,10:B4:1D:CC:60:E0,-19,11,1,7,1,1,1,1,0,0,1,-94,0,6,2,5193070,0,68,0,0,4.90243,384,[0 0 0 0 0 0 0 0 0 0 0 0 -6 -10 -7 -10 -6 -10 -6 -10 -6 -9 -6 -10 -6 -9 -6 -9 -6 -9 -6 -8 -7 -8 -6 -8 -7 -8 -7 -8 -7 -8 -7 -7 -7 -8 -7 -7 -7 -7 -7 -7 -8 -7 -8 -7 -8 -7 -8 -7 -8 -7 -8 -7 0 0 -8 -7 -8 -7 -8 -7 -8 -7 -7 -7 -7 -7 -7 -7 -7 -7 -7 -8 -6 -7 -6 -7 -6 -7 -5 -7 -5 -7 -5 -7 -5 -7 -4 -7 -4 -7 -4 -7 -3 -7 -3 -7 -3 -7 -2 -6 -2 -6 -2 -6 -2 -6 0 0 0 0 0 0 0 0 0 0 ]
CSI_DATA,AP,10:B4:1D:CC:60:E0,-18,11,1,7,1,1,1,1,0,0,1,-94,0,6,2,5283123,0,68,0,0,4.99251,384,[0 0 0 0 0 0 0 0 0 0 0 0 10 -5 10 -5 10 -5 10 -5 9 -5 9 -5 9 -5 9 -5 9 -5 8 -5 8 -5 8 -6 8 -6 7 -6 8 -6 7 -6 7 -6 6 -6 7 -7 7 -7 7 -6 7 -7 6 -7 6 -7 6 -7 6 -7 0 0 7 -7 7 -7 7 -7 7 -7 7 -7 7 -7 7 -6 7 -6 7 -6 7 -5 7 -5 7 -5 7 -5 7 -5 7 -4 6 -4 7 -4 6 -3 6 -3 6 -2 6 -2 6 -2 6 -2 6 -2 5 -1 5 -1 0 0 0 0 0 0 0 0 0 0 ]
CSI_DATA,AP,10:B4:1D:CC:60:E0,-18,11,1,7,1,1,1,1,0,0,1,-94,0,6,2,5373033,0,68,0,0,5.08242,384,[0 0 0 0 0 0 0 0 0 0 0 0 11 0 11 0 11 0 11 0 10 0 10 0 10 0 10 0 10 -1 9 -1 9 -1 9 -1 9 -1 9 -2 9 -2 9 -2 9 -2 9 -2 9 -2 9 -2 8 -3 9 -3 9 -3 9 -3 9 -3 9 -3 0 0 9 -3 9 -3 9 -3 9 -2 9 -2 9 -2 9 -2 9 -2 9 -1 8 -1 9 -1 8 -1 8 -1 8 -1 8 0 7 0 7 0 7 1 7 1 6 1 6 1 6 1 6 1 5 2 5 2 5 2 0 0 0 0 0 0 0 0 0 0 ]
CSI_DATA,AP,10:B4:1D:CC:60:E0,-18,11,1,7,1,1,1,1,0,0,1,-94,0,6,2,5463155,0,68,0,0,5.17256,384,[0 0 0 0 0 0 0 0 0 0 0 0 6 9 6 9 6 8 6 8 6 8 6 8 6 8 6 8 6 8 6 7 6 7 6 7 6 6 6 6 7 6 6 6 7 6 7 6 7 5 7 5 7 5 7 5 7 5 7 5 7 5 8 5 0 0 7 5 7 5 7 5 7 5 7 5 7 6 7 6 6 6 6 6 6 6 6 6 6 6 5 6 5 6 5 6 4 6 4 6 4 6 3 5 3 5 3 5 2 5 2 5 2 5 2 5 1 5 0 0 0 0 0 0 0 0 0 0 ]
CSI_DATA,AP,10:B4:1D:CC:60:E0,-19,11,1,7,1,1,1,1,0,0,1,-94,0,6,2,5553167,0,68,0,0,5.26255,384,[0 0 0 0 0 0 0 0 0 0 0 0 8 -8 8 -8 8 -8 8 -8 7 -8 7 -8 7 -8 7 -8 6 -8 6 -8 6 -8 6 -8 5 -8 5 -8 5 -8 5 -8 5 -8 4 -8 4 -9 4 -9 4 -9 4 -9 4 -9 4 -9 4 -9 4 -9 0 0 4 -9 4 -9 4 -9 4 -9 4 -9 5 -9 5 -9 5 -8 5 -8 5 -8 5 -7 5 -7 5 -7 5 -7 5 -6 5 -6 5 -6 5 -5 5 -5 5 -5 5 -4 5 -4 5 -4 5 -4 5 -3 5 -3 0 0 0 0 0 0 0 0 0 0 ]
CSI_DATA,AP,10:B4:1D:CC:60:E0,-18,11,1,7,1,1,1,1,0,0,1,-94,0,6,2,5643076,0,68,0,0,5.35247,384,[0 0 0 0 0 0 0 0 0 0 0 0 8 7 8 7 8 6 8 6 8 6 8 6 8 6 7 6 7 5 8 5 8 5 8 5 8 4 8 4 8 4 8 4 8 4 8 3 8 3 8 3 8 3 8 3 8 3 8 3 8 2 8 3 0 0 8 3 8 3 8 3 8 3 8 3 8 3 8 4 8 3 7 3 7 4 7 4 6 4 6 4 6 4 6 4 6 4 5 4 5 4 5 4 5 4 4 4 4 4 4 4 3 4 3 4 3 4 0 0 0 0 0 0 0 0 0 0 ]
CSI_DATA,AP,10:B4:1D:CC:60:E0,-19,11,1,7,1,1,1,1,0,0,1,-94,0,6,2,5733004,0,68,0,0,5.44238,384,[0 0 0 0 0 0 0 0 0 0 0 0 -7 9 -7 8 -7 9 -7 8 -7 8 -7 8 -6 8 -6 8 -6 8 -6 8 -5 8 -5 8 -5 8 -5 8 -5 8 -4 8 -4 8 -4 8 -4 9 -4 9 -4 8 -4 9 -3 9 -3 9 -3 9 -3 9 0 0 -3 9 -3 9 -3 9 -3 9 -4 9 -4 9 -4 8 -4 8 -4 8 -4 8 -4 7 -5 7 -5 7 -5 7 -5 6 -5 6 -5 6 -5 5 -5 5 -5 5 -5 5 -5 4 -5 4 -5 4 -5 3 -5 3 0 0 0 0 0 0 0 0 0 0 ]
CSI_DATA,AP,10:B4:1D:CC:60:E0,-18,11,1,7,1,1,1,1,0,0,1,-94,0,6,2,5823068,0,68,0,0,5.53245,384,[0 0 0 0 0 0 0 0 0 0 0 0 8 -8 8 -8 8 -8 8 -8 7 -8 7 -8 7 -8 7 -7 7 -8 6 -8 6 -8 6 -8 5 -8 5 -8 5 -9 5 -8 5 -8 5 -8 4 -9 4 -9 4 -9 4 -9 4 -9 4 -9 4 -9 4 -9 0 0 4 -9 4 -9 4 -9 4 -9 4 -9 4 -9 4 -9 5 -8 5 -8 4 -8 4 -8 4 -8 5 -7 5 -7 5 -6 5 -6 5 -6 4 -5 5 -5 4 -5 5 -5 5 -5 5 -4 5 -4 4 -4 4 -3 0 0 0 0 0 0 0 0 0 0 ]
CSI_DATA,AP,10:B4:1D:CC:60:E0,-18,11,1,7,1,1,1,1,0,0,1,-94,0,6,2,5913128,0,68,0,0,5.62251,384,[0 0 0 0 0 0 0 0 0 0 0 0 -6 10 -6 9 -6 9 -6 9 -5 9 -5 9 -5 9 -5 9 -5 9 -5 9 -4 9 -4 8 -4 9 -4 9 -4 9 -3 8 -3 9 -3 8 -3 9 -3 9 -3 9 -3 9 -3 9 -3 9 -2 9 -2 9 0 0 -3 9 -3 9 -3 9 -3 9 -3 9 -3 9 -4 9 -4 8 -4 8 -4 8 -4 7 -4 7 -4 7 -4 7 -5 6 -5 6 -5 6 -4 5 -5 5 -5 5 -5 4 -5 4 -5 4 -5 4 -5 3 -5 3 0 0 0 0 0 0 0 0 0 0 ]
CSI_DATA,AP,10:B4:1D:CC:60:E0,-19,11,1,7,1,1,1,1,0,0,1,-94,0,6,2,6003187,0,68,0,0,5.71257,384,[0 0 0 0 0 0 0 0 0 0 0 0 -9 -8 -9 -8 -9 -8 -9 -8 -9 -7 -9 -7 -9 -7 -8 -7 -8 -7 -9 -6 -9 -6 -9 -6 -9 -6 -9 -5 -9 -5 -9 -5 -9 -5 -9 -5 -9 -5 -9 -4 -9 -4 -9 -4 -9 -4 -10 -4 -10 -4 -10 -4 0 0 -10 -4 -9 -4 -9 -4 -10 -4 -9 -4 -9 -5 -9 -5 -9 -5 -9 -5 -8 -5 -8 -5 -8 -5 -8 -5 -7 -5 -7 -5 -7 -5 -6 -5 -6 -5 -6 -5 -5 -5 -5 -5 -5 -5 -5 -5 -4 -5 -4 -5 -4 -5 0 0 0 0 0 0 0 0 0 0 ]
CSI_DATA,AP,10:B4:1D:CC:60:E0,-19,11,1,7,1,1,1,1,0,0,1,-94,0,6,2,6093154,0,68,0,0,5.80254,384,[0 0 0 0 0 0 0 0 0 0 0 0 -9 8 -9 7 -8 7 -8 7 -8 7 -8 7 -8 7 -8 7 -7 7 -7 7 -7 7 -7 7 -6 8 -6 8 -6 8 -6 7 -6 8 -5 8 -5 8 -6 8 -5 8 -5 8 -5 8 -5 8 -5 8 -5 8 0 0 -5 8 -5 8 -5 8 -5 8 -6 8 -6 8 -6 7 -6 7 -6 7 -6 6 -6 6 -6 6 -6 6 -7 6 -6 5 -6 5 -6 5 -6 4 -6 4 -6 3 -6 3 -6 3 -6 3 -6 2 -6 2 -6 2 0 0 0 0 0 0 0 0 0 0 ]
CSI_DATA,AP,10:B4:1D:CC:60:E0,-13,11,0,0,0,0,0,0,0,0,0,-94,0,6,2,6137565,0,66,0,0,5.84701,128,[0 0 0 0 0 0 0 0 0 0 0 0 -17 1 -17 2 -17 2 -16 2 -16 2 -16 2 -15 2 -15 3 -15 3 -14 3 -14 3 -14 4 -14 4 -14 4 -14 4 -13 5 -13 5 -13 5 -13 5 -13 5 -13 6 -13 6 -12 6 -13 6 -13 6 -13 7 0 0 -13 6 -13 6 -13 6 -13 6 -13 6 -13 6 -13 5 -13 5 -13 4 -13 4 -13 4 -12 4 -12 3 -12 3 -12 2 -11 2 -11 2 -11 2 -11 1 -10 1 -10 1 -10 0 -10 0 -9 0 -9 -1 -9 -1 0 0 0 0 0 0 0 0 0 0 ]
CSI_DATA,AP,10:B4:1D:CC:60:E0,-18,11,1,7,1,1,1,1,0,0,1,-94,0,6,2,6183098,0,68,0,0,5.89248,384,[0 0 0 0 0 0 0 0 0 0 0 0 -1 11 -1 11 -1 11 -1 10 -1 10 -1 10 0 10 0 10 0 10 0 10 0 9 0 9 0 9 1 9 1 9 1 9 1 9 1 9 1 9 2 9 1 9 2 9 2 9 2 9 2 9 2 9 0 0 2 9 2 9 2 9 2 9 2 9 2 9 1 9 1 9 1 8 1 9 1 8 0 8 0 8 0 8 -1 8 -1 7 -1 7 -1 7 -1 7 -1 6 -2 6 -2 6 -2 6 -2 6 -2 5 -3 5 0 0 0 0 0 0 0 0 0 0 ]
CSI_DATA,AP,10:B4:1D:CC:60:E0,-15,11,1,7,0,1,1,1,0,0,1,-94,0,6,2,6273898,0,68,0,0,5.98329,256,[0 0 0 0 0 0 0 0 0 0 0 0 15 3 15 3 15 3 14 2 14 2 14 2 14 2 14 1 14 1 13 1 13 1 13 0 13 0 13 0 13 -1 12 -1 13 -1 13 -1 13 -2 12 -2 12 -2 13 -2 13 -3 12 -2 13 -3 13 -3 0 0 13 -3 13 -2 13 -2 13 -2 13 -2 13 -2 12 -2 12 -1 12 -1 12 -1 12 0 11 0 11 0 11 0 10 1 10 1 10 1 9 1 9 2 9 2 9 2 8 2 8 2 7 3 7 3 7 3 0 0 0 0 0 0 0 0 0 0 ]
CSI_DATA,AP,10:B4:1D:CC:60:E0,-19,11,1,7,1,1,1,1,0,0,1,-94,0,6,2,6363154,0,68,0,0,6.07254,384,[0 0 0 0 0 0 0 0 0 0 0 0 -5 10 -4 10 -4 10 -4 10 -4 10 -4 10 -4 9 -4 9 -4 9 -3 9 -3 9 -3 9 -3 9 -2 9 -2 9 -2 9 -2 9 -2 9 -2 9 -2 9 -2 9 -1 9 -1 9 -1 9 -1 9 -1 9 0 0 -1 9 -1 9 -1 9 -2 9 -2 9 -2 9 -2 9 -3 9 -3 8 -3 8 -3 8 -3 8 -3 8 -3 7 -3 7 -3 7 -4 7 -4 6 -4 6 -4 6 -4 5 -4 5 -4 5 -4 4 -4 4 -4 4 0 0 0 0 0 0 0 0 0 0 ]
CSI_DATA,AP,10:B4:1D:CC:60:E0,-18,11,1,7,1,1,1,1,0,0,1,-94,0,6,2,6453110,0,68,0,0,6.16249,384,[0 0 0 0 0 0 0 0 0 0 0 0 -10 6 -10 5 -10 6 -10 6 -9 6 -9 6 -9 6 -9 5 -9 5 -8 6 -8 6 -8 6 -8 6 -8 6 -8 6 -7 6 -7 6 -7 6 -7 7 -7 7 -7 7 -7 7 -7 7 -7 7 -7 7 -7 7 0 0 -7 7 -6 7 -6 7 -7 7 -7 7 -7 7 -7 7 -7 6 -7 6 -7 5 -7 6 -7 5 -7 5 -7 4 -7 4 -7 4 -7 3 -7 3 -6 3 -7 3 -6 2 -7 2 -7 2 -6 2 -6 1 -6 1 0 0 0 0 0 0 0 0 0 0 ]
CSI_DATA,AP,10:B4:1D:CC:60:E0,-19,11,1,7,1,1,1,1,0,0,1,-94,0,6,2,6542983,0,68,0,0,6.25237,384,[0 0 0 0 0 0 0 0 0 0 0 0 -2 11 -2 11 -2 11 -1 10 -1 10 -1 10 -1 10 -1 10 -1 10 -1 10 0 9 0 9 0 9 0 9 0 9 1 9 1 9 1 9 1 9 1 9 2 9 2 9 2 9 2 9 2 9 2 9 0 0 2 9 2 9 2 9 2 9 2 9 1 9 1 9 1 9 1 9 1 9 1 8 0 8 0 8 0 8 0 8 0 7 -1 7 -1 7 -1 6 -1 6 -2 6 -2 6 -2 6 -2 5 -2 5 -3 5 0 0 0 0 0 0 0 0 0 0 ]
CSI_DATA,AP,10:B4:1D:CC:60:E0,-18,11,1,7,1,1,1,1,0,0,1,-94,0,6,2,6633118,0,68,0,0,6.34251,384,[0 0 0 0 0 0 0 0 0 0 0 0 7 -9 7 -8 7 -8 7 -9 6 -8 6 -8 6 -8 6 -8 6 -8 5 -8 5 -8 5 -8 5 -8 5 -8 5 -8 4 -8 4 -8 4 -8 4 -9 4 -9 4 -9 4 -9 3 -9 3 -9 3 -9 3 -9 0 0 4 -9 3 -9 3 -9 4 -9 4 -9 4 -9 4 -9 4 -8 4 -8 4 -8 4 -8 4 -7 5 -7 5 -7 4 -6 4 -6 5 -6 4 -6 4 -5 4 -5 4 -5 5 -4 4 -4 4 -4 4 -3 5 -3 0 0 0 0 0 0 0 0 0 0 ]
CSI_DATA,AP,10:B4:1D:CC:60:E0,-18,11,1,7,1,1,1,1,0,0,1,-94,0,6,2,6723059,0,68,0,0,6.43244,384,[0 0 0 0 0 0 0 0 0 0 0 0 -11 0 -11 0 -11 1 -11 0 -11 1 -11 1 -11 1 -10 1 -10 1 -10 1 -10 2 -10 1 -10 2 -10 2 -9 2 -9 2 -9 2 -9 2 -9 3 -9 3 -9 3 -9 3 -9 3 -9 3 -9 3 -9 3 0 0 -9 3 -9 3 -9 3 -9 3 -9 3 -10 3 -9 3 -9 2 -9 2 -9 2 -9 1 -9 1 -9 1 -8 1 -8 1 -8 0 -8 0 -7 0 -7 0 -7 0 -7 -1 -7 -1 -7 -1 -6 -1 -6 -2 -6 -2 0 0 0 0 0 0 0 0 0 0 ]
CSI_DATA,AP,10:B4:1D:CC:60:E0,-19,11,1,7,1,1,1,1,0,0,1,-94,0,6,2,6812965,0,68,0,0,6.52235,384,[0 0 0 0 0 0 0 0 0 0 0 0 -7 9 -7 9 -7 9 -7 9 -7 9 -6 9 -6 8 -6 8 -6 8 -6 8 -5 8 -5 8 -5 8 -5 8 -5 8 -4 8 -4 8 -4 8 -4 9 -4 9 -4 9 -3 9 -3 9 -3 9 -3 9 -3 9 0 0 -3 9 -3 9 -3 9 -4 9 -4 9 -4 9 -4 9 -4 8 -4 8 -4 8 -5 7 -5 7 -5 7 -5 7 -5 6 -5 6 -5 6 -5 5 -5 5 -5 5 -5 4 -5 4 -5 4 -5 3 -5 3 -5 3 0 0 0 0 0 0 0 0 0 0 ]
CSI_DATA,AP,10:B4:1D:CC:60:E0,-18,11,1,7,1,1,1,1,0,0,1,-94,0,6,2,6903033,0,68,0,0,6.61242,384,[0 0 0 0 0 0 0 0 0 0 0 0 -11 4 -10 4 -10 5 -10 5 -10 5 -9 5 -9 4 -9 4 -9 4 -9 5 -9 5 -8 5 -8 5 -8 5 -8 5 -8 6 -7 5 -7 6 -7 6 -7 6 -7 6 -7 6 -7 6 -7 6 -7 7 -7 6 0 0 -7 6 -7 6 -7 6 -7 6 -7 6 -7 6 -7 6 -7 5 -7 5 -8 5 -7 4 -7 4 -7 4 -7 4 -7 3 -7 3 -7 3 -7 3 -7 3 -6 2 -6 2 -6 2 -6 1 -6 1 -6 1 -6 0 0 0 0 0 0 0 0 0 0 0 ]
CSI_DATA,AP,10:B4:1D:CC:60:E0,-19,11,1,7,1,1,1,1,0,0,1,-94,0,6,2,6993048,0,68,0,0,6.70243,384,[0 0 0 0 0 0 0 0 0 0 0 0 8 -8 8 -8 8 -8 8 -8 7 -8 7 -8 7 -8 7 -8 7 -8 7 -8 6 -8 6 -8 6 -8 6 -8 5 -8 5 -8 5 -8 5 -8 5 -8 4 -9 4 -9 4 -9 4 -9 4 -9 4 -9 4 -9 0 0 4 -9 4 -9 4 -9 5 -9 5 -9 5 -9 5 -9 5 -8 5 -8 5 -8 5 -7 5 -7 5 -7 5 -7 5 -6 5 -6 5 -6 5 -5 5 -5 5 -5 5 -4 5 -4 5 -4 5 -4 5 -3 5 -3 0 0 0 0 0 0 0 0 0 0 ]
CSI_DATA,AP,10:B4:1D:CC:60:E0,-19,11,1,7,1,1,1,1,0,0,1,-94,0,6,2,7083083,0,68,0,0,6.79246,384,[0 0 0 0 0 0 0 0 0 0 0 0 -5 10 -5 10 -5 10 -5 10 -5 10 -4 10 -4 9 -4 9 -4 9 -3 9 -3 9 -3 9 -3 9 -3 9 -3 9 -2 9 -2 9 -2 9 -2 9 -2 9 -1 9 -1 9 -1 9 -1 9 -1 9 -1 9 0 0 -1 9 -1 9 -1 9 -2 9 -2 9 -2 9 -2 9 -2 9 -2 8 -2 8 -2 8 -3 8 -3 8 -3 8 -3 7 -3 7 -3 7 -3 6 -3 6 -4 6 -4 5 -4 5 -4 5 -4 5 -4 4 -4 4 0 0 0 0 0 0 0 0 0 0 ]
CSI_DATA,AP,10:B4:1D:CC:60:E0,-13,11,0,0,0,0,0,0,0,0,0,-94,0,6,2,7137577,0,66,0,0,6.84703,128,[0 0 0 0 0 0 0 0 0 0 0 0 -8 14 -7 14 -7 14 -7 14 -7 13 -6 13 -6 13 -6 13 -6 13 -5 12 -5 13 -4 13 -4 13 -4 13 -3 13 -3 12 -3 13 -3 12 -3 13 -2 12 -2 13 -2 13 -2 12 -1 13 -1 13 -1 13 0 0 -2 13 -2 13 -2 13 -2 13 -2 13 -2 13 -3 13 -3 12 -4 12 -3 12 -4 12 -4 11 -4 11 -4 11 -4 10 -4 10 -4 9 -5 9 -5 8 -5 8 -5 8 -5 7 -5 7 -5 7 -5 6 -6 6 0 0 0 0 0 0 0 0 0 0 ]
CSI_DATA,AP,10:B4:1D:CC:60:E0,-18,11,1,7,1,1,1,1,0,0,1,-94,0,6,2,7173064,0,68,0,0,6.88244,384,[0 0 0 0 0 0 0 0 0 0 0 0 8 7 8 7 8 6 8 6 8 6 8 6 8 6 8 6 8 5 8 5 8 5 8 5 8 4 8 4 8 4 8 4 8 3 8 3 8 3 8 3 8 3 8 3 8 3 8 3 8 2 9 3 0 0 9 3 9 3 8 3 8 3 9 3 8 3 8 3 8 3 8 3 8 3 7 4 7 4 7 4 7 4 6 4 6 4 5 4 5 4 5 4 5 4 5 4 4 4 4 4 3 4 3 4 3 4 0 0 0 0 0 0 0 0 0 0 ]
CSI_DATA,AP,10:B4:1D:CC:60:E0,-18,11,1,7,1,1,1,1,0,0,1,-94,0,6,2,7262961,0,68,0,0,6.97234,384,[0 0 0 0 0 0 0 0 0 0 0 0 7 8 6 8 7 8 6 8 7 7 7 7 6 7 6 7 6 7 6 6 7 6 7 6 7 5 7 5 7 5 7 5 7 5 7 5 7 5 7 4 7 5 7 4 7 4 8 4 8 4 8 4 0 0 8 4 8 4 7 4 8 4 7 4 7 5 7 5 7 5 6 5 6 5 6 5 6 5 6 5 5 5 5 5 5 5 4 5 4 5 4 5 3 5 3 5 3 5 3 5 2 5 2 5 2 5 0 0 0 0 0 0 0 0 0 0 ]
CSI_DATA,AP,10:B4:1D:CC:60:E0,-19,11,1,7,1,1,1,1,0,0,1,-94,0,6,2,7353039,0,68,0,0,7.06242,384,[0 0 0 0 0 0 0 0 0 0 0 0 -11 4 -11 4 -11 4 -11 4 -10 4 -10 4 -10 4 -10 4 -10 4 -9 4 -9 4 -9 4 -9 5 -9 5 -9 5 -8 5 -8 5 -8 5 -8 6 -8 6 -8 6 -8 6 -8 6 -8 6 -8 6 -8 6 0 0 -8 6 -8 6 -8 6 -8 6 -8 6 -8 6 -8 5 -8 5 -8 5 -8 5 -8 4 -8 4 -8 4 -8 4 -8 3 -7 3 -7 3 -7 2 -7 2 -7 2 -7 1 -7 1 -7 1 -7 1 -6 0 -6 0 0 0 0 0 0 0 0 0 0 0 ]
CSI_DATA,AP,10:B4:1D:CC:60:E0,-18,11,1,7,1,1,1,1,0,0,1,-94,0,6,2,7445101,0,68,0,0,7.15449,384,[0 0 0 0 0 0 0 0 0 0 0 0 0 -12 0 -11 0 -11 1 -11 0 -11 0 -11 0 -11 0 -11 0 -11 -1 -10 -1 -10 -1 -10 -1 -10 -1 -10 -1 -10 -2 -10 -2 -10 -2 -9 -2 -10 -2 -10 -2 -9 -2 -10 -3 -10 -3 -10 -3 -10 -3 -9 0 0 -3 -10 -3 -10 -3 -10 -3 -9 -2 -10 -2 -10 -2 -10 -2 -10 -2 -9 -1 -9 -1 -9 -1 -9 -1 -9 0 -8 0 -8 0 -8 0 -8 0 -8 0 -7 1 -7 1 -7 1 -7 1 -6 1 -6 1 -6 2 -6 0 0 0 0 0 0 0 0 0 0 ]
CSI_DATA,AP,10:B4:1D:CC:60:E0,-18,11,1,7,1,1,1,1,0,0,1,-94,0,6,2,7533102,0,68,0,0,7.24248,384,[0 0 0 0 0 0 0 0 0 0 0 0 -12 2 -11 2 -11 2 -11 2 -11 2 -11 2 -11 2 -10 3 -10 2 -10 3 -10 3 -9 3 -9 4 -9 4 -9 4 -9 4 -9 4 -8 4 -9 5 -9 4 -9 5 -8 5 -8 5 -8 5 -8 5 -9 5 0 0 -9 5 -8 5 -9 5 -8 5 -9 5 -9 5 -9 5 -9 4 -9 4 -8 3 -8 3 -8 3 -8 3 -8 3 -8 2 -8 2 -8 2 -8 2 -7 1 -7 1 -7 1 -7 0 -7 0 -7 0 -6 0 -6 -1 0 0 0 0 0 0 0 0 0 0 ]
CSI_DATA,AP,10:B4:1D:CC:60:E0,-18,11,1,7,1,1,1,1,0,0,1,-94,0,6,2,7623054,0,68,0,0,7.33244,384,[0 0 0 0 0 0 0 0 0 0 0 0 -11 3 -11 4 -11 4 -10 4 -10 4 -10 4 -10 4 -10 4 -9 4 -9 4 -9 4 -9 4 -9 4 -8 5 -8 5 -8 5 -8 5 -8 5 -8 5 -8 5 -8 5 -8 6 -8 6 -7 6 -7 6 -7 6 0 0 -7 6 -8 6 -8 6 -8 6 -8 6 -8 6 -8 5 -8 5 -8 5 -8 4 -7 4 -8 4 -8 4 -7 3 -7 3 -7 3 -7 3 -7 2 -7 2 -7 2 -7 2 -7 1 -6 1 -6 1 -6 0 -6 0 0 0 0 0 0 0 0 0 0 0 ]
CSI_DATA,AP,10:B4:1D:CC:60:E0,-18,11,1,7,1,1,1,1,0,0,1,-94,0,6,2,7713256,0,68,0,0,7.42264,384,[0 0 0 0 0 0 0 0 0 0 0 0 -1 11 -1 10 -1 11 -1 10 -1 10 -1 10 0 10 -1 10 -1 9 0 10 0 9 0 9 0 9 1 9 1 9 1 9 1 9 1 9 1 9 2 9 2 9 2 8 2 9 2 9 2 9 2 9 0 0 2 9 2 9 2 9 2 9 1 9 1 9 1 9 1 8 1 8 0 8 0 8 0 8 -1 8 -1 7 0 7 -1 7 -1 7 -1 7 -2 6 -2 6 -2 6 -2 6 -2 5 -3 5 -3 5 -3 4 0 0 0 0 0 0 0 0 0 0 ]
CSI_DATA,AP,10:B4:1D:CC:60:E0,-18,11,1,7,1,1,1,1,0,0,1,-94,0,6,2,7803084,0,68,0,0,7.51247,384,[0 0 0 0 0 0 0 0 0 0 0 0 11 2 10 2 10 1 10 1 10 2 10 1 9 1 10 1 10 1 9 0 9 0 9 0 9 0 9 -1 9 -1 9 -1 9 -1 9 -1 9 -2 9 -1 9 -2 9 -2 9 -2 9 -2 9 -2 9 -2 0 0 9 -2 9 -2 9 -2 9 -2 9 -2 9 -2 9 -1 9 -1 8 -1 9 -1 8 0 8 0 8 0 7 0 7 0 7 0 7 0 6 1 6 1 6 1 6 1 5 1 5 2 5 1 5 2 5 2 0 0 0 0 0 0 0 0 0 0 ]
CSI_DATA,AP,10:B4:1D:CC:60:E0,-18,11,1,7,1,1,1,1,0,0,1,-94,0,6,2,7893146,0,68,0,0,7.60253,384,[0 0 0 0 0 0 0 0 0 0 0 0 -6 -11 -5 -10 -5 -11 -5 -10 -5 -10 -5 -10 -5 -10 -5 -9 -5 -9 -6 -9 -6 -9 -6 -8 -6 -9 -6 -8 -6 -8 -7 -8 -6 -8 -7 -8 -7 -7 -7 -8 -6 -7 -7 -7 -7 -7 -7 -7 -7 -7 -7 -7 0 0 -7 -7 -7 -7 -7 -7 -7 -7 -7 -7 -7 -8 -7 -8 -6 -8 -6 -8 -6 -8 -6 -8 -6 -8 -5 -7 -5 -8 -5 -8 -4 -7 -4 -7 -4 -7 -3 -7 -3 -7 -3 -7 -2 -7 -2 -6 -2 -6 -2 -6 -1 -6 0 0 0 0 0 0 0 0 0 0 ]
CSI_DATA,AP,10:B4:1D:CC:60:E0,-18,11,1,7,1,1,1,1,0,0,1,-94,0,6,2,7982957,0,68,0,0,7.69233,384,[0 0 0 0 0 0 0 0 0 0 0 0 -12 -4 -11 -3 -11 -3 -11 -3 -11 -3 -11 -3 -11 -2 -11 -2 -10 -2 -10 -2 -10 -2 -10 -2 -10 -1 -10 -1 -10 -1 -10 -1 -10 0 -10 0 -10 0 -10 0 -10 0 -10 0 -10 0 -10 1 -10 1 -10 1 0 0 -10 0 -10 1 -10 0 -10 0 -10 0 -10 0 -10 0 -10 0 -10 -1 -10 -1 -9 -1 -9 -1 -9 -1 -8 -1 -8 -2 -8 -2 -8 -2 -7 -2 -7 -3 -7 -3 -7 -3 -7 -3 -6 -3 -6 -3 -6 -3 -5 -4 0 0 0 0 0 0 0 0 0 0 ]
CSI_DATA,AP,10:B4:1D:CC:60:E0,-18,11,1,7,1,1,1,1,0,0,1,-94,0,6,2,8073089,0,68,0,0,7.78247,384,[0 0 0 0 0 0 0 0 0 0 0 0 -3 -12 -3 -11 -3 -11 -3 -11 -3 -11 -4 -10 -4 -10 -4 -10 -4 -10 -4 -10 -4 -10 -4 -9 -4 -9 -5 -9 -5 -9 -5 -9 -5 -9 -5 -9 -5 -9 -5 -9 -5 -9 -5 -9 -5 -8 -6 -9 -6 -9 -6 -8 0 0 -5 -9 -6 -9 -5 -9 -6 -9 -5 -9 -5 -9 -4 -9 -4 -9 -4 -9 -4 -9 -4 -9 -3 -8 -3 -9 -2 -8 -3 -8 -2 -8 -2 -8 -2 -8 -1 -7 -1 -7 -1 -7 -1 -7 0 -7 0 -7 0 -6 1 -6 0 0 0 0 0 0 0 0 0 0 ]
CSI_DATA,AP,10:B4:1D:CC:60:E0,-18,11,1,7,1,1,1,1,0,0,1,-94,0,6,2,8163079,0,68,0,0,7.87246,384,[0 0 0 0 0 0 0 0 0 0 0 0 -10 -6 -10 -6 -10 -5 -10 -5 -10 -5 -10 -5 -10 -5 -10 -5 -10 -5 -10 -4 -10 -4 -9 -4 -10 -4 -10 -3 -9 -3 -10 -3 -9 -3 -10 -3 -10 -3 -10 -3 -9 -3 -10 -3 -10 -3 -10 -2 -10 -2 -10 -2 0 0 -10 -3 -10 -3 -10 -3 -10 -3 -10 -3 -10 -3 -9 -4 -9 -4 -9 -4 -9 -4 -9 -4 -8 -4 -8 -4 -8 -4 -7 -5 -7 -5 -7 -5 -6 -5 -6 -5 -6 -5 -5 -5 -5 -5 -5 -5 -5 -5 -4 -5 -4 -5 0 0 0 0 0 0 0 0 0 0 ]
CSI_DATA,AP,10:B4:1D:CC:60:E0,-18,11,1,7,1,1,1,1,0,0,1,-94,0,6,2,8253037,0,68,0,0,7.96242,384,[0 0 0 0 0 0 0 0 0 0 0 0 -11 -4 -11 -4 -11 -4 -11 -4 -11 -4 -10 -3 -11 -3 -10 -3 -10 -3 -10 -3 -10 -2 -10 -2 -10 -2 -10 -2 -10 -1 -10 -1 -10 -1 -10 -1 -10 -1 -10 -1 -10 -1 -10 -1 -10 0 -10 0 -10 0 -10 0 0 0 -10 0 -10 0 -10 0 -10 0 -10 0 -10 -1 -10 -1 -10 -1 -10 -1 -9 -1 -9 -1 -9 -2 -9 -2 -8 -2 -8 -2 -8 -2 -8 -3 -7 -3 -7 -3 -7 -3 -6 -3 -6 -3 -6 -3 -6 -3 -5 -4 -5 -4 0 0 0 0 0 0 0 0 0 0 ]
CSI_DATA,AP,10:B4:1D:CC:60:E0,-18,11,1,7,1,1,1,1,0,0,1,-94,0,6,2,8342978,0,68,0,0,8.05236,384,[0 0 0 0 0 0 0 0 0 0 0 0 -7 -10 -7 -9 -7 -9 -7 -9 -7 -9 -7 -9 -7 -9 -7 -9 -7 -8 -7 -8 -7 -8 -7 -7 -7 -7 -8 -7 -7 -7 -8 -7 -8 -6 -8 -6 -8 -6 -8 -6 -8 -6 -8 -6 -8 -6 -8 -6 -8 -5 -9 -6 0 0 -8 -6 -8 -6 -8 -6 -8 -6 -8 -6 -8 -7 -7 -7 -7 -7 -7 -7 -7 -7 -7 -6 -6 -7 -6 -7 -6 -7 -5 -7 -5 -6 -5 -6 -5 -6 -4 -6 -4 -6 -4 -6 -3 -6 -3 -6 -3 -6 -3 -6 -2 -6 0 0 0 0 0 0 0 0 0 0 ]
CSI_DATA,AP,10:B4:1D:CC:60:E0,-19,11,1,7,1,1,1,1,0,0,1,-94,0,6,2,8433029,0,68,0,0,8.14241,384,[0 0 0 0 0 0 0 0 0 0 0 0 5 10 5 10 5 9 5 9 5 9 5 9 5 9 5 8 5 8 5 8 6 8 6 8 6 7 6 7 6 7 6 7 6 7 6 6 6 6 6 6 6 6 6 6 7 6 7 6 7 6 7 6 0 0 7 6 7 6 7 6 7 6 6 6 6 7 6 7 6 7 6 7 5 7 5 7 5 6 4 7 4 6 4 6 4 6 3 6 3 6 2 6 2 6 2 6 2 6 1 6 1 6 1 5 1 5 0 0 0 0 0 0 0 0 0 0 ]
CSI_DATA,AP,10:B4:1D:CC:60:E0,-18,11,1,7,1,1,1,1,0,0,1,-94,0,6,2,8523027,0,68,0,0,8.23241,384,[0 0 0 0 0 0 0 0 0 0 0 0 10 -5 10 -5 10 -5 9 -5 9 -5 9 -5 9 -5 8 -5 8 -5 8 -5 8 -5 8 -5 8 -6 7 -6 7 -6 7 -6 7 -6 7 -6 6 -7 7 -7 7 -7 7 -7 6 -7 6 -7 6 -7 6 -7 0 0 7 -7 7 -7 7 -7 7 -7 7 -7 7 -7 7 -6 7 -6 7 -6 7 -5 7 -5 7 -5 7 -5 7 -5 7 -4 6 -4 6 -3 6 -3 6 -3 6 -3 6 -2 6 -3 6 -2 5 -2 5 -1 5 -1 0 0 0 0 0 0 0 0 0 0 ]
CSI_DATA,AP,10:B4:1D:CC:60:E0,-19,11,1,7,1,1,1,1,0,0,1,-94,0,6,2,8613006,0,68,0,0,8.32239,384,[0 0 0 0 0 0 0 0 0 0 0 0 7 -9 7 -9 6 -9 6 -9 6 -9 6 -9 6 -9 5 -9 5 -8 5 -9 5 -9 4 -9 4 -9 4 -9 4 -9 4 -9 4 -9 3 -9 3 -9 3 -9 3 -9 3 -9 3 -9 3 -10 3 -9 3 -9 0 0 3 -9 3 -9 3 -9 3 -9 3 -10 4 -9 4 -9 4 -9 4 -8 4 -8 4 -8 4 -8 4 -7 4 -7 4 -7 4 -6 4 -6 4 -6 4 -5 4 -5 4 -5 4 -4 4 -4 4 -4 4 -4 4 -3 0 0 0 0 0 0 0 0 0 0 ]
CSI_DATA,AP,10:B4:1D:CC:60:E0,-18,11,1,7,1,1,1,1,0,0,1,-94,0,6,2,8703100,0,68,0,0,8.41247,384,[0 0 0 0 0 0 0 0 0 0 0 0 2 11 2 10 2 10 1 10 2 10 2 10 2 10 2 9 2 9 2 9 2 9 3 9 3 9 3 8 3 8 4 8 4 8 4 8 4 8 4 8 4 8 4 8 4 8 4 8 4 8 4 7 0 0 4 8 4 8 4 8 4 8 4 8 4 8 4 8 3 8 3 8 3 8 3 7 2 8 2 7 2 7 2 7 1 7 1 7 1 7 1 6 0 6 0 6 0 6 0 6 -1 6 -1 6 -1 5 0 0 0 0 0 0 0 0 0 0 ]
CSI_DATA,AP,10:B4:1D:CC:60:E0,-19,11,1,7,1,1,1,1,0,0,1,-94,0,6,2,8792991,0,68,0,0,8.50237,384,[0 0 0 0 0 0 0 0 0 0 0 0 -10 -6 -10 -6 -10 -6 -10 -6 -10 -6 -10 -6 -9 -5 -9 -5 -9 -5 -9 -5 -9 -4 -9 -4 -9 -4 -9 -4 -9 -4 -9 -3 -9 -4 -9 -3 -10 -3 -10 -3 -9 -3 -10 -3 -10 -3 -10 -2 -10 -2 -10 -2 0 0 -10 -3 -10 -3 -10 -3 -10 -3 -10 -3 -10 -3 -9 -3 -9 -3 -9 -4 -9 -4 -9 -4 -8 -4 -8 -4 -8 -4 -7 -4 -7 -4 -7 -4 -7 -4 -6 -4 -6 -5 -6 -5 -5 -5 -5 -5 -5 -5 -5 -5 -4 -5 0 0 0 0 0 0 0 0 0 0 ]
CSI_DATA,AP,10:B4:1D:CC:60:E0,-19,11,1,7,1,1,1,1,0,0,1,-94,0,6,2,8883097,0,68,0,0,8.59248,384,[0 0 0 0 0 0 0 0 0 0 0 0 6 -10 6 -9 6 -9 5 -9 5 -9 5 -9 5 -9 5 -9 5 -9 5 -9 4 -9 4 -9 4 -9 4 -9 4 -9 3 -9 3 -9 3 -9 3 -9 3 -9 3 -9 2 -9 2 -9 2 -10 2 -10 2 -10 0 0 2 -10 2 -10 2 -10 2 -10 3 -9 3 -9 3 -9 3 -9 3 -9 3 -8 3 -8 4 -8 4 -8 4 -8 4 -7 4 -7 4 -7 4 -6 4 -6 4 -5 4 -5 4 -5 4 -5 4 -4 4 -4 4 -4 0 0 0 0 0 0 0 0 0 0 ]
CSI_DATA,AP,10:B4:1D:CC:60:E0,-18,11,1,7,1,1,1,1,0,0,1,-94,0,6,2,8973029,0,68,0,0,8.68241,384,[0 0 0 0 0 0 0 0 0 0 0 0 10 -2 10 -2 11 -3 10 -2 10 -2 10 -3 9 -3 9 -3 9 -3 9 -3 9 -3 9 -3 9 -4 8 -4 8 -4 8 -4 8 -4 8 -4 8 -5 8 -5 8 -5 8 -5 8 -5 8 -5 8 -5 8 -5 0 0 8 -5 8 -5 8 -5 8 -5 8 -5 8 -5 8 -4 8 -4 8 -4 8 -3 8 -3 8 -3 8 -3 7 -3 7 -2 7 -2 7 -2 7 -2 6 -1 6 -1 6 -1 6 -1 6 0 6 0 5 0 5 1 0 0 0 0 0 0 0 0 0 0 ]
CSI_DATA,AP,10:B4:1D:CC:60:E0,-19,11,1,7,1,1,1,1,0,0,1,-94,0,6,2,9062948,0,68,0,0,8.77233,384,[0 0 0 0 0 0 0 0 0 0 0 0 5 10 5 10 5 9 5 9 5 9 5 9 5 9 5 9 5 8 5 8 5 8 5 8 5 7 5 7 6 7 6 7 6 7 6 7 6 6 6 6 6 6 6 6 6 6 7 6 6 6 7 6 0 0 7 6 6 6 6 6 7 6 6 7 6 7 6 7 5 7 5 7 5 7 5 7 4 7 4 7 4 7 4 6 3 6 3 6 3 6 2 6 2 6 2 6 2 6 1 6 1 5 1 5 0 5 0 0 0 0 0 0 0 0 0 0 ]
CSI_DATA,AP,10:B4:1D:CC:60:E0,-18,11,1,7,1,1,1,1,0,0,1,-94,0,6,2,9153144,0,68,0,0,8.86253,384,[0 0 0 0 0 0 0 0 0 0 0 0 11 3 11 2 11 2 11 2 10 2 10 2 10 2 10 2 9 2 9 1 9 1 9 1 9 1 9 0 9 0 9 0 9 0 9 -1 9 -1 9 -1 9 -1 9 -1 9 -1 9 -1 9 -2 9 -2 0 0 10 -1 9 -1 9 -1 9 -1 9 -1 9 -1 9 -1 9 0 9 0 9 0 8 1 8 0 8 1 8 1 7 1 7 1 7 1 7 1 6 2 6 2 6 2 5 2 5 2 5 2 5 3 4 3 0 0 0 0 0 0 0 0 0 0 ]
CSI_DATA,AP,10:B4:1D:CC:60:E0,-15,11,1,7,0,1,1,1,0,0,1,-94,0,6,2,9243475,0,68,0,0,8.95286,256,[0 0 0 0 0 0 0 0 0 0 0 0 -18 -3 -17 -2 -17 -2 -16 -2 -17 -2 -16 -1 -16 -1 -16 -1 -15 -1 -15 0 -15 0 -15 1 -15 1 -15 1 -14 1 -14 1 -14 2 -14 2 -14 2 -14 2 -14 2 -14 3 -14 3 -14 4 -14 3 -14 4 0 0 -14 3 -14 3 -14 3 -14 3 -14 3 -14 2 -14 2 -14 2 -15 1 -14 1 -14 1 -13 1 -13 1 -13 0 -12 0 -12 -1 -12 -1 -11 -1 -11 -2 -11 -2 -10 -2 -10 -3 -10 -3 -9 -3 -9 -3 -8 -3 0 0 0 0 0 0 0 0 0 0 ]
CSI_DATA,AP,10:B4:1D:CC:60:E0,-18,11,1,7,1,1,1,1,0,0,1,-94,0,6,2,9333072,0,68,0,0,9.04245,384,[0 0 0 0 0 0 0 0 0 0 0 0 1 11 2 10 2 10 2 10 2 10 2 10 2 9 2 9 2 9 2 9 2 9 3 9 3 9 3 8 3 8 4 8 3 8 3 8 4 8 4 8 4 8 4 8 4 8 4 8 4 8 4 8 0 0 4 8 4 8 4 8 4 8 4 8 4 8 3 8 3 8 3 8 2 7 3 8 2 8 2 8 1 7 1 7 1 7 1 7 1 6 0 7 0 6 0 6 -1 6 -1 6 -1 5 -1 5 -2 5 0 0 0 0 0 0 0 0 0 0 ]
CSI_DATA,AP,10:B4:1D:CC:60:E0,-19,11,1,7,1,1,1,1,0,0,1,-94,0,6,2,9424375,0,68,0,0,9.13376,384,[0 0 0 0 0 0 0 0 0 0 0 0 -2 -12 -2 -11 -2 -12 -3 -11 -2 -11 -3 -11 -3 -11 -3 -11 -3 -10 -3 -10 -3 -10 -4 -10 -4 -10 -4 -10 -4 -9 -4 -9 -4 -9 -5 -9 -5 -9 -5 -9 -5 -9 -5 -9 -5 -9 -5 -9 -5 -9 -5 -9 0 0 -5 -9 -5 -9 -5 -9 -5 -9 -5 -9 -5 -9 -5 -9 -4 -9 -4 -9 -4 -9 -4 -9 -3 -9 -3 -9 -3 -8 -3 -8 -2 -8 -2 -8 -2 -8 -2 -7 -2 -7 -1 -7 -1 -7 -1 -7 0 -7 0 -6 0 -6 0 0 0 0 0 0 0 0 0 0 ]
CSI_DATA,AP,10:B4:1D:CC:60:E0,-18,11,1,7,1,1,1,1,0,0,1,-94,0,6,2,9513037,0,68,0,0,9.22243,384,[0 0 0 0 0 0 0 0 0 0 0 0 -4 10 -4 10 -4 10 -4 10 -4 9 -4 9 -4 9 -3 9 -3 9 -3 9 -3 9 -3 9 -2 9 -2 9 -2 9 -2 9 -2 9 -1 8 -1 9 -1 9 -1 9 -1 9 -1 9 -1 9 -1 9 -1 9 0 0 -1 9 -1 9 -1 9 -1 9 -1 9 -2 9 -2 9 -2 9 -2 8 -2 8 -2 8 -3 8 -3 8 -3 7 -3 7 -3 7 -3 7 -3 6 -3 6 -3 5 -3 5 -4 5 -4 5 -4 4 -4 4 -4 4 0 0 0 0 0 0 0 0 0 0 ]
CSI_DATA,AP,10:B4:1D:CC:60:E0,-18,11,1,7,1,1,1,1,0,0,1,-94,0,6,2,9602999,0,68,0,0,9.31238,384,[0 0 0 0 0 0 0 0 0 0 0 0 -11 4 -11 4 -10 5 -10 4 -10 4 -10 4 -10 4 -10 4 -9 4 -9 5 -9 4 -9 4 -9 5 -9 5 -8 5 -8 5 -8 5 -8 5 -8 6 -8 6 -8 6 -8 6 -8 6 -7 6 -8 6 -8 6 0 0 -8 6 -8 6 -8 6 -8 6 -8 6 -8 6 -8 5 -8 5 -8 4 -8 4 -8 4 -8 4 -8 3 -8 3 -8 3 -8 2 -7 3 -7 2 -7 2 -7 1 -7 1 -7 1 -7 1 -7 0 -6 0 -6 0 0 0 0 0 0 0 0 0 0 0 ]
CSI_DATA,AP,10:B4:1D:CC:60:E0,-18,11,1,7,1,1,1,1,0,0,1,-94,0,6,2,9692994,0,68,0,0,9.40237,384,[0 0 0 0 0 0 0 0 0 0 0 0 -11 3 -11 3 -11 3 -11 3 -10 3 -10 3 -10 3 -10 3 -10 3 -10 3 -9 3 -9 3 -9 4 -9 4 -9 4 -9 4 -8 4 -8 4 -8 5 -8 5 -8 5 -8 5 -8 5 -8 5 -8 5 -8 5 0 0 -9 5 -8 5 -8 5 -8 5 -8 5 -8 4 -9 4 -8 4 -8 3 -8 3 -8 3 -8 3 -8 3 -8 2 -8 2 -7 1 -8 2 -7 1 -7 1 -7 1 -7 0 -7 0 -7 0 -6 0 -6 -1 -6 -1 0 0 0 0 0 0 0 0 0 0 ]
CSI_DATA,AP,10:B4:1D:CC:60:E0,-18,11,1,7,1,1,1,1,0,0,1,-94,0,6,2,9782991,0,68,0,0,9.49237,384,[0 0 0 0 0 0 0 0 0 0 0 0 -12 1 -11 1 -11 1 -11 1 -11 1 -11 1 -11 1 -10 1 -10 1 -10 2 -10 1 -10 2 -10 2 -9 2 -10 2 -10 2 -9 2 -9 2 -9 3 -9 3 -9 3 -9 3 -9 3 -9 3 -9 4 -9 3 0 0 -9 3 -9 3 -9 3 -9 3 -9 3 -9 3 -9 2 -9 2 -9 2 -9 2 -9 1 -9 1 -9 1 -8 1 -8 0 -8 0 -8 0 -7 0 -7 -1 -7 -1 -7 -1 -7 -1 -7 -1 -6 -1 -6 -2 -6 -2 0 0 0 0 0 0 0 0 0 0 ]
CSI_DATA,AP,10:B4:1D:CC:60:E0,-19,11,1,7,1,1,1,1,0,0,1,-94,0,6,2,9873151,0,68,0,0,9.58253,384,[0 0 0 0 0 0 0 0 0 0 0 0 5 -11 4 -11 5 -11 4 -10 4 -10 4 -10 4 -10 4 -10 4 -10 3 -10 3 -10 3 -10 2 -10 2 -10 2 -10 2 -10 2 -10 2 -10 2 -10 2 -10 2 -10 2 -10 1 -10 1 -10 1 -10 1 -10 0 0 1 -10 1 -10 1 -10 1 -10 2 -10 2 -10 2 -10 2 -10 2 -9 2 -9 2 -9 3 -9 3 -9 3 -8 3 -8 3 -7 3 -7 3 -7 3 -6 3 -6 4 -6 4 -6 4 -5 4 -5 4 -5 4 -4 0 0 0 0 0 0 0 0 0 0 ]
CSI_DATA,AP,10:B4:1D:CC:60:E0,-18,11,1,7,1,1,1,1,0,0,1,-94,0,6,2,9963229,0,68,0,0,9.67261,384,[0 0 0 0 0 0 0 0 0 0 0 0 -12 -2 -11 -2 -11 -2 -11 -2 -12 -2 -11 -2 -11 -2 -11 -2 -11 -1 -10 -1 -10 0 -10 0 -10 0 -10 0 -10 0 -10 1 -10 1 -10 1 -10 1 -10 1 -10 1 -10 1 -10 2 -10 2 -10 2 -10 2 0 0 -10 1 -10 2 -10 2 -10 2 -10 2 -10 1 -10 1 -10 1 -10 0 -10 0 -9 1 -9 0 -9 0 -9 -1 -9 -1 -8 -1 -8 -1 -8 -1 -8 -1 -7 -1 -7 -2 -7 -2 -7 -2 -6 -2 -6 -2 -6 -3 0 0 0 0 0 0 0 0 0 0 ]
CSI_DATA,AP,10:B4:1D:CC:60:E0,-19,11,1,7,1,1,1,1,0,0,1,-94,0,6,2,10053080,0,68,0,0,9.76246,384,[0 0 0 0 0 0 0 0 0 0 0 0 -12 1 -12 1 -11 1 -11 1 -11 1 -11 1 -11 1 -11 1 -10 1 -10 2 -10 2 -10 2 -10 3 -10 3 -10 3 -10 3 -9 3 -9 3 -9 4 -9 4 -9 4 -9 4 -9 4 -9 4 -9 4 -9 4 0 0 -9 4 -9 4 -9 4 -9 4 -9 4 -9 4 -9 3 -9 3 -9 2 -9 2 -9 2 -9 2 -9 2 -9 2 -8 1 -8 1 -8 1 -8 1 -8 0 -7 0 -7 0 -7 0 -7 0 -7 -1 -6 -1 -6 -2 0 0 0 0 0 0 0 0 0 0 ]
CSI_DATA,AP,10:B4:1D:CC:60:E0,-18,11,1,7,1,1,1,1,0,0,1,-94,0,6,2,10143156,0,68,0,0,9.85254,384,[0 0 0 0 0 0 0 0 0 0 0 0 -9 6 -9 6 -9 7 -8 6 -8 6 -8 6 -8 6 -8 6 -8 6 -7 7 -7 6 -7 6 -7 7 -7 7 -7 7 -6 7 -6 7 -6 7 -6 7 -6 7 -5 7 -5 7 -5 7 -5 8 -5 8 -5 7 0 0 -5 7 -5 8 -5 8 -5 7 -5 7 -6 7 -6 7 -6 7 -6 7 -6 6 -6 6 -6 6 -6 6 -6 5 -6 5 -6 4 -6 4 -6 4 -6 4 -6 3 -6 3 -6 3 -6 3 -6 2 -5 2 -5 1 0 0 0 0 0 0 0 0 0 0 ]
CSI_DATA,AP,10:B4:1D:CC:60:E0,-18,11,1,7,1,1,1,1,0,0,1,-94,0,6,2,10233008,0,68,0,0,9.94238,384,[0 0 0 0 0 0 0 0 0 0 0 0 -9 6 -9 6 -9 6 -9 6 -9 6 -8 6 -8 6 -8 6 -8 6 -8 6 -7 6 -7 6 -7 7 -7 7 -7 6 -6 7 -6 6 -6 7 -6 7 -6 7 -6 7 -6 7 -6 7 -5 7 -5 8 -6 7 0 0 -6 7 -6 7 -6 7 -6 7 -6 7 -6 7 -6 7 -6 7 -7 6 -6 6 -6 6 -7 6 -6 5 -6 5 -7 4 -6 4 -7 4 -6 4 -6 3 -6 3 -6 3 -6 3 -6 2 -6 2 -6 1 -6 1 0 0 0 0 0 0 0 0 0 0 ]
CSI_DATA,AP,10:B4:1D:CC:60:E0,-19,11,1,7,1,1,1,1,0,0,1,-94,0,6,2,10323080,0,68,0,0,10.0325,384,[0 0 0 0 0 0 0 0 0 0 0 0 -9 7 -8 7 -8 7 -8 7 -8 7 -8 7 -8 7 -7 7 -7 7 -7 7 -6 7 -6 7 -6 7 -6 7 -6 8 -5 7 -5 7 -5 7 -5 8 -5 8 -5 8 -5 8 -4 8 -4 8 -4 8 -4 8 0 0 -5 8 -4 8 -4 8 -4 8 -5 8 -5 8 -5 8 -5 7 -5 7 -5 7 -5 7 -5 7 -5 7 -5 6 -5 5 -5 5 -5 5 -5 5 -5 4 -5 4 -5 4 -5 4 -5 3 -5 3 -5 3 -5 2 0 0 0 0 0 0 0 0 0 0 ]
CSI_DATA,AP,10:B4:1D:CC:60:E0,-18,11,1,7,1,1,1,1,0,0,1,-94,0,6,2,10413302,0,68,0,0,10.1227,384,[0 0 0 0 0 0 0 0 0 0 0 0 -9 -9 -8 -8 -8 -8 -8 -8 -8 -8 -8 -8 -8 -8 -8 -8 -8 -7 -8 -7 -8 -7 -8 -7 -9 -6 -8 -6 -8 -6 -9 -6 -8 -5 -8 -5 -9 -5 -9 -5 -8 -5 -9 -5 -9 -5 -9 -5 -9 -5 -9 -5 0 0 -9 -5 -9 -5 -9 -5 -9 -5 -9 -5 -9 -6 -9 -6 -8 -6 -8 -6 -8 -6 -8 -6 -7 -6 -7 -6 -7 -6 -6 -6 -6 -6 -6 -6 -5 -6 -5 -6 -5 -6 -5 -6 -4 -6 -4 -6 -3 -5 -4 -6 -3 -6 0 0 0 0 0 0 0 0 0 0 ]
CSI_DATA,AP,10:B4:1D:CC:60:E0,-19,11,1,7,1,1,1,1,0,0,1,-94,0,6,2,10503107,0,68,0,0,10.2125,384,[0 0 0 0 0 0 0 0 0 0 0 0 10 4 10 4 10 3 10 3 9 3 9 3 9 3 9 3 9 3 9 2 9 2 9 2 9 1 9 1 9 1 9 1 9 1 8 1 9 0 9 0 9 0 9 0 9 0 9 -1 9 0 9 0 0 0 9 0 9 0 9 0 9 0 9 0 9 1 9 1 9 1 8 1 8 1 8 1 8 1 8 1 7 2 7 2 7 2 6 2 6 2 6 2 6 2 5 3 5 2 5 2 5 3 4 3 4 3 0 0 0 0 0 0 0 0 0 0 ]
CSI_DATA,AP,10:B4:1D:CC:60:E0,-18,11,1,7,1,1,1,1,0,0,1,-94,0,6,2,10593077,0,68,0,0,10.3025,384,[0 0 0 0 0 0 0 0 0 0 0 0 -8 -9 -8 -9 -8 -8 -8 -8 -7 -8 -8 -8 -8 -8 -8 -8 -8 -7 -8 -7 -8 -7 -8 -7 -8 -6 -8 -6 -8 -6 -8 -6 -8 -6 -8 -5 -8 -5 -8 -5 -8 -5 -8 -5 -8 -5 -9 -5 -9 -5 -9 -5 0 0 -9 -5 -9 -5 -9 -5 -9 -5 -9 -5 -8 -5 -8 -6 -8 -6 -8 -6 -7 -6 -7 -6 -7 -6 -7 -6 -6 -6 -6 -6 -6 -6 -6 -6 -5 -6 -5 -6 -5 -6 -4 -6 -4 -6 -4 -6 -3 -6 -3 -6 -3 -6 0 0 0 0 0 0 0 0 0 0 ]
CSI_DATA,AP,10:B4:1D:CC:60:E0,-19,11,1,7,1,1,1,1,0,0,1,-94,0,6,2,10683129,0,68,0,0,10.3925,384,[0 0 0 0 0 0 0 0 0 0 0 0 5 -10 5 -10 5 -10 5 -10 5 -10 5 -10 4 -10 4 -10 4 -10 4 -10 4 -10 3 -10 3 -10 3 -10 3 -10 2 -10 2 -10 2 -10 2 -10 2 -10 2 -10 2 -10 1 -10 1 -10 1 -10 1 -10 0 0 1 -10 1 -10 2 -10 2 -10 2 -10 2 -10 2 -10 2 -10 2 -9 3 -9 3 -9 3 -9 3 -8 3 -8 3 -8 3 -7 3 -7 3 -7 3 -6 3 -6 3 -6 4 -6 4 -5 4 -5 4 -5 4 -4 0 0 0 0 0 0 0 0 0 0 ]
CSI_DATA,AP,10:B4:1D:CC:60:E0,-18,11,1,7,1,1,1,1,0,0,1,-94,0,6,2,10773139,0,68,0,0,10.4825,384,[0 0 0 0 0 0 0 0 0 0 0 0 -2 11 -2 10 -2 11 -2 10 -2 10 -2 10 -2 10 -1 10 -1 10 -1 10 -1 9 -1 9 -1 9 0 9 0 9 0 9 0 9 0 9 1 9 1 9 1 9 1 9 1 9 1 9 1 9 1 9 0 0 1 9 1 9 1 9 1 9 1 9 0 9 0 9 0 9 0 9 0 9 0 8 -1 8 -1 8 -1 8 -1 7 -1 7 -2 7 -2 7 -2 6 -2 6 -2 6 -2 6 -3 5 -3 5 -3 5 -3 4 0 0 0 0 0 0 0 0 0 0 ]
CSI_DATA,AP,10:B4:1D:CC:60:E0,-18,11,1,7,1,1,1,1,0,0,1,-94,0,6,2,10863016,0,68,0,0,10.5724,384,[0 0 0 0 0 0 0 0 0 0 0 0 -10 6 -9 6 -9 6 -9 6 -9 6 -8 6 -8 6 -8 6 -8 6 -8 6 -7 6 -7 6 -7 6 -7 7 -7 6 -7 7 -6 6 -6 7 -6 7 -6 7 -6 7 -6 7 -5 7 -5 7 -5 7 -5 7 0 0 -6 7 -6 8 -5 7 -6 7 -6 7 -6 7 -6 7 -6 7 -6 6 -6 6 -6 6 -6 6 -6 6 -6 5 -6 5 -6 5 -6 5 -6 4 -6 3 -6 3 -6 3 -6 3 -6 3 -5 2 -6 2 -6 1 0 0 0 0 0 0 0 0 0 0 ]
CSI_DATA,AP,10:B4:1D:CC:60:E0,-18,11,1,7,1,1,1,1,0,0,1,-94,0,6,2,10953005,0,68,0,0,10.6624,384,[0 0 0 0 0 0 0 0 0 0 0 0 10 -3 10 -3 10 -3 10 -3 10 -3 9 -3 9 -3 9 -3 9 -4 9 -4 9 -4 8 -4 8 -4 8 -4 8 -5 8 -5 7 -5 7 -5 7 -5 7 -6 7 -5 7 -5 7 -6 7 -6 7 -6 7 -6 0 0 7 -6 7 -6 7 -6 7 -6 7 -6 8 -5 7 -5 7 -5 8 -5 7 -4 7 -4 7 -4 7 -4 7 -4 7 -3 7 -3 7 -3 6 -2 6 -2 6 -2 6 -2 6 -2 6 -1 5 -1 5 -1 5 0 0 0 0 0 0 0 0 0 0 0 ]
CSI_DATA,AP,10:B4:1D:CC:60:E0,-18,11,1,7,1,1,1,1,0,0,1,-94,0,6,2,11043104,0,68,0,0,10.7525,384,[0 0 0 0 0 0 0 0 0 0 0 0 10 -4 10 -3 10 -4 10 -4 10 -4 9 -4 9 -3 9 -4 9 -4 9 -4 8 -4 8 -4 8 -5 8 -5 8 -5 8 -5 7 -5 7 -5 7 -5 8 -5 7 -5 7 -5 7 -5 7 -6 7 -6 7 -6 0 0 8 -6 8 -6 8 -5 8 -5 7 -5 8 -5 8 -5 8 -4 8 -4 7 -4 8 -4 7 -4 7 -3 7 -3 7 -2 7 -2 7 -2 6 -2 6 -1 6 -1 6 -1 6 -1 6 0 6 0 5 0 5 0 0 0 0 0 0 0 0 0 0 0 ]
CSI_DATA,AP,10:B4:1D:CC:60:E0,-19,11,1,7,1,1,1,1,0,0,1,-94,0,6,2,11133186,0,68,0,0,10.8426,384,[0 0 0 0 0 0 0 0 0 0 0 0 10 3 10 3 10 3 10 3 10 3 9 3 9 3 9 3 9 2 9 2 9 2 9 1 9 1 9 1 9 1 9 1 9 1 9 0 9 0 9 0 9 0 9 0 9 0 9 -1 9 -1 9 -1 0 0 9 0 9 0 9 0 9 0 9 0 9 0 9 1 9 1 8 1 8 1 8 1 8 1 8 1 7 2 7 2 7 2 7 2 6 2 6 2 6 2 5 2 5 3 5 2 5 2 4 3 4 3 0 0 0 0 0 0 0 0 0 0 ]
CSI_DATA,AP,10:B4:1D:CC:60:E0,-18,11,1,7,1,1,1,1,0,0,1,-94,0,6,2,11223031,0,68,0,0,10.9324,384,[0 0 0 0 0 0 0 0 0 0 0 0 -9 7 -9 7 -9 7 -8 7 -8 7 -8 7 -8 6 -7 7 -7 6 -7 7 -6 7 -6 7 -6 7 -6 7 -6 7 -6 7 -6 7 -6 7 -6 7 -6 7 -5 7 -5 7 -5 7 -5 8 -5 8 -5 8 0 0 -5 8 -5 8 -5 8 -5 7 -5 7 -6 7 -6 7 -6 7 -6 6 -6 6 -6 6 -6 6 -6 6 -6 5 -6 5 -6 5 -6 4 -6 4 -6 4 -6 3 -6 3 -6 3 -6 3 -6 2 -6 2 -6 1 0 0 0 0 0 0 0 0 0 0 ]
CSI_DATA,AP,10:B4:1D:CC:60:E0,-19,11,1,7,1,1,1,1,0,0,1,-94,0,6,2,11313069,0,68,0,0,11.0225,384,[0 0 0 0 0 0 0 0 0 0 0 0 7 -9 7 -9 7 -9 7 -9 6 -9 6 -9 6 -9 6 -9 6 -9 5 -9 5 -9 5 -9 5 -9 5 -9 4 -9 4 -9 4 -9 3 -9 3 -9 3 -9 3 -9 3 -10 3 -9 3 -10 3 -10 3 -9 0 0 3 -9 3 -10 3 -10 3 -10 3 -10 4 -9 4 -9 4 -9 4 -9 4 -9 4 -8 4 -8 4 -8 4 -7 4 -7 4 -7 4 -7 4 -6 4 -6 4 -6 4 -5 4 -5 4 -5 4 -4 4 -4 4 -4 0 0 0 0 0 0 0 0 0 0 ]
CSI_DATA,AP,10:B4:1D:CC:60:E0,-18,11,1,7,1,1,1,1,0,0,1,-94,0,6,2,11403025,0,68,0,0,11.1124,384,[0 0 0 0 0 0 0 0 0 0 0 0 1 -12 0 -12 0 -12 0 -11 0 -11 0 -11 0 -11 0 -11 0 -11 0 -10 -1 -10 -1 -10 -1 -10 -1 -10 -2 -10 -2 -10 -2 -10 -2 -10 -2 -10 -2 -10 -2 -10 -2 -10 -3 -10 -3 -10 -3 -10 -3 -10 0 0 -3 -10 -3 -10 -3 -10 -3 -10 -3 -10 -2 -10 -2 -10 -2 -10 -2 -10 -2 -9 -2 -9 -1 -9 -1 -9 -1 -9 -1 -9 -1 -8 0 -8 0 -8 0 -7 1 -7 0 -7 1 -7 1 -7 1 -6 1 -6 1 -6 0 0 0 0 0 0 0 0 0 0 ]
CSI_DATA,AP,10:B4:1D:CC:60:E0,-18,11,1,7,1,1,1,1,0,0,1,-94,0,6,2,11493083,0,68,0,0,11.2025,384,[0 0 0 0 0 0 0 0 0 0 0 0 2 11 2 10 2 10 2 10 2 10 2 10 2 10 2 9 2 9 3 9 3 9 3 9 3 9 3 8 3 9 4 8 4 8 4 8 4 8 4 8 4 8 4 8 4 8 4 8 4 8 5 8 0 0 4 8 4 8 4 8 5 8 4 8 4 8 3 8 3 8 3 8 3 8 3 8 2 8 2 8 2 7 2 7 1 7 1 7 1 7 0 6 0 6 0 6 0 6 0 6 -1 5 -1 6 -1 5 0 0 0 0 0 0 0 0 0 0 ]
CSI_DATA,AP,10:B4:1D:CC:60:E0,-19,11,1,7,1,1,1,1,0,0,1,-94,0,6,2,11582993,0,68,0,0,11.2924,384,[0 0 0 0 0 0 0 0 0 0 0 0 -11 2 -12 2 -11 2 -11 2 -11 2 -11 2 -11 2 -10 2 -10 2 -10 3 -10 3 -10 3 -10 3 -10 3 -10 3 -9 3 -9 4 -9 4 -9 4 -9 4 -9 4 -9 4 -9 4 -9 5 -9 5 -9 4 0 0 -9 4 -9 4 -9 4 -9 4 -9 4 -9 4 -9 4 -9 3 -9 3 -9 3 -9 2 -9 2 -9 2 -9 2 -8 1 -8 1 -8 1 -8 1 -7 0 -7 0 -7 0 -7 0 -7 -1 -7 -1 -6 -1 -6 -2 0 0 0 0 0 0 0 0 0 0 ]
CSI_DATA,AP,10:B4:1D:CC:60:E0,-18,11,1,7,1,1,1,1,0,0,1,-94,0,6,2,11673141,0,68,0,0,11.3825,384,[0 0 0 0 0 0 0 0 0 0 0 0 -12 2 -11 2 -11 2 -11 2 -11 2 -11 2 -11 2 -10 2 -10 2 -10 3 -10 3 -10 3 -10 3 -9 3 -9 4 -9 4 -9 4 -9 4 -9 4 -9 4 -8 5 -9 5 -8 4 -8 5 -8 5 -9 5 0 0 -9 5 -9 5 -9 5 -9 5 -9 5 -9 5 -9 4 -9 4 -9 4 -9 3 -9 3 -8 3 -8 3 -8 3 -8 2 -8 2 -8 2 -7 1 -7 1 -7 1 -7 1 -7 0 -7 1 -7 0 -7 0 -6 -1 0 0 0 0 0 0 0 0 0 0 ]
CSI_DATA,AP,10:B4:1D:CC:60:E0,-19,11,1,7,1,1,1,1,0,0,1,-94,0,6,2,11762956,0,68,0,0,11.4723,384,[0 0 0 0 0 0 0 0 0 0 0 0 5 9 5 9 5 9 5 8 5 8 5 8 5 8 5 8 5 8 5 7 5 7 6 7 6 7 6 7 6 6 6 6 6 6 6 6 6 6 6 6 6 6 6 6 7 6 7 5 7 5 7 5 0 0 7 6 7 6 6 6 7 6 6 6 6 6 6 6 6 6 6 6 5 6 5 6 5 6 4 6 4 6 4 6 4 6 3 6 3 5 3 6 2 6 2 5 2 5 2 5 1 5 1 5 1 5 0 0 0 0 0 0 0 0 0 0 ]
CSI_DATA,AP,10:B4:1D:CC:60:E0,-19,11,1,7,1,1,1,1,0,0,1,-94,0,6,2,11852952,0,68,0,0,11.5623,384,[0 0 0 0 0 0 0 0 0 0 0 0 9 -7 9 -7 9 -7 9 -7 9 -7 8 -7 8 -7 8 -7 8 -7 7 -7 7 -7 7 -7 7 -7 7 -7 6 -7 6 -8 6 -8 6 -8 6 -8 5 -8 5 -8 5 -8 5 -8 5 -9 5 -8 5 -8 0 0 5 -9 5 -9 5 -8 5 -8 5 -9 5 -8 6 -8 5 -8 6 -7 6 -7 6 -7 6 -7 6 -6 6 -6 6 -6 5 -5 6 -5 5 -5 5 -5 5 -4 5 -4 5 -4 5 -4 5 -3 5 -3 5 -2 0 0 0 0 0 0 0 0 0 0 ]
CSI_DATA,AP,10:B4:1D:CC:60:E0,-18,11,1,7,1,1,1,1,0,0,1,-94,0,6,2,11942985,0,68,0,0,11.6524,384,[0 0 0 0 0 0 0 0 0 0 0 0 -12 1 -11 0 -11 1 -11 1 -11 1 -11 1 -11 1 -10 1 -10 1 -10 1 -10 2 -10 2 -10 2 -10 2 -10 2 -10 2 -9 2 -9 2 -9 3 -9 3 -9 3 -9 3 -9 3 -9 4 -9 3 -9 3 0 0 -9 3 -10 3 -9 3 -9 3 -9 3 -10 3 -10 2 -9 2 -9 1 -9 1 -9 1 -9 1 -9 1 -9 1 -8 0 -8 0 -8 0 -8 -1 -7 -1 -7 -1 -7 -1 -7 -1 -7 -1 -6 -1 -6 -2 -6 -2 0 0 0 0 0 0 0 0 0 0 ]
CSI_DATA,AP,10:B4:1D:CC:60:E0,-19,11,1,7,1,1,1,1,0,0,1,-94,0,6,2,12033034,0,68,0,0,11.7424,384,[0 0 0 0 0 0 0 0 0 0 0 0 9 -7 9 -6 9 -7 9 -6 8 -6 8 -6 8 -6 8 -6 7 -6 7 -7 7 -7 7 -7 7 -7 6 -7 6 -7 6 -7 6 -7 6 -7 6 -8 6 -8 5 -8 5 -8 5 -8 5 -8 5 -8 5 -8 0 0 5 -8 5 -8 5 -8 5 -8 6 -8 6 -8 6 -7 6 -7 6 -7 6 -7 6 -6 6 -6 6 -6 6 -6 6 -5 6 -5 6 -5 5 -4 5 -4 5 -4 5 -4 5 -3 5 -3 5 -3 5 -2 5 -2 0 0 0 0 0 0 0 0 0 0 ]
CSI_DATA,AP,10:B4:1D:CC:60:E0,-18,11,1,7,1,1,1,1,0,0,1,-94,0,6,2,12123193,0,68,0,0,11.8326,384,[0 0 0 0 0 0 0 0 0 0 0 0 -8 -9 -8 -8 -8 -8 -8 -8 -8 -8 -8 -8 -8 -8 -8 -7 -8 -7 -8 -7 -8 -7 -8 -7 -8 -6 -8 -6 -8 -6 -8 -6 -8 -6 -8 -6 -8 -5 -8 -5 -8 -5 -9 -5 -9 -5 -9 -5 -9 -5 -9 -5 0 0 -9 -5 -9 -5 -9 -5 -9 -5 -8 -5 -8 -6 -8 -6 -8 -6 -8 -6 -8 -6 -7 -6 -7 -6 -7 -6 -6 -6 -6 -6 -5 -6 -5 -6 -5 -6 -5 -6 -5 -6 -4 -6 -4 -6 -4 -6 -3 -6 -3 -6 -2 -6 0 0 0 0 0 0 0 0 0 0 ]
CSI_DATA,AP,10:B4:1D:CC:60:E0,-19,11,1,7,1,1,1,1,0,0,1,-94,0,6,2,12213284,0,68,0,0,11.9227,384,[0 0 0 0 0 0 0 0 0 0 0 0 -4 -11 -4 -11 -4 -11 -5 -11 -4 -10 -5 -11 -5 -10 -5 -10 -5 -10 -5 -9 -5 -9 -5 -9 -5 -9 -6 -9 -6 -9 -6 -8 -6 -9 -6 -8 -6 -8 -6 -8 -6 -8 -6 -8 -6 -8 -7 -8 -7 -8 -7 -8 0 0 -7 -8 -6 -8 -7 -8 -7 -8 -6 -8 -6 -9 -6 -8 -6 -8 -5 -8 -5 -8 -5 -8 -5 -8 -4 -8 -4 -8 -4 -8 -4 -8 -3 -7 -3 -8 -3 -7 -3 -7 -2 -7 -2 -7 -2 -7 -1 -7 -1 -6 -1 -6 0 0 0 0 0 0 0 0 0 0 ]
CSI_DATA,AP,10:B4:1D:CC:60:E0,-18,11,1,7,1,1,1,1,0,0,1,-94,0,6,2,12303103,0,68,0,0,12.0125,384,[0 0 0 0 0 0 0 0 0 0 0 0 3 10 3 10 3 10 3 9 3 9 3 9 3 9 4 9 4 8 4 8 4 8 4 8 4 8 4 8 4 7 5 7 5 7 5 7 5 7 5 7 5 7 6 6 6 7 6 7 6 7 6 7 0 0 6 7 6 7 6 7 6 6 6 7 5 7 5 7 5 7 5 7 5 7 4 7 4 7 4 7 4 7 3 6 3 7 3 6 2 6 2 6 2 6 2 6 1 6 1 5 1 5 1 5 0 5 0 0 0 0 0 0 0 0 0 0 ]
CSI_DATA,AP,10:B4:1D:CC:60:E0,-19,11,1,7,1,1,1,1,0,0,1,-94,0,6,2,12393070,0,68,0,0,12.1025,384,[0 0 0 0 0 0 0 0 0 0 0 0 8 7 7 7 8 7 7 6 8 6 7 6 8 6 7 6 7 6 8 5 8 5 8 5 7 4 8 4 7 4 8 4 8 4 8 4 8 3 8 3 8 3 8 3 8 3 8 3 8 3 8 3 0 0 8 3 8 3 8 3 9 3 8 3 8 3 8 4 8 4 7 4 7 4 7 4 7 4 6 4 6 4 6 4 6 4 5 4 5 4 5 4 4 4 4 4 4 4 4 4 3 4 3 4 2 4 0 0 0 0 0 0 0 0 0 0 ]
CSI_DATA,AP,10:B4:1D:CC:60:E0,-18,11,1,7,1,1,1,1,0,0,1,-94,0,6,2,12482970,0,68,0,0,12.1924,384,[0 0 0 0 0 0 0 0 0 0 0 0 -5 10 -5 9 -5 9 -5 9 -4 9 -5 9 -4 9 -4 9 -4 9 -4 9 -3 9 -3 9 -3 9 -3 9 -3 9 -2 9 -2 8 -2 9 -2 9 -2 9 -2 9 -1 8 -1 9 -1 9 -1 9 -1 9 0 0 -1 9 -1 9 -1 9 -2 9 -2 9 -2 9 -2 9 -2 8 -2 8 -3 8 -3 8 -3 8 -3 7 -3 7 -3 7 -3 6 -4 6 -3 6 -3 6 -4 5 -4 5 -4 5 -4 5 -4 4 -4 4 -4 4 0 0 0 0 0 0 0 0 0 0 ]
CSI_DATA,AP,10:B4:1D:CC:60:E0,-18,11,1,7,1,1,1,1,0,0,1,-94,0,6,2,12573052,0,68,0,0,12.2824,384,[0 0 0 0 0 0 0 0 0 0 0 0 -3 -12 -3 -12 -3 -11 -3 -11 -3 -11 -3 -11 -3 -11 -3 -11 -3 -10 -4 -10 -4 -10 -4 -10 -4 -9 -4 -9 -4 -9 -5 -9 -5 -9 -5 -9 -5 -9 -5 -9 -5 -9 -5 -9 -5 -9 -6 -9 -6 -9 -6 -9 0 0 -6 -9 -6 -9 -5 -9 -5 -9 -5 -9 -5 -9 -5 -9 -4 -9 -4 -9 -4 -9 -4 -9 -3 -9 -3 -9 -3 -8 -3 -8 -2 -8 -2 -8 -2 -8 -2 -8 -2 -7 -1 -7 -1 -7 -1 -7 0 -6 0 -6 0 -6 0 0 0 0 0 0 0 0 0 0 ]
CSI_DATA,AP,10:B4:1D:CC:60:E0,-19,11,1,7,1,1,1,1,0,0,1,-94,0,6,2,12663050,0,68,0,0,12.3724,384,[0 0 0 0 0 0 0 0 0 0 0 0 -3 -12 -3 -12 -3 -11 -3 -11 -3 -11 -4 -11 -4 -11 -4 -10 -4 -10 -4 -10 -4 -10 -4 -9 -5 -9 -5 -9 -5 -9 -5 -9 -5 -9 -5 -9 -6 -9 -6 -9 -6 -9 -6 -9 -6 -8 -6 -8 -6 -8 -6 -8 0 0 -6 -9 -6 -8 -6 -9 -6 -8 -6 -9 -6 -9 -6 -9 -5 -9 -5 -9 -5 -9 -5 -8 -4 -8 -4 -8 -4 -8 -4 -8 -3 -8 -3 -8 -3 -8 -2 -7 -2 -7 -2 -7 -2 -7 -1 -7 -1 -7 -1 -7 -1 -6 0 0 0 0 0 0 0 0 0 0 ]
CSI_DATA,AP,10:B4:1D:CC:60:E0,-18,11,1,7,1,1,1,1,0,0,1,-94,0,6,2,12753067,0,68,0,0,12.4624,384,[0 0 0 0 0 0 0 0 0 0 0 0 -8 -9 -8 -9 -8 -9 -7 -9 -7 -9 -7 -8 -7 -8 -7 -8 -7 -8 -7 -7 -7 -7 -7 -7 -8 -7 -8 -7 -8 -7 -8 -6 -8 -6 -8 -6 -8 -6 -8 -6 -8 -6 -8 -6 -8 -6 -8 -5 -8 -6 -9 -5 0 0 -9 -6 -8 -6 -8 -6 -8 -6 -8 -6 -8 -6 -7 -6 -7 -6 -7 -7 -7 -7 -7 -7 -6 -7 -6 -7 -5 -7 -5 -7 -5 -7 -5 -6 -4 -6 -4 -6 -4 -6 -4 -6 -3 -6 -3 -6 -2 -6 -3 -6 -2 -6 0 0 0 0 0 0 0 0 0 0 ]
CSI_DATA,AP,10:B4:1D:CC:60:E0,-19,11,1,7,1,1,1,1,0,0,1,-94,0,6,2,12843007,0,68,0,0,12.5524,384,[0 0 0 0 0 0 0 0 0 0 0 0 11 -1 11 -1 11 -1 11 -2 10 -2 10 -1 10 -2 10 -2 10 -2 10 -2 9 -2 9 -2 9 -2 9 -3 9 -3 9 -3 9 -3 8 -3 9 -4 9 -4 8 -4 8 -4 8 -4 9 -4 9 -4 8 -4 0 0 9 -4 8 -4 9 -4 9 -4 9 -4 9 -4 9 -3 9 -3 8 -3 8 -2 8 -2 8 -2 8 -2 8 -2 8 -1 7 -1 7 -1 7 -1 7 0 6 0 6 0 6 0 6 1 6 1 5 1 5 1 0 0 0 0 0 0 0 0 0 0 ]
CSI_DATA,AP,10:B4:1D:CC:60:E0,-18,11,1,7,1,1,1,1,0,0,1,-94,0,6,2,12933076,0,68,0,0,12.6425,384,[0 0 0 0 0 0 0 0 0 0 0 0 -3 -12 -3 -11 -3 -11 -3 -11 -3 -11 -3 -10 -3 -10 -3 -10 -3 -10 -3 -10 -3 -10 -4 -9 -4 -9 -4 -9 -4 -9 -4 -9 -4 -9 -4 -9 -5 -9 -5 -9 -5 -9 -5 -9 -5 -8 -5 -9 -5 -9 -5 -9 0 0 -5 -9 -5 -9 -5 -9 -5 -9 -5 -9 -4 -9 -4 -9 -4 -9 -4 -9 -4 -9 -3 -9 -3 -8 -3 -8 -2 -8 -2 -8 -2 -8 -1 -8 -2 -7 -1 -7 -1 -7 -1 -7 0 -7 0 -7 0 -7 0 -6 1 -6 0 0 0 0 0 0 0 0 0 0 ]
CSI_DATA,AP,10:B4:1D:CC:60:E0,-18,11,1,7,1,1,1,1,0,0,1,-94,0,6,2,13023050,0,68,0,0,12.7324,384,[0 0 0 0 0 0 0 0 0 0 0 0 -3 -12 -3 -11 -3 -11 -4 -11 -4 -11 -4 -11 -4 -11 -4 -10 -4 -10 -4 -10 -4 -10 -4 -10 -5 -10 -5 -9 -5 -9 -5 -9 -5 -9 -5 -8 -6 -9 -6 -9 -5 -8 -6 -9 -6 -8 -6 -8 -6 -8 -6 -8 0 0 -6 -9 -6 -8 -6 -8 -6 -9 -6 -9 -6 -9 -6 -8 -5 -9 -5 -9 -5 -8 -4 -8 -4 -8 -4 -8 -4 -8 -3 -8 -3 -8 -3 -8 -3 -8 -2 -8 -2 -7 -2 -7 -1 -7 -1 -7 -1 -7 -1 -6 -1 -6 0 0 0 0 0 0 0 0 0 0 ]
CSI_DATA,AP,10:B4:1D:CC:60:E0,-18,11,1,7,1,1,1,1,0,0,1,-94,0,6,2,13114788,0,68,0,0,12.8242,384,[0 0 0 0 0 0 0 0 0 0 0 0 11 1 11 1 11 1 10 1 10 1 10 1 10 1 10 0 10 0 10 0 9 0 9 0 9 -1 9 -1 9 -1 9 -1 9 -1 9 -2 9 -2 9 -2 9 -2 9 -2 9 -2 9 -3 9 -3 9 -3 0 0 9 -2 9 -3 9 -2 9 -2 9 -2 9 -2 9 -2 9 -2 9 -1 8 -1 9 -1 8 -1 8 0 8 0 7 0 7 0 7 0 7 0 6 1 6 1 6 1 6 1 5 1 5 1 5 2 4 2 0 0 0 0 0 0 0 0 0 0 ]
CSI_DATA,AP,10:B4:1D:CC:60:E0,-18,11,1,7,1,1,1,1,0,0,1,-94,0,6,2,13203004,0,68,0,0,12.9124,384,[0 0 0 0 0 0 0 0 0 0 0 0 11 -3 11 -3 11 -3 10 -3 10 -3 10 -3 10 -3 10 -3 10 -3 9 -4 9 -4 9 -4 9 -4 9 -4 9 -4 8 -5 8 -5 8 -5 8 -5 8 -5 8 -5 8 -5 8 -5 8 -6 8 -6 8 -6 0 0 8 -5 8 -5 8 -5 8 -5 8 -5 8 -5 9 -5 8 -4 8 -4 8 -4 8 -4 8 -3 8 -3 8 -3 7 -2 7 -2 7 -2 7 -2 7 -1 6 -1 6 -1 6 -1 6 -1 6 0 6 0 5 1 0 0 0 0 0 0 0 0 0 0 ]
CSI_DATA,AP,10:B4:1D:CC:60:E0,-19,11,1,7,1,1,1,1,0,0,1,-94,0,6,2,13293382,0,68,0,0,13.0028,384,[0 0 0 0 0 0 0 0 0 0 0 0 8 6 8 6 8 6 8 6 8 6 8 6 8 5 8 5 8 5 8 5 8 5 8 5 8 4 8 4 8 4 8 4 8 3 8 3 8 3 8 3 8 3 8 3 8 3 8 3 8 3 8 3 0 0 8 3 8 3 8 3 8 3 8 3 8 3 8 4 8 4 7 4 7 4 7 4 7 4 6 4 6 4 6 4 5 4 5 4 5 4 5 4 4 4 4 4 4 4 3 4 3 4 3 4 2 4 0 0 0 0 0 0 0 0 0 0 ]
CSI_DATA,AP,10:B4:1D:CC:60:E0,-18,11,1,7,1,1,1,1,0,0,1,-94,0,6,2,13383154,0,68,0,0,13.0925,384,[0 0 0 0 0 0 0 0 0 0 0 0 11 2 11 1 11 1 10 1 10 1 10 1 10 1 10 1 9 1 9 0 10 0 9 0 9 0 9 -1 9 -1 9 -1 9 -1 9 -1 9 -2 9 -2 9 -2 9 -2 9 -2 9 -2 9 -2 9 -2 0 0 9 -2 9 -2 9 -2 9 -2 9 -2 9 -2 9 -1 9 -1 9 -1 9 -1 8 -1 8 0 8 0 7 0 8 0 7 0 7 1 7 1 6 1 6 1 6 2 6 1 5 2 5 2 5 2 5 2 0 0 0 0 0 0 0 0 0 0 ]
CSI_DATA,AP,10:B4:1D:CC:60:E0,-19,11,1,7,1,1,1,1,0,0,1,-94,0,6,2,13473016,0,68,0,0,13.1824,384,[0 0 0 0 0 0 0 0 0 0 0 0 -11 -5 -11 -5 -11 -5 -11 -5 -11 -4 -10 -5 -10 -4 -10 -4 -10 -4 -10 -3 -10 -4 -10 -3 -10 -3 -10 -3 -10 -3 -10 -3 -10 -2 -10 -2 -10 -2 -10 -2 -10 -2 -10 -2 -10 -2 -10 -2 -10 -1 -10 -1 0 0 -10 -2 -10 -2 -10 -2 -10 -2 -10 -2 -10 -2 -10 -2 -10 -2 -9 -3 -9 -3 -9 -3 -9 -3 -9 -3 -8 -4 -8 -4 -8 -4 -7 -4 -7 -4 -7 -4 -6 -4 -6 -4 -6 -4 -6 -4 -5 -4 -5 -5 -4 -5 0 0 0 0 0 0 0 0 0 0 ]
CSI_DATA,AP,10:B4:1D:CC:60:E0,-18,11,1,7,1,1,1,1,0,0,1,-94,0,6,2,13563016,0,68,0,0,13.2724,384,[0 0 0 0 0 0 0 0 0 0 0 0 -10 -7 -10 -7 -10 -7 -9 -6 -10 -7 -9 -6 -10 -6 -9 -6 -9 -6 -10 -5 -9 -5 -9 -5 -9 -5 -9 -4 -9 -4 -10 -4 -9 -4 -10 -3 -10 -3 -10 -3 -9 -3 -10 -3 -10 -3 -10 -3 -10 -3 -10 -3 0 0 -10 -3 -10 -3 -10 -3 -10 -3 -10 -3 -10 -3 -10 -4 -9 -4 -9 -4 -9 -4 -9 -4 -8 -4 -8 -4 -8 -4 -8 -5 -7 -4 -7 -5 -7 -5 -6 -4 -6 -5 -6 -5 -5 -5 -5 -5 -4 -5 -4 -5 -4 -5 0 0 0 0 0 0 0 0 0 0 ]
CSI_DATA,AP,10:B4:1D:CC:60:E0,-18,11,1,7,1,1,1,1,0,0,1,-94,0,6,2,13652920,0,68,0,0,13.3623,384,[0 0 0 0 0 0 0 0 0 0 0 0 7 8 6 8 7 8 7 7 6 7 7 7 6 7 7 7 6 6 7 6 7 6 7 6 7 5 7 5 7 5 7 5 7 5 7 4 7 5 7 5 7 4 7 4 7 4 8 4 8 4 8 4 0 0 8 4 8 4 8 4 8 4 7 5 7 5 7 5 6 5 7 5 6 5 6 5 6 5 6 5 5 5 5 5 5 5 4 5 4 5 4 5 3 5 3 5 3 5 2 5 2 5 2 5 2 5 0 0 0 0 0 0 0 0 0 0 ]
CSI_DATA,AP,10:B4:1D:CC:60:E0,-19,11,1,7,1,1,1,1,0,0,1,-94,0,6,2,13743100,0,68,0,0,13.4525,384,[0 0 0 0 0 0 0 0 0 0 0 0 -7 9 -6 9 -6 9 -6 9 -6 9 -6 9 -6 9 -6 8 -5 9 -5 9 -5 9 -4 9 -4 9 -4 9 -4 9 -3 9 -3 9 -3 9 -3 9 -3 9 -3 9 -3 9 -2 9 -2 9 -2 9 -2 9 0 0 -2 9 -2 9 -2 9 -2 9 -3 9 -3 9 -3 9 -3 9 -3 8 -4 8 -3 8 -4 8 -4 7 -4 7 -4 7 -4 6 -4 6 -4 6 -4 6 -4 5 -4 5 -4 5 -4 5 -5 4 -5 4 -5 3 0 0 0 0 0 0 0 0 0 0 ]
CSI_DATA,AP,10:B4:1D:CC:60:E0,-19,11,1,7,1,1,1,1,0,0,1,-94,0,6,2,13849440,0,68,0,0,13.5588,384,[0 0 0 0 0 0 0 0 0 0 0 0 -7 9 -7 9 -7 9 -7 9 -6 9 -6 9 -6 8 -6 8 -6 8 -6 8 -5 9 -5 8 -5 9 -4 9 -4 9 -4 8 -4 8 -4 9 -4 9 -4 9 -4 9 -4 9 -3 9 -3 9 -3 9 -3 9 0 0 -3 9 -3 9 -3 9 -3 9 -4 9 -4 9 -4 9 -4 8 -4 8 -4 8 -4 8 -5 8 -5 7 -5 7 -5 6 -5 6 -5 6 -5 6 -5 5 -5 5 -5 4 -5 4 -5 4 -5 4 -5 3 -5 3 0 0 0 0 0 0 0 0 0 0 ]
CSI_DATA,AP,10:B4:1D:CC:60:E0,-19,11,1,7,1,1,1,1,0,0,1,-94,0,6,2,13922979,0,68,0,0,13.6324,384,[0 0 0 0 0 0 0 0 0 0 0 0 9 5 9 5 9 4 9 4 9 4 9 4 9 4 9 4 9 3 9 3 9 3 9 3 9 2 8 2 9 2 8 2 8 2 8 2 8 1 9 1 8 1 9 1 9 1 9 1 9 1 9 1 0 0 9 1 9 1 9 1 9 1 9 1 9 2 9 2 8 2 8 2 8 2 8 2 7 2 7 2 7 3 7 3 6 3 6 3 6 3 5 3 5 3 5 3 5 3 4 3 4 3 4 4 3 4 0 0 0 0 0 0 0 0 0 0 ]
CSI_DATA,AP,10:B4:1D:CC:60:E0,-18,11,1,7,1,1,1,1,0,0,1,-94,0,6,2,14012999,0,68,0,0,13.7224,384,[0 0 0 0 0 0 0 0 0 0 0 0 9 -5 9 -6 9 -6 9 -5 9 -6 8 -6 8 -5 8 -6 8 -5 8 -6 7 -6 7 -6 7 -6 7 -6 7 -6 7 -6 7 -6 6 -6 6 -7 6 -7 6 -7 6 -7 6 -7 6 -7 6 -7 6 -7 0 0 6 -7 6 -7 6 -7 6 -7 6 -7 7 -7 6 -7 6 -6 6 -6 6 -6 6 -6 6 -5 6 -5 6 -5 6 -4 6 -4 6 -4 6 -3 6 -3 6 -3 6 -2 6 -2 6 -2 5 -2 5 -1 5 -1 0 0 0 0 0 0 0 0 0 0 ]
CSI_DATA,AP,10:B4:1D:CC:60:E0,-19,11,1,7,1,1,1,1,0,0,1,-94,0,6,2,14105398,0,68,0,0,13.8148,384,[0 0 0 0 0 0 0 0 0 0 0 0 10 -6 9 -5 10 -6 9 -5 9 -6 9 -5 9 -5 9 -5 8 -5 8 -6 8 -6 8 -6 8 -6 7 -6 7 -6 7 -7 7 -6 7 -7 7 -7 7 -7 7 -7 7 -7 7 -7 6 -7 6 -7 6 -7 0 0 7 -7 7 -7 7 -7 7 -7 7 -7 7 -7 7 -6 7 -6 7 -6 7 -6 7 -5 7 -5 7 -5 7 -4 7 -4 6 -4 7 -4 6 -3 6 -3 6 -2 6 -2 6 -2 6 -2 6 -1 5 -1 5 -1 0 0 0 0 0 0 0 0 0 0 ]
CSI_DATA,AP,10:B4:1D:CC:60:E0,-18,11,1,7,1,1,1,1,0,0,1,-94,0,6,2,14193136,0,68,0,0,13.9025,384,[0 0 0 0 0 0 0 0 0 0 0 0 1 11 1 11 1 10 1 10 1 10 1 10 1 10 2 10 2 9 2 9 2 9 2 9 2 9 2 9 2 9 3 9 3 9 3 8 3 8 3 8 3 8 3 8 4 8 3 8 3 8 4 8 0 0 3 8 3 8 3 9 3 8 3 8 3 8 3 9 2 9 2 8 2 8 1 8 1 8 1 8 0 8 0 7 0 7 0 7 0 7 0 7 -1 6 -1 6 -1 6 -1 6 -2 5 -2 5 -2 5 0 0 0 0 0 0 0 0 0 0 ]
CSI_DATA,AP,10:B4:1D:CC:60:E0,-18,11,1,7,1,1,1,1,0,0,1,-94,0,6,2,14282942,0,68,0,0,13.9923,384,[0 0 0 0 0 0 0 0 0 0 0 0 -1 11 -1 11 -1 11 -1 10 -1 10 0 10 0 10 0 10 0 10 0 10 0 9 1 9 0 9 1 9 1 9 1 9 1 9 1 9 2 9 2 9 2 9 2 9 2 9 2 9 2 9 2 9 0 0 2 9 2 9 2 9 2 9 2 9 1 9 1 9 1 9 1 8 0 8 1 8 0 8 0 8 0 8 0 7 0 7 -1 7 -1 7 -1 6 -1 6 -2 6 -2 6 -2 6 -3 5 -2 5 -3 5 0 0 0 0 0 0 0 0 0 0 ]
CSI_DATA,AP,10:B4:1D:CC:60:E0,-18,11,1,7,1,1,1,1,0,0,1,-94,0,6,2,14373055,0,68,0,0,14.0824,384,[0 0 0 0 0 0 0 0 0 0 0 0 3 -12 3 -11 3 -11 3 -11 2 -11 2 -11 2 -11 2 -11 2 -10 2 -10 1 -10 1 -10 1 -10 1 -10 1 -10 0 -10 0 -10 0 -10 0 -10 0 -10 0 -10 0 -10 0 -10 -1 -10 -1 -10 -1 -10 0 0 0 -10 0 -10 0 -10 0 -10 0 -10 0 -10 1 -10 1 -10 1 -10 1 -9 1 -9 1 -9 2 -9 2 -9 2 -8 2 -8 2 -8 2 -7 2 -7 3 -7 2 -6 3 -6 3 -6 3 -6 3 -5 3 -5 0 0 0 0 0 0 0 0 0 0 ]
CSI_DATA,AP,10:B4:1D:CC:60:E0,-18,11,1,7,1,1,1,1,0,0,1,-94,0,6,2,14463221,0,68,0,0,14.1726,384,[0 0 0 0 0 0 0 0 0 0 0 0 11 -2 11 -2 11 -2 10 -3 10 -3 10 -3 9 -2 10 -3 9 -3 9 -3 9 -3 9 -3 9 -4 9 -4 9 -4 8 -4 8 -5 8 -4 8 -5 8 -5 8 -5 8 -5 8 -5 8 -6 8 -6 8 -6 0 0 8 -5 8 -5 8 -5 8 -5 8 -5 8 -5 8 -5 8 -4 8 -4 8 -4 8 -4 8 -4 7 -3 7 -3 7 -3 7 -2 7 -2 6 -2 6 -2 6 -1 6 -1 6 -1 6 -1 5 0 5 0 5 0 0 0 0 0 0 0 0 0 0 0 ]
CSI_DATA,AP,10:B4:1D:CC:60:E0,-19,11,1,7,1,1,1,1,0,0,1,-94,0,6,2,14553090,0,68,0,0,14.2625,384,[0 0 0 0 0 0 0 0 0 0 0 0 -3 -12 -3 -12 -3 -11 -3 -11 -3 -11 -3 -11 -3 -11 -3 -11 -3 -10 -3 -10 -4 -10 -4 -10 -4 -10 -4 -9 -4 -9 -5 -9 -5 -9 -5 -9 -5 -9 -5 -9 -5 -9 -5 -9 -6 -9 -6 -9 -6 -9 -6 -9 0 0 -6 -9 -6 -9 -6 -9 -6 -9 -5 -9 -5 -9 -5 -9 -5 -9 -5 -9 -4 -9 -4 -9 -4 -9 -4 -8 -3 -8 -3 -8 -3 -8 -3 -8 -3 -8 -2 -7 -2 -7 -2 -7 -1 -7 -1 -7 -1 -7 -1 -6 0 -6 0 0 0 0 0 0 0 0 0 0 ]
CSI_DATA,AP,10:B4:1D:CC:60:E0,-18,11,1,7,1,1,1,1,0,0,1,-94,0,6,2,14643067,0,68,0,0,14.3525,384,[0 0 0 0 0 0 0 0 0 0 0 0 11 -3 11 -3 10 -3 10 -3 10 -3 10 -3 10 -3 10 -3 9 -3 9 -4 9 -3 9 -4 9 -4 8 -4 8 -4 8 -5 8 -5 8 -5 8 -5 8 -5 8 -5 7 -5 7 -6 8 -6 8 -6 8 -6 0 0 8 -6 8 -6 8 -6 8 -6 8 -6 8 -5 8 -5 8 -5 8 -4 8 -4 8 -4 8 -4 7 -4 7 -3 7 -3 7 -3 7 -3 7 -2 6 -2 6 -1 6 -1 6 -1 6 -1 6 -1 6 0 5 0 0 0 0 0 0 0 0 0 0 0 ]
CSI_DATA,AP,10:B4:1D:CC:60:E0,-19,11,1,7,1,1,1,1,0,0,1,-94,0,6,2,14732968,0,68,0,0,14.4424,384,[0 0 0 0 0 0 0 0 0 0 0 0 -10 -7 -10 -7 -10 -6 -10 -6 -10 -6 -10 -6 -10 -6 -10 -6 -9 -5 -10 -5 -10 -5 -10 -5 -10 -4 -10 -4 -10 -4 -10 -4 -9 -4 -10 -3 -10 -3 -10 -3 -10 -3 -10 -3 -10 -3 -10 -3 -10 -3 -10 -3 0 0 -10 -3 -10 -3 -10 -3 -10 -3 -10 -3 -10 -3 -10 -4 -9 -4 -9 -4 -9 -4 -9 -4 -8 -4 -8 -4 -8 -4 -8 -5 -7 -5 -7 -5 -7 -5 -6 -5 -6 -5 -6 -5 -5 -5 -5 -5 -5 -5 -5 -5 -4 -5 0 0 0 0 0 0 0 0 0 0 ]
CSI_DATA,AP,10:B4:1D:CC:60:E0,-19,11,1,7,1,1,1,1,0,0,1,-94,0,6,2,14823033,0,68,0,0,14.5324,384,[0 0 0 0 0 0 0 0 0 0 0 0 -6 10 -6 9 -6 10 -6 9 -5 9 -5 9 -5 9 -5 9 -5 9 -4 9 -4 9 -4 9 -4 9 -3 9 -3 9 -3 9 -3 8 -2 9 -2 9 -2 9 -2 9 -2 9 -2 9 -2 9 -2 9 -1 9 0 0 -2 9 -2 9 -2 9 -2 9 -2 9 -2 9 -2 9 -2 9 -3 8 -3 8 -3 8 -3 8 -3 8 -3 7 -3 7 -3 6 -4 7 -3 6 -4 6 -4 6 -4 5 -4 5 -4 5 -4 5 -4 4 -4 4 0 0 0 0 0 0 0 0 0 0 ]
CSI_DATA,AP,10:B4:1D:CC:60:E0,-18,11,1,7,1,1,1,1,0,0,1,-94,0,6,2,14912994,0,68,0,0,14.6224,384,[0 0 0 0 0 0 0 0 0 0 0 0 -4 -11 -4 -11 -4 -11 -4 -11 -4 -10 -4 -10 -4 -10 -5 -10 -4 -10 -5 -10 -5 -10 -5 -9 -5 -9 -5 -9 -6 -9 -6 -9 -6 -8 -6 -8 -6 -8 -6 -8 -6 -8 -6 -8 -6 -8 -7 -8 -6 -8 -7 -8 0 0 -7 -8 -6 -8 -6 -8 -7 -8 -6 -8 -6 -9 -6 -8 -6 -9 -5 -8 -5 -8 -5 -8 -5 -8 -4 -8 -4 -8 -4 -8 -3 -8 -3 -8 -3 -7 -3 -7 -3 -7 -2 -7 -2 -7 -1 -7 -1 -7 -2 -6 -1 -6 0 0 0 0 0 0 0 0 0 0 ]
CSI_DATA,AP,10:B4:1D:CC:60:E0,-19,11,1,7,1,1,1,1,0,0,1,-94,0,6,2,15003110,0,68,0,0,14.7125,384,[0 0 0 0 0 0 0 0 0 0 0 0 2 11 1 11 1 11 1 10 2 10 2 10 2 10 2 10 2 9 2 9 2 9 3 9 3 9 3 9 3 8 3 8 3 8 3 8 4 8 4 8 4 8 4 8 4 8 4 8 4 8 4 8 0 0 4 8 4 8 4 8 4 8 4 8 3 8 3 8 3 8 3 8 3 8 3 8 2 8 2 8 1 7 1 7 1 7 1 7 1 7 0 7 0 6 0 6 -1 6 -1 6 -1 6 -1 5 -1 5 0 0 0 0 0 0 0 0 0 0 ]
CSI_DATA,AP,10:B4:1D:CC:60:E0,-18,11,1,7,1,1,1,1,0,0,1,-94,0,6,2,15093154,0,68,0,0,14.8025,384,[0 0 0 0 0 0 0 0 0 0 0 0 7 7 7 7 7 7 7 7 7 7 7 6 7 6 7 6 7 6 7 6 7 6 7 5 7 5 7 5 7 5 7 5 7 4 8 4 8 4 8 4 7 4 7 4 8 4 8 4 8 3 8 4 0 0 8 4 8 4 8 4 8 4 8 4 7 5 7 4 7 4 7 5 7 5 7 5 6 5 6 4 5 5 5 5 5 5 5 5 4 5 4 5 4 5 3 5 3 5 3 5 2 5 2 5 2 5 0 0 0 0 0 0 0 0 0 0 ]
CSI_DATA,AP,10:B4:1D:CC:60:E0,-19,11,1,7,1,1,1,1,0,0,1,-94,0,6,2,15183158,0,68,0,0,14.8925,384,[0 0 0 0 0 0 0 0 0 0 0 0 -4 10 -4 10 -4 10 -4 10 -4 10 -3 10 -3 10 -3 10 -3 9 -3 10 -2 9 -2 9 -2 9 -2 9 -2 9 -1 9 -1 9 -1 9 -1 9 -1 9 -1 9 -1 9 0 9 0 9 0 9 0 9 0 0 0 9 0 9 0 9 0 9 0 9 -1 9 -1 9 -1 9 -1 9 -2 9 -2 8 -2 8 -2 8 -2 8 -2 7 -2 7 -3 7 -3 6 -3 6 -3 6 -3 6 -3 5 -3 5 -4 5 -4 4 -4 4 0 0 0 0 0 0 0 0 0 0 ]
CSI_DATA,AP,10:B4:1D:CC:60:E0,-18,11,1,7,1,1,1,1,0,0,1,-94,0,6,2,15273069,0,68,0,0,14.9825,384,[0 0 0 0 0 0 0 0 0 0 0 0 10 -5 10 -5 10 -5 9 -5 9 -5 9 -5 9 -5 9 -5 8 -5 9 -6 8 -5 8 -5 8 -6 7 -6 7 -6 7 -6 7 -6 7 -6 7 -7 7 -7 7 -7 7 -7 7 -7 6 -7 6 -7 6 -7 0 0 7 -7 7 -8 6 -7 7 -7 7 -7 7 -7 7 -7 7 -6 7 -6 7 -6 7 -5 7 -5 7 -5 7 -4 6 -4 6 -4 6 -4 6 -3 6 -3 6 -3 6 -2 6 -2 6 -2 5 -2 5 -1 5 -1 0 0 0 0 0 0 0 0 0 0 ]
CSI_DATA,AP,10:B4:1D:CC:60:E0,-18,11,1,7,1,1,1,1,0,0,1,-94,0,6,2,15363657,0,68,0,0,15.073,384,[0 0 0 0 0 0 0 0 0 0 0 0 1 11 2 11 1 10 1 10 1 10 1 10 2 10 1 10 2 10 2 9 2 9 2 9 2 8 2 9 2 8 3 8 3 8 3 8 3 8 3 8 3 8 3 8 3 8 4 8 4 8 4 8 0 0 3 8 4 8 3 8 3 8 3 9 3 9 2 8 2 8 2 8 2 8 2 8 2 8 1 8 1 8 1 7 0 7 0 7 0 7 0 6 -1 6 -1 6 -1 6 -1 6 -2 5 -2 5 -2 5 0 0 0 0 0 0 0 0 0 0 ]
CSI_DATA,AP,10:B4:1D:CC:60:E0,-19,11,1,7,1,1,1,1,0,0,1,-94,0,6,2,15452950,0,68,0,0,15.1623,384,[0 0 0 0 0 0 0 0 0 0 0 0 9 -7 9 -7 9 -7 9 -7 9 -7 8 -7 8 -7 8 -7 8 -7 8 -7 7 -7 7 -7 7 -7 7 -7 7 -7 6 -7 6 -7 6 -7 6 -8 6 -8 6 -8 6 -8 6 -8 5 -8 5 -8 5 -8 0 0 6 -8 5 -8 6 -8 6 -8 6 -8 6 -8 6 -7 6 -7 6 -7 6 -7 6 -6 6 -6 6 -6 6 -6 6 -5 6 -5 6 -5 6 -4 6 -4 6 -3 6 -3 6 -3 6 -3 5 -2 5 -2 5 -2 0 0 0 0 0 0 0 0 0 0 ]
CSI_DATA,AP,10:B4:1D:CC:60:E0,-18,11,1,7,1,1,1,1,0,0,1,-94,0,6,2,15543109,0,68,0,0,15.2525,384,[0 0 0 0 0 0 0 0 0 0 0 0 1 10 1 10 1 10 1 10 1 10 1 10 2 9 2 9 2 9 2 9 2 9 2 9 2 9 3 8 3 8 3 8 3 8 3 8 4 8 4 8 4 8 4 8 4 8 4 7 4 7 4 8 0 0 4 8 4 8 4 8 4 8 4 8 4 8 3 8 3 8 3 8 3 8 3 7 3 8 2 7 2 7 2 7 1 7 1 7 1 6 1 6 1 6 1 6 0 6 0 6 0 6 -1 5 -1 5 0 0 0 0 0 0 0 0 0 0 ]
CSI_DATA,AP,10:B4:1D:CC:60:E0,-18,11,1,7,1,1,1,1,0,0,1,-94,0,6,2,15635675,0,68,0,0,15.3451,384,[0 0 0 0 0 0 0 0 0 0 0 0 -12 -2 -12 -2 -12 -1 -11 -1 -11 -1 -11 -1 -11 -1 -11 -1 -11 -1 -11 -1 -11 0 -10 0 -10 0 -10 0 -10 0 -10 1 -10 0 -10 1 -10 1 -10 1 -10 1 -10 1 -10 1 -10 2 -10 2 -10 2 0 0 -10 1 -10 2 -10 1 -10 1 -10 1 -10 1 -10 1 -10 0 -10 0 -10 0 -10 0 -9 0 -9 0 -9 -1 -8 -1 -8 -1 -8 -1 -8 -2 -8 -2 -7 -2 -7 -2 -7 -2 -7 -3 -6 -2 -6 -3 -6 -3 0 0 0 0 0 0 0 0 0 0 ]
CSI_DATA,AP,10:B4:1D:CC:60:E0,-18,11,1,7,1,1,1,1,0,0,1,-94,0,6,2,15723013,0,68,0,0,15.4324,384,[0 0 0 0 0 0 0 0 0 0 0 0 9 -6 9 -6 9 -6 9 -6 8 -6 8 -6 8 -6 8 -6 8 -6 7 -6 7 -6 7 -7 7 -6 6 -7 6 -7 6 -7 6 -7 6 -7 6 -7 6 -7 6 -7 6 -7 5 -8 6 -8 5 -8 6 -8 0 0 6 -7 6 -8 6 -8 6 -7 6 -7 6 -7 6 -7 7 -7 6 -6 6 -6 6 -6 6 -6 6 -6 6 -5 6 -5 6 -4 6 -5 5 -4 6 -3 6 -3 6 -3 5 -3 6 -3 5 -2 5 -2 5 -1 0 0 0 0 0 0 0 0 0 0 ]
CSI_DATA,AP,10:B4:1D:CC:60:E0,-18,11,1,7,1,1,1,1,0,0,1,-94,0,6,2,15812967,0,68,0,0,15.5223,384,[0 0 0 0 0 0 0 0 0 0 0 0 -3 10 -3 10 -3 10 -3 10 -3 10 -2 10 -2 9 -2 10 -2 9 -2 9 -2 9 -1 9 -1 9 -1 9 -1 9 -1 9 -1 9 0 9 0 9 0 8 0 9 0 9 0 9 0 9 0 9 0 9 0 0 0 9 0 9 0 9 0 9 0 9 -1 9 -1 9 -1 9 -1 9 -1 8 -1 8 -2 8 -2 8 -2 7 -2 7 -2 7 -3 7 -2 6 -3 6 -3 6 -3 6 -3 5 -4 5 -3 5 -4 5 -4 4 0 0 0 0 0 0 0 0 0 0 ]
CSI_DATA,AP,10:B4:1D:CC:60:E0,-19,11,1,7,1,1,1,1,0,0,1,-94,0,6,2,15903084,0,68,0,0,15.6125,384,[0 0 0 0 0 0 0 0 0 0 0 0 6 -10 6 -10 6 -10 6 -10 6 -9 6 -9 5 -9 5 -9 5 -9 5 -9 4 -9 4 -9 4 -9 4 -9 4 -10 3 -9 3 -9 3 -9 3 -10 3 -10 3 -9 3 -9 2 -10 2 -10 2 -10 2 -10 0 0 2 -10 3 -10 3 -10 3 -10 3 -10 3 -10 3 -9 3 -9 3 -9 3 -9 3 -9 4 -8 4 -8 4 -8 4 -7 4 -7 4 -7 4 -6 4 -6 4 -6 4 -5 4 -5 4 -5 4 -5 4 -4 4 -4 0 0 0 0 0 0 0 0 0 0 ]
CSI_DATA,AP,10:B4:1D:CC:60:E0,-18,11,1,7,1,1,1,1,0,0,1,-94,0,6,2,15993057,0,68,0,0,15.7024,384,[0 0 0 0 0 0 0 0 0 0 0 0 10 4 10 4 10 4 9 4 9 4 9 4 9 4 9 3 9 3 9 3 9 2 9 2 8 2 8 2 9 2 9 2 8 1 9 1 9 1 9 1 8 1 9 1 9 0 9 0 9 0 9 0 0 0 9 1 9 0 9 0 9 1 9 1 9 1 9 1 8 2 8 2 8 2 8 2 8 2 7 2 7 2 7 2 6 2 6 3 6 3 6 3 5 3 5 3 5 3 4 3 4 3 4 3 4 4 0 0 0 0 0 0 0 0 0 0 ]
CSI_DATA,AP,10:B4:1D:CC:60:E0,-19,11,1,7,1,1,1,1,0,0,1,-94,0,6,2,16083037,0,68,0,0,15.7924,384,[0 0 0 0 0 0 0 0 0 0 0 0 -10 6 -10 6 -10 6 -9 6 -9 6 -9 6 -9 6 -9 6 -9 6 -8 6 -8 6 -8 6 -8 6 -7 6 -7 7 -7 7 -7 6 -7 7 -6 7 -6 7 -6 7 -6 7 -6 7 -6 8 -6 8 -6 7 0 0 -6 7 -6 8 -6 7 -6 7 -6 7 -7 7 -7 7 -7 7 -7 6 -7 6 -7 6 -7 6 -7 6 -7 5 -7 5 -6 4 -7 4 -6 4 -6 3 -6 3 -6 3 -6 3 -6 2 -6 2 -6 2 -6 1 0 0 0 0 0 0 0 0 0 0 ]
CSI_DATA,AP,10:B4:1D:CC:60:E0,-18,11,1,7,1,1,1,1,0,0,1,-94,0,6,2,16173081,0,68,0,0,15.8825,384,[0 0 0 0 0 0 0 0 0 0 0 0 -11 5 -10 4 -10 5 -10 5 -10 5 -9 4 -9 4 -9 5 -9 5 -9 5 -8 5 -8 5 -8 5 -8 5 -8 5 -7 5 -7 5 -7 6 -7 6 -7 6 -7 6 -7 6 -7 6 -7 6 -7 7 -7 6 0 0 -7 6 -7 7 -7 6 -7 6 -7 6 -7 6 -7 6 -8 6 -7 5 -7 5 -7 5 -7 4 -7 4 -7 4 -7 4 -7 3 -7 3 -7 3 -7 2 -6 2 -7 2 -7 2 -6 1 -6 1 -6 1 -6 0 0 0 0 0 0 0 0 0 0 0 ]
CSI_DATA,AP,10:B4:1D:CC:60:E0,-19,11,1,7,1,1,1,1,0,0,1,-94,0,6,2,16263023,0,68,0,0,15.9724,384,[0 0 0 0 0 0 0 0 0 0 0 0 10 -6 10 -5 10 -5 10 -5 9 -5 9 -6 9 -5 9 -5 9 -5 8 -6 8 -6 8 -6 8 -6 7 -6 8 -6 7 -6 7 -6 7 -6 7 -7 7 -7 7 -7 7 -7 6 -7 7 -7 6 -7 6 -7 0 0 7 -7 7 -7 7 -7 7 -7 7 -7 7 -7 7 -6 7 -6 7 -6 7 -5 7 -5 7 -5 7 -5 7 -5 7 -4 7 -4 7 -3 6 -3 6 -3 6 -2 6 -2 6 -2 6 -2 6 -2 6 -1 5 -1 0 0 0 0 0 0 0 0 0 0 ]
CSI_DATA,AP,10:B4:1D:CC:60:E0,-18,11,1,7,1,1,1,1,0,0,1,-94,0,6,2,16353049,0,68,0,0,16.0624,384,[0 0 0 0 0 0 0 0 0 0 0 0 11 0 10 0 11 -1 10 -1 10 -1 10 -1 10 -1 10 -1 9 -1 9 -1 9 -1 9 -2 9 -2 9 -2 8 -2 9 -3 8 -3 9 -3 8 -3 8 -3 8 -3 8 -4 8 -4 9 -4 8 -4 8 -3 0 0 8 -4 8 -4 8 -4 9 -3 8 -4 8 -3 8 -3 8 -3 8 -2 8 -2 8 -2 8 -2 8 -2 7 -1 7 -1 7 -1 7 -1 7 0 6 -1 6 0 6 0 6 0 6 1 6 1 5 1 5 1 0 0 0 0 0 0 0 0 0 0 ]
CSI_DATA,AP,10:B4:1D:CC:60:E0,-18,11,1,7,1,1,1,1,0,0,1,-94,0,6,2,16442989,0,68,0,0,16.1524,384,[0 0 0 0 0 0 0 0 0 0 0 0 -11 -3 -11 -3 -11 -2 -11 -2 -11 -2 -11 -2 -11 -2 -10 -2 -10 -2 -10 -2 -10 -1 -10 -1 -10 -1 -10 0 -10 0 -10 0 -10 0 -10 0 -10 0 -10 0 -10 1 -10 0 -10 0 -10 1 -10 1 -10 1 0 0 -10 1 -10 1 -10 0 -10 0 -10 0 -10 0 -10 0 -10 0 -10 -1 -10 -1 -9 -1 -9 -1 -9 -1 -8 -1 -8 -2 -8 -2 -8 -2 -7 -2 -7 -2 -7 -3 -7 -3 -7 -3 -6 -3 -6 -3 -6 -3 -5 -3 0 0 0 0 0 0 0 0 0 0 ]
CSI_DATA,AP,10:B4:1D:CC:60:E0,-18,11,1,7,1,1,1,1,0,0,1,-94,0,6,2,16533052,0,68,0,0,16.2424,384,[0 0 0 0 0 0 0 0 0 0 0 0 -12 -2 -12 -1 -11 -1 -11 -1 -11 -1 -11 -1 -11 -1 -11 -1 -10 -1 -10 0 -10 0 -10 0 -10 0 -10 1 -10 1 -10 1 -10 1 -10 1 -10 2 -10 2 -9 2 -10 2 -10 2 -10 2 -10 2 -10 2 0 0 -10 2 -10 2 -10 2 -10 2 -10 2 -10 1 -10 1 -10 1 -9 1 -10 0 -9 0 -9 0 -9 0 -9 0 -9 0 -8 -1 -8 -1 -8 -1 -8 -1 -7 -1 -7 -2 -7 -2 -7 -2 -6 -2 -6 -2 -6 -3 0 0 0 0 0 0 0 0 0 0 ]
CSI_DATA,AP,10:B4:1D:CC:60:E0,-18,11,1,7,1,1,1,1,0,0,1,-94,0,6,2,16623023,0,68,0,0,16.3324,384,[0 0 0 0 0 0 0 0 0 0 0 0 11 0 11 -1 11 0 10 -1 10 -1 10 -1 10 -1 10 -1 10 -1 9 -2 9 -2 9 -2 9 -2 9 -2 9 -2 9 -2 9 -3 8 -3 9 -3 9 -3 8 -4 8 -3 8 -3 9 -4 9 -4 9 -4 0 0 9 -4 9 -4 9 -4 9 -3 9 -3 9 -3 9 -3 8 -3 8 -2 9 -2 8 -2 8 -2 8 -2 8 -2 8 -1 7 -1 7 -1 7 0 7 0 6 0 6 0 6 0 6 1 6 1 6 1 5 1 0 0 0 0 0 0 0 0 0 0 ]
CSI_DATA,AP,10:B4:1D:CC:60:E0,-18,11,1,7,1,1,1,1,0,0,1,-94,0,6,2,16713215,0,68,0,0,16.4226,384,[0 0 0 0 0 0 0 0 0 0 0 0 -12 0 -12 0 -12 1 -11 1 -12 1 -11 1 -11 1 -11 1 -11 1 -11 1 -10 1 -10 1 -10 2 -10 2 -10 2 -10 2 -10 2 -10 3 -9 3 -10 3 -9 3 -9 3 -9 3 -9 3 -9 4 -9 3 0 0 -10 3 -10 4 -9 3 -10 3 -10 3 -10 3 -10 3 -10 2 -9 2 -10 2 -9 1 -9 1 -9 1 -9 1 -9 1 -8 0 -8 0 -8 0 -8 0 -7 -1 -7 -1 -7 -1 -7 -1 -7 -2 -7 -2 -6 -2 0 0 0 0 0 0 0 0 0 0 ]
CSI_DATA,AP,10:B4:1D:CC:60:E0,-18,11,1,7,1,1,1,1,0,0,1,-94,0,6,2,16804139,0,68,0,0,16.5135,384,[0 0 0 0 0 0 0 0 0 0 0 0 -1 11 -1 10 -1 10 -1 10 -1 10 -1 10 0 9 0 10 0 9 0 10 0 9 0 9 0 9 1 9 1 9 1 9 1 9 2 9 2 8 2 9 2 8 2 8 2 8 2 8 2 8 2 8 0 0 2 8 3 9 2 8 2 9 2 8 2 8 2 9 1 8 1 8 1 8 1 8 1 8 0 8 0 7 0 7 0 7 -1 7 0 7 -1 6 -1 6 -1 6 -1 6 -2 6 -2 5 -2 5 -2 5 0 0 0 0 0 0 0 0 0 0 ]
CSI_DATA,AP,10:B4:1D:CC:60:E0,-18,11,1,7,1,1,1,1,0,0,1,-94,0,6,2,16892897,0,68,0,0,16.6023,384,[0 0 0 0 0 0 0 0 0 0 0 0 6 -10 6 -9 6 -9 6 -9 6 -9 5 -9 5 -9 5 -9 5 -9 5 -9 4 -9 4 -9 4 -9 4 -9 4 -9 3 -9 3 -9 3 -9 3 -9 3 -9 3 -9 3 -9 2 -9 2 -10 2 -10 2 -10 0 0 2 -10 3 -10 3 -10 3 -9 3 -10 3 -10 3 -10 3 -9 4 -9 4 -9 4 -8 4 -8 4 -8 4 -7 4 -7 4 -7 4 -7 4 -6 4 -6 4 -5 4 -5 5 -5 4 -5 4 -4 4 -4 4 -3 0 0 0 0 0 0 0 0 0 0 ]
CSI_DATA,AP,10:B4:1D:CC:60:E0,-19,11,1,7,1,1,1,1,0,0,1,-94,0,6,2,16982999,0,68,0,0,16.6924,384,[0 0 0 0 0 0 0 0 0 0 0 0 -3 -12 -3 -11 -3 -11 -3 -11 -3 -11 -3 -11 -3 -11 -3 -10 -4 -10 -4 -10 -4 -10 -4 -10 -4 -10 -5 -9 -5 -9 -5 -9 -5 -9 -5 -9 -5 -9 -5 -9 -5 -9 -5 -8 -6 -9 -6 -8 -6 -8 -6 -8 0 0 -6 -9 -6 -9 -6 -9 -6 -9 -5 -9 -5 -9 -5 -9 -5 -9 -5 -9 -4 -9 -4 -9 -4 -9 -4 -8 -3 -8 -3 -8 -3 -8 -2 -8 -3 -8 -2 -7 -2 -7 -2 -7 -1 -7 -1 -7 -1 -7 -1 -7 0 -6 0 0 0 0 0 0 0 0 0 0 ]
CSI_DATA,AP,10:B4:1D:CC:60:E0,-17,11,1,7,1,1,1,1,0,0,1,-94,0,6,2,17074372,0,68,0,0,16.7838,384,[0 0 0 0 0 0 0 0 0 0 0 0 0 11 0 11 0 10 0 11 0 10 0 10 0 10 0 10 0 9 1 9 1 9 1 9 1 9 1 9 2 9 2 8 2 9 2 8 2 8 2 8 2 8 3 8 3 8 3 8 3 8 3 8 0 0 3 9 3 8 3 9 3 8 3 9 3 9 3 9 2 8 2 8 2 8 2 8 1 8 1 8 1 8 1 7 1 7 0 7 0 7 0 7 0 6 -1 6 -1 6 -1 6 -1 6 -1 6 -2 5 0 0 0 0 0 0 0 0 0 0 ]
CSI_DATA,AP,10:B4:1D:CC:60:E0,-17,11,1,7,1,1,1,1,0,0,1,-94,0,6,2,17163207,0,68,0,0,16.8726,384,[0 0 0 0 0 0 0 0 0 0 0 0 -10 5 -10 4 -10 5 -10 5 -9 5 -9 5 -9 4 -9 5 -9 5 -8 5 -8 5 -8 5 -8 5 -8 6 -8 5 -8 5 -7 5 -7 6 -7 6 -7 6 -7 6 -7 6 -7 6 -7 6 -7 7 -7 6 0 0 -7 6 -7 6 -7 6 -7 6 -7 6 -8 6 -8 6 -8 5 -7 5 -8 5 -7 5 -7 5 -7 4 -7 4 -7 4 -7 3 -7 3 -7 3 -7 2 -7 2 -7 2 -7 1 -7 1 -6 1 -6 0 -6 0 0 0 0 0 0 0 0 0 0 0 ]
CSI_DATA,AP,10:B4:1D:CC:60:E0,-17,11,1,7,1,1,1,1,0,0,1,-94,0,6,2,17253040,0,68,0,0,16.9624,384,[0 0 0 0 0 0 0 0 0 0 0 0 -7 -10 -6 -10 -6 -10 -6 -9 -6 -9 -7 -9 -6 -9 -6 -9 -6 -9 -7 -8 -7 -8 -7 -8 -7 -8 -7 -7 -7 -7 -7 -7 -7 -7 -7 -7 -8 -7 -7 -7 -7 -7 -8 -7 -8 -6 -8 -6 -8 -6 -8 -6 0 0 -8 -7 -8 -7 -8 -7 -8 -6 -8 -7 -7 -7 -7 -7 -7 -7 -7 -7 -7 -7 -7 -7 -6 -7 -6 -7 -6 -7 -6 -7 -5 -7 -5 -7 -5 -7 -4 -7 -4 -7 -4 -7 -3 -7 -3 -6 -3 -6 -2 -6 -2 -6 0 0 0 0 0 0 0 0 0 0 ]
CSI_DATA,AP,10:B4:1D:CC:60:E0,-17,11,1,7,1,1,1,1,0,0,1,-94,0,6,2,17343078,0,68,0,0,17.0525,384,[0 0 0 0 0 0 0 0 0 0 0 0 10 -2 10 -2 10 -2 10 -2 10 -2 10 -2 10 -2 10 -2 9 -2 9 -3 9 -3 9 -3 9 -3 8 -3 9 -4 8 -4 8 -4 8 -4 8 -4 8 -5 8 -4 8 -5 8 -5 8 -5 8 -5 8 -5 0 0 8 -5 8 -5 8 -5 8 -5 8 -5 8 -5 8 -5 8 -4 8 -4 8 -4 8 -3 8 -3 8 -3 8 -3 7 -3 7 -2 7 -2 7 -2 7 -2 6 -1 6 -1 6 -1 6 -1 6 0 5 0 5 1 0 0 0 0 0 0 0 0 0 0 ]
CSI_DATA,AP,10:B4:1D:CC:60:E0,-18,11,1,7,1,1,1,1,0,0,1,-94,0,6,2,17433107,0,68,0,0,17.1425,384,[0 0 0 0 0 0 0 0 0 0 0 0 -11 2 -11 3 -11 3 -11 3 -11 3 -11 3 -10 2 -10 3 -10 3 -10 3 -10 3 -9 3 -9 4 -9 4 -9 4 -9 4 -9 4 -8 4 -9 5 -9 5 -8 4 -8 5 -8 5 -8 5 -8 5 -8 5 0 0 -9 5 -8 5 -9 5 -8 5 -9 5 -9 5 -9 4 -9 4 -9 4 -8 3 -8 3 -8 3 -8 3 -8 3 -8 2 -8 2 -8 2 -8 2 -7 1 -7 1 -7 1 -7 0 -7 0 -7 0 -7 0 -6 -1 0 0 0 0 0 0 0 0 0 0 ]
CSI_DATA,AP,10:B4:1D:CC:60:E0,-18,11,1,7,1,1,1,1,0,0,1,-94,0,6,2,17523104,0,68,0,0,17.2325,384,[0 0 0 0 0 0 0 0 0 0 0 0 6 9 6 9 6 9 6 8 5 8 6 8 5 8 5 8 6 8 6 7 6 7 6 7 6 7 6 6 6 6 6 6 6 6 6 6 6 6 6 6 6 6 6 5 7 5 7 5 7 5 7 5 0 0 7 6 7 5 7 6 7 6 7 6 6 6 6 6 5 6 6 6 6 6 6 6 5 6 5 6 4 6 4 6 4 6 3 6 3 6 3 6 2 6 2 6 2 6 2 5 1 5 1 6 1 5 0 0 0 0 0 0 0 0 0 0 ]
CSI_DATA,AP,10:B4:1D:CC:60:E0,-18,11,1,7,1,1,1,1,0,0,1,-94,0,6,2,17613096,0,68,0,0,17.3225,384,[0 0 0 0 0 0 0 0 0 0 0 0 -1 -12 -1 -12 -1 -12 -1 -12 -1 -11 -1 -11 -1 -11 -1 -11 -1 -11 -1 -11 -2 -11 -2 -10 -2 -10 -2 -10 -2 -10 -3 -10 -3 -10 -3 -10 -3 -10 -3 -10 -3 -10 -3 -10 -4 -10 -4 -10 -4 -10 -4 -10 0 0 -4 -10 -4 -10 -4 -10 -4 -10 -3 -10 -3 -10 -3 -10 -3 -10 -3 -10 -2 -10 -2 -9 -2 -9 -2 -9 -1 -9 -1 -9 -1 -8 0 -8 -1 -8 0 -8 0 -8 0 -7 1 -7 1 -7 1 -7 1 -6 1 -6 0 0 0 0 0 0 0 0 0 0 ]
CSI_DATA,AP,10:B4:1D:CC:60:E0,-18,11,1,7,1,1,1,1,0,0,1,-94,0,6,2,17702872,0,68,0,0,17.4123,384,[0 0 0 0 0 0 0 0 0 0 0 0 -2 11 -2 11 -2 11 -2 10 -2 10 -1 10 -1 10 -1 10 -1 9 -1 9 0 9 0 9 0 9 0 9 0 9 1 9 1 9 1 9 1 9 1 9 1 9 1 9 2 9 2 9 1 9 2 9 0 0 2 9 2 9 2 9 2 9 2 9 1 9 1 9 1 9 1 9 0 8 0 9 0 8 0 8 -1 8 0 7 -1 7 -1 7 -1 7 -1 7 -1 6 -2 6 -2 6 -2 6 -2 5 -2 5 -3 5 0 0 0 0 0 0 0 0 0 0 ]
CSI_DATA,AP,10:B4:1D:CC:60:E0,-18,11,1,7,1,1,1,1,0,0,1,-94,0,6,2,17792984,0,68,0,0,17.5024,384,[0 0 0 0 0 0 0 0 0 0 0 0 7 8 7 8 7 8 7 8 7 7 7 7 7 7 7 7 7 7 7 6 7 6 7 6 7 5 7 5 7 5 7 5 8 5 7 4 8 4 8 4 8 4 8 4 8 4 8 4 8 4 8 4 0 0 8 4 8 4 8 4 8 4 8 4 8 4 8 5 7 5 7 5 7 5 7 5 6 5 6 5 6 5 5 5 5 5 5 5 5 5 4 5 4 5 4 5 3 5 3 5 2 5 2 5 2 5 0 0 0 0 0 0 0 0 0 0 ]
CSI_DATA,AP,10:B4:1D:CC:60:E0,-18,11,1,7,1,1,1,1,0,0,1,-94,0,6,2,17883151,0,68,0,0,17.5925,384,[0 0 0 0 0 0 0 0 0 0 0 0 2 -12 1 -11 1 -11 1 -11 1 -11 1 -11 1 -11 1 -11 0 -11 0 -10 0 -10 0 -10 0 -10 0 -10 0 -10 -1 -10 -1 -10 -1 -10 -1 -10 -2 -10 -1 -10 -2 -10 -2 -10 -2 -10 -2 -10 -2 -10 0 0 -2 -10 -2 -10 -2 -10 -2 -10 -2 -10 -1 -10 -1 -10 -1 -10 -1 -10 0 -9 0 -9 0 -9 0 -9 1 -9 1 -8 1 -8 1 -8 1 -8 1 -7 1 -7 1 -7 2 -7 2 -7 2 -6 2 -6 2 -5 0 0 0 0 0 0 0 0 0 0 ]

