--- Warning: GDB cannot open serial ports accessed as COMx
--- Using \\.\COM5 instead...
--- esp-idf-monitor 1.9.0 on \\.\COM5 115200
--- Quit: Ctrl+] | Menu: Ctrl+T | Help: Ctrl+T followed by Ctrl+H
Executing action: monitor
Running idf_monitor in directory C:\ESP32-CSI-Tool\active_ap
Executing "C:\Espressif\python_env\idf5.5_py3.11_env\Scripts\python.exe C:\Espressif\frameworks\esp-idf-v5.5.4-3\tools/idf_monitor.py -p COM5 -b 115200 --toolchain-prefix xtensa-esp32s3-elf- --target esp32s3 --revision 0 C:\ESP32-CSI-Tool\active_ap\build\active-ap.elf C:\ESP32-CSI-Tool\active_ap\build\bootloader\bootloader.elf --force-color -m 'C:\Espressif\python_env\idf5.5_py3.11_env\Scripts\python.exe' 'C:\Espressif\frameworks\esp-idf-v5.5.4-3\tools\idf.py' '-p' 'COM5'"...
ESP-ROM:esp32s3-20210327
Build:Mar 27 2021
rst:0x1 (POWERON),boot:0x8 (SPI_FAST_FLASH_BOOT)
SPIWP:0xee
mode:DIO, clock div:1
load:0x3fce2820,len:0x14f0
load:0x403c8700,len:0xd24
--- 0x403c8700: _stext at ??:?
load:0x403cb700,len:0x2ef0
entry 0x403c8924
--- 0x403c8924: call_start_cpu0 at C:/Espressif/frameworks/esp-idf-v5.5.4-3/components/bootloader/subproject/main/bootloader_start.c:27
I (24) boot: ESP-IDF v5.5.4 2nd stage bootloader
I (25) boot: compile time Jun 25 2026 19:04:14
I (25) boot: Multicore bootloader
I (25) boot: chip revision: v0.2
I (28) boot: efuse block revision: v1.3
I (31) boot.esp32s3: Boot SPI Speed : 80MHz
I (35) boot.esp32s3: SPI Mode       : DIO
I (39) boot.esp32s3: SPI Flash Size : 2MB
I (43) boot: Enabling RNG early entropy source...
I (47) boot: Partition Table:
I (50) boot: ## Label            Usage          Type ST Offset   Length
I (56) boot:  0 nvs              WiFi data        01 02 00009000 00006000
I (63) boot:  1 phy_init         RF data          01 01 0000f000 00001000
I (69) boot:  2 factory          factory app      00 00 00010000 00100000
I (76) boot: End of partition table
I (79) esp_image: segment 0: paddr=00010020 vaddr=3c0c0020 size=1e414h (123924) map
I (108) esp_image: segment 1: paddr=0002e43c vaddr=3fc9a400 size=01bdch (  7132) load
I (110) esp_image: segment 2: paddr=00030020 vaddr=42000020 size=b082ch (722988) map
I (239) esp_image: segment 3: paddr=000e0854 vaddr=3fc9bfdc size=03320h ( 13088) load
I (242) esp_image: segment 4: paddr=000e3b7c vaddr=40374000 size=1631ch ( 90908) load
I (263) esp_image: segment 5: paddr=000f9ea0 vaddr=50000000 size=00020h (    32) load
I (272) boot: Loaded app from partition at offset 0x10000
I (272) boot: Disabling RNG early entropy source...
I (282) cpu_start: Multicore app
I (291) cpu_start: GPIO 44 and 43 are used as console UART I/O pins
I (292) cpu_start: Pro cpu start user code
I (292) cpu_start: cpu freq: 160000000 Hz
I (293) app_init: Application information:
I (297) app_init: Project name:     active-ap
I (301) app_init: App version:      cce5b1a-dirty
I (305) app_init: Compile time:     Jul  2 2026 19:28:44
I (311) app_init: ELF file SHA256:  509764614...
I (315) app_init: ESP-IDF:          v5.5.4
I (319) efuse_init: Min chip rev:     v0.0
I (322) efuse_init: Max chip rev:     v0.99 
I (326) efuse_init: Chip rev:         v0.2
I (330) heap_init: Initializing. RAM available for dynamic allocation:
I (337) heap_init: At 3FCA4190 len 00045580 (277 KiB): RAM
I (342) heap_init: At 3FCE9710 len 00005724 (21 KiB): RAM
I (347) heap_init: At 3FCF0000 len 00008000 (32 KiB): DRAM
I (352) heap_init: At 600FE000 len 00001FE8 (7 KiB): RTCRAM
I (359) spi_flash: detected chip: generic
I (361) spi_flash: flash io: dio
W (364) spi_flash: Detected size(16384k) larger than the size in the binary image header(2048k). Using the size in the binary image header.
I (377) sleep_gpio: Configure to isolate all GPIO pins in sleep state
I (383) sleep_gpio: Enable automatic switching of GPIO sleep configuration
I (390) main_task: Started on CPU0
I (410) main_task: Calling app_main()








-----------------------
ESP32 CSI Tool Settings
-----------------------
PROJECT_NAME: ACTIVE_AP
CONFIG_ESPTOOLPY_MONITOR_BAUD: 115200
CONFIG_ESP_CONSOLE_UART_BAUDRATE: 115200
IDF_VER: v5.5.4
-----------------------
WIFI_CHANNEL: 6
ESP_WIFI_SSID: testopen
ESP_WIFI_PASSWORD: 
SHOULD_COLLECT_CSI: 1
SHOULD_COLLECT_ONLY_LLTF: 1
SEND_CSI_TO_SERIAL: 1
SEND_CSI_TO_SD: 0
-----------------------








I (460) pp: pp rom version: e7ae62f
I (460) net80211: net80211 rom version: e7ae62f
I (470) wifi:wifi driver task: 3fced484, prio:23, stack:6656, core=0
I (470) wifi:wifi firmware version: 0947e8b
I (470) wifi:wifi certification version: v7.0
I (470) wifi:config NVS flash: enabled
I (470) wifi:config nano formatting: disabled
I (480) wifi:Init data frame dynamic rx buffer num: 32
I (480) wifi:Init static rx mgmt buffer num: 5
I (490) wifi:Init management short buffer num: 32
I (490) wifi:Init dynamic tx buffer num: 32
I (500) wifi:Init static tx FG buffer num: 2
I (500) wifi:Init static rx buffer size: 2212
I (500) wifi:Init static rx buffer num: 10
I (510) wifi:Init dynamic rx buffer num: 32
I (510) wifi_init: rx ba win: 6
I (510) wifi_init: accept mbox: 6
I (520) wifi_init: tcpip mbox: 32
I (520) wifi_init: udp mbox: 6
I (520) wifi_init: tcp mbox: 6
I (530) wifi_init: tcp tx win: 5760
I (530) wifi_init: tcp rx win: 5760
I (530) wifi_init: tcp mss: 1440
I (540) wifi_init: WiFi IRAM OP enabled
I (540) wifi_init: WiFi RX IRAM OP enabled
W (550) wifi:Affected by the ESP-NOW encrypt num, set the max connection num to 10
I (550) phy_init: phy_version 711,97bcf0a2,Aug 25 2025,19:04:10
I (610) phy_init: Saving new calibration data due to checksum failure or outdated calibration data, mode(0)
I (620) wifi:mode : softAP (10:b4:1d:cc:60:ad)
I (620) wifi:Total power save buffer number: 16
I (620) wifi:Init max length of beacon: 752/752
I (630) wifi:Init max length of beacon: 752/752
I (630) wifi:Set ps type: 0, coexist: 0
I (630) esp_netif_lwip: DHCP server started on interface WIFI_AP_DEF with IP: 192.168.4.1

I (640) Active CSI collection (AP): softap_init finished. SSID:testopen password:
type,role,mac,rssi,rate,sig_mode,mcs,bandwidth,smoothing,not_sounding,aggregation,stbc,fec_coding,sgi,noise_floor,ampdu_cnt,channel,secondary_channel,local_timestamp,ant,sig_len,rx_state,real_time_set,real_timestamp,len,CSI_DATA
I (670) main_task: Returned from app_main()
I (3110) wifi:new:<6,2>, old:<6,2>, ap:<6,2>, sta:<255,255>, prof:6, snd_ch_cfg:0x0
I (3110) wifi:station: 10:b4:1d:cc:60:e0 join, AID=1, bgn, 40D
I (3120) Active CSI collection (AP): station join, AID=1
CSI_DATA,AP,00:00:00:00:00:00,-21,11,0,0,0,0,0,0,0,0,0,-93,0,6,2,3116857,0,14,0,0,2.82763,128,[0 0 0 0 0 0 0 0 0 0 0 0 16 -10 15 -10 15 -10 15 -10 14 -10 14 -9 14 -10 13 -9 13 -10 12 -9 13 -9 12 -9 12 -10 11 -9 11 -10 11 -10 10 -10 10 -10 10 -10 9 -10 10 -10 9 -11 9 -10 9 -10 9 -10 9 -11 0 0 9 -10 9 -11 9 -10 9 -10 9 -10 9 -10 9 -9 9 -9 9 -9 10 -8 10 -8 9 -7 9 -7 9 -7 9 -6 8 -6 9 -5 8 -5 8 -5 8 -4 8 -4 8 -4 8 -3 8 -3 8 -2 7 -2 0 0 0 0 0 0 0 0 0 0 ]
CSI_DATA,AP,10:B4:1D:CC:60:E0,-21,11,0,0,0,0,0,0,0,0,0,-93,0,6,2,3140879,0,374,0,0,2.8699,128,[0 0 0 0 0 0 0 0 0 0 0 0 18 -4 17 -3 17 -4 17 -4 16 -4 16 -4 16 -4 15 -4 15 -4 15 -4 14 -4 14 -4 14 -4 13 -5 13 -5 13 -5 12 -6 12 -6 12 -6 12 -6 12 -6 12 -6 12 -6 12 -6 12 -7 11 -6 0 0 12 -6 11 -7 11 -6 12 -6 12 -6 12 -6 11 -6 11 -5 11 -5 11 -4 11 -4 11 -4 10 -3 10 -3 10 -3 10 -3 9 -2 9 -2 9 -2 9 -2 9 -1 8 -1 8 -1 8 0 8 1 7 1 0 0 0 0 0 0 0 0 0 0 ]
CSI_DATA,AP,00:00:00:00:00:00,-22,11,0,0,0,0,0,0,0,0,0,-93,0,6,2,3205923,0,14,0,0,2.91533,128,[0 0 0 0 0 0 0 0 0 0 0 0 13 13 13 13 12 12 12 12 12 12 12 12 11 11 11 11 11 10 11 10 11 9 11 9 11 9 11 9 11 8 11 8 11 8 11 7 11 7 11 7 11 7 11 7 11 6 11 6 11 6 12 6 0 0 11 6 11 6 11 7 11 7 11 7 11 7 10 7 10 7 10 7 9 7 9 7 9 7 8 7 8 7 7 7 7 7 7 7 6 7 6 7 5 7 5 7 5 7 4 7 4 7 3 7 3 7 0 0 0 0 0 0 0 0 0 0 ]
CSI_DATA,AP,10:B4:1D:CC:60:E0,-21,11,0,0,0,0,0,0,0,0,0,-93,0,6,2,3207469,0,374,0,0,2.94317,128,[0 0 0 0 0 0 0 0 0 0 0 0 11 13 11 13 11 13 11 13 11 12 10 12 10 11 10 11 10 11 10 10 10 10 10 10 10 9 10 9 10 9 10 8 10 8 10 8 10 7 10 7 10 7 10 7 11 7 11 7 11 7 11 7 0 0 11 7 11 7 10 7 10 7 10 7 10 7 10 7 9 8 9 7 9 8 8 7 8 7 8 7 7 7 7 7 7 7 6 7 6 7 5 7 5 7 5 7 4 7 4 7 3 7 3 7 2 7 0 0 0 0 0 0 0 0 0 0 ]
I (3270) esp_netif_lwip: DHCP server assigned IP to a client, IP is: 192.168.4.2
CSI_DATA,AP,00:00:00:00:00:00,-21,11,0,0,0,0,0,0,0,0,0,-93,0,6,2,3275214,0,14,0,0,2.98481,128,[0 0 0 0 0 0 0 0 0 0 0 0 4 -18 4 -18 4 -18 4 -17 4 -17 3 -16 3 -16 3 -16 3 -16 3 -15 2 -15 2 -15 2 -15 2 -15 1 -14 1 -15 0 -14 0 -14 0 -14 0 -14 0 -14 0 -14 0 -14 0 -14 0 -14 0 -14 0 0 -1 -14 -1 -14 -1 -13 0 -14 0 -13 0 -13 1 -13 1 -13 1 -13 1 -13 2 -12 2 -12 2 -11 2 -11 2 -11 2 -10 3 -10 3 -10 3 -9 3 -9 3 -9 3 -8 4 -8 4 -8 4 -7 4 -7 0 0 0 0 0 0 0 0 0 0 ]
CSI_DATA,AP,10:B4:1D:CC:60:E0,-21,11,0,0,0,0,0,0,0,0,0,-93,0,6,2,3275995,0,66,0,0,3.0243,128,[0 0 0 0 0 0 0 0 0 0 0 0 1 -19 1 -18 1 -18 1 -18 1 -17 1 -17 1 -16 0 -16 0 -16 0 -15 0 -15 0 -15 -1 -15 -1 -15 -1 -15 -2 -14 -2 -14 -2 -14 -2 -14 -2 -14 -2 -14 -3 -14 -3 -14 -3 -14 -3 -14 -3 -14 0 0 -3 -14 -3 -14 -2 -13 -2 -14 -2 -13 -2 -14 -2 -13 -1 -13 -1 -13 -1 -13 -1 -12 0 -12 0 -12 0 -11 0 -11 1 -11 1 -10 1 -10 1 -10 1 -10 2 -9 2 -9 2 -9 2 -8 3 -8 3 -7 0 0 0 0 0 0 0 0 0 0 ]
CSI_DATA,AP,10:B4:1D:CC:60:E0,-21,11,0,0,0,0,0,0,0,0,0,-92,0,6,2,3768711,0,66,0,0,3.47819,128,[0 0 0 0 0 0 0 0 0 0 0 0 -5 -19 -5 -18 -5 -18 -5 -17 -5 -17 -5 -16 -5 -16 -5 -16 -5 -16 -5 -15 -5 -15 -6 -15 -6 -14 -6 -14 -6 -13 -6 -13 -6 -13 -7 -13 -7 -13 -7 -12 -7 -12 -7 -12 -7 -12 -7 -12 -7 -12 -7 -12 0 0 -7 -12 -7 -12 -7 -12 -7 -12 -7 -12 -6 -12 -6 -12 -6 -12 -6 -12 -5 -12 -5 -12 -5 -11 -4 -11 -4 -11 -4 -11 -3 -11 -3 -10 -3 -10 -2 -10 -2 -10 -2 -10 -1 -9 -1 -9 -1 -9 0 -9 0 -8 0 0 0 0 0 0 0 0 0 0 ]
CSI_DATA,AP,10:B4:1D:CC:60:E0,-21,11,0,0,0,0,0,0,0,0,0,-92,0,6,2,3769208,0,66,0,0,3.51274,128,[0 0 0 0 0 0 0 0 0 0 0 0 7 16 7 16 7 16 7 15 7 15 7 14 7 14 7 14 7 13 7 13 7 13 7 12 7 12 7 12 7 11 7 11 8 11 8 10 7 10 8 10 8 10 8 10 8 10 8 10 8 10 8 10 0 0 8 10 8 10 8 10 8 10 7 10 7 10 7 10 6 10 6 10 6 10 5 10 5 10 4 10 4 9 4 9 4 9 3 9 3 9 3 8 2 9 2 8 2 8 1 8 1 8 0 7 0 7 0 0 0 0 0 0 0 0 0 0 ]
CSI_DATA,AP,10:B4:1D:CC:60:E0,-21,11,0,0,0,0,0,0,0,0,0,-92,0,6,2,4654954,0,66,0,0,4.36443,128,[0 0 0 0 0 0 0 0 0 0 0 0 10 15 9 15 9 15 9 14 9 14 9 13 9 13 9 13 9 13 9 12 9 12 9 11 9 11 9 11 9 10 9 10 9 10 9 10 9 9 9 9 9 9 9 9 10 9 10 9 10 9 10 9 0 0 9 9 10 9 9 9 9 9 9 9 8 10 8 10 8 9 7 10 7 9 7 9 6 9 6 9 6 9 5 9 5 9 5 9 4 8 4 8 3 8 3 8 3 8 2 8 2 8 1 8 1 7 0 0 0 0 0 0 0 0 0 0 ]
CSI_DATA,AP,00:00:00:00:00:00,-21,11,0,0,0,0,0,0,0,0,0,-92,0,6,2,4680847,0,14,0,0,4.39027,128,[0 0 0 0 0 0 0 0 0 0 0 0 -16 -11 -16 -11 -15 -10 -16 -10 -15 -10 -15 -10 -14 -9 -14 -9 -14 -9 -14 -8 -14 -8 -14 -7 -14 -7 -14 -7 -14 -7 -13 -7 -14 -7 -13 -6 -13 -6 -13 -6 -13 -5 -13 -5 -13 -5 -13 -5 -14 -5 -14 -5 0 0 -14 -5 -13 -5 -13 -5 -13 -5 -13 -6 -13 -6 -12 -6 -12 -6 -12 -7 -11 -6 -11 -6 -11 -7 -10 -7 -10 -7 -9 -7 -9 -7 -8 -7 -8 -7 -8 -7 -7 -7 -7 -7 -6 -7 -6 -7 -6 -7 -5 -7 -5 -7 0 0 0 0 0 0 0 0 0 0 ]
CSI_DATA,AP,00:00:00:00:00:00,-23,9,0,0,0,0,0,0,0,0,0,-92,0,6,2,4681005,0,14,0,0,4.43221,128,[0 0 0 0 0 0 0 0 0 0 0 0 3 -19 3 -19 3 -18 3 -18 2 -17 2 -17 2 -17 2 -17 2 -16 1 -16 1 -16 1 -16 1 -15 0 -15 0 -15 0 -15 0 -15 -1 -14 -1 -14 -1 -14 -1 -14 -1 -14 -2 -14 -2 -14 -2 -14 -1 -14 0 0 -2 -14 -1 -14 -1 -14 -1 -14 -1 -14 -1 -14 0 -14 0 -13 0 -13 1 -13 1 -13 1 -12 1 -12 1 -12 2 -11 2 -11 2 -10 2 -10 2 -10 3 -10 3 -9 3 -9 3 -8 3 -8 4 -7 4 -7 0 0 0 0 0 0 0 0 0 0 ]
CSI_DATA,AP,10:B4:1D:CC:60:E0,-21,11,0,0,0,0,0,0,0,0,0,-92,0,6,2,4681311,0,37,0,0,4.47246,128,[0 0 0 0 0 0 0 0 0 0 0 0 4 17 4 17 4 17 5 16 4 16 4 16 4 15 4 15 5 14 4 14 5 14 5 13 5 13 5 13 5 13 6 12 6 12 6 12 6 12 6 11 6 11 6 11 6 11 7 11 7 11 7 11 0 0 7 11 7 11 7 11 6 11 6 11 6 11 5 11 5 11 5 11 5 11 4 11 4 10 4 10 3 10 3 9 3 9 2 9 2 9 2 9 1 9 1 8 1 8 0 8 0 8 0 7 -1 7 0 0 0 0 0 0 0 0 0 0 ]
CSI_DATA,AP,10:B4:1D:CC:60:E0,-21,11,0,0,0,0,0,0,0,0,0,-92,0,6,2,4682749,0,37,0,0,4.50674,128,[0 0 0 0 0 0 0 0 0 0 0 0 10 -16 10 -15 10 -15 9 -15 9 -15 9 -14 8 -14 8 -14 8 -14 8 -14 7 -14 7 -14 6 -14 6 -13 6 -13 5 -13 5 -13 5 -13 5 -13 4 -13 4 -13 4 -13 4 -13 4 -13 4 -14 4 -13 0 0 4 -13 4 -13 4 -13 4 -13 4 -13 5 -13 5 -12 5 -12 5 -12 5 -12 5 -11 5 -11 5 -10 5 -10 5 -10 5 -9 5 -9 5 -8 6 -8 6 -8 6 -7 6 -7 6 -7 6 -6 6 -6 6 -5 0 0 0 0 0 0 0 0 0 0 ]
CSI_DATA,AP,10:B4:1D:CC:60:E0,-27,11,1,7,1,1,1,0,0,0,1,-92,0,6,2,4682948,0,68,0,0,4.54584,384,[0 0 0 0 0 0 0 0 0 0 0 0 -11 -4 -11 -3 -11 -3 -10 -3 -10 -3 -10 -3 -10 -3 -10 -3 -10 -3 -10 -2 -10 -2 -9 -2 -9 -2 -9 -1 -9 -1 -9 -1 -9 -1 -9 -1 -9 -1 -9 -1 -9 -1 -9 -1 -9 0 -9 0 -8 0 -9 0 0 0 -9 0 -8 0 -8 0 -9 0 -8 -1 -8 -1 -8 -1 -8 -1 -8 -1 -8 -1 -8 -1 -7 -1 -7 -1 -7 -2 -7 -2 -7 -2 -6 -2 -6 -2 -6 -2 -6 -3 -5 -3 -5 -3 -5 -3 -5 -3 -5 -3 -4 -3 0 0 0 0 0 0 0 0 0 0 ]
CSI_DATA,AP,10:B4:1D:CC:60:E0,-27,11,1,7,1,1,1,0,0,0,1,-92,0,6,2,4754245,0,68,0,0,4.58585,384,[0 0 0 0 0 0 0 0 0 0 0 0 -9 6 -9 6 -9 6 -9 6 -8 6 -8 6 -8 6 -8 6 -8 5 -7 6 -7 6 -7 6 -7 6 -7 6 -7 6 -6 6 -6 6 -6 6 -6 6 -6 6 -6 6 -6 6 -5 6 -5 6 -5 6 -5 6 0 0 -6 6 -6 6 -6 6 -5 5 -6 6 -6 6 -6 5 -6 5 -6 5 -6 4 -6 4 -6 4 -6 4 -6 4 -6 3 -6 3 -6 3 -5 3 -5 2 -5 2 -5 2 -5 2 -5 2 -5 1 -5 1 -5 1 0 0 0 0 0 0 0 0 0 0 ]
CSI_DATA,AP,10:B4:1D:CC:60:E0,-21,11,0,0,0,0,0,0,0,0,0,-92,0,6,2,4768641,0,66,0,0,4.62109,128,[0 0 0 0 0 0 0 0 0 0 0 0 17 -7 16 -7 16 -7 15 -7 15 -7 14 -7 14 -7 14 -7 14 -7 13 -7 13 -7 13 -7 12 -7 12 -7 11 -7 11 -8 11 -8 11 -8 10 -8 10 -8 10 -8 10 -8 10 -8 10 -9 10 -9 10 -9 0 0 10 -9 10 -9 10 -8 10 -8 10 -8 10 -8 10 -7 10 -7 10 -7 10 -7 10 -6 10 -6 9 -5 9 -5 9 -5 9 -5 9 -4 9 -4 8 -3 8 -3 8 -3 8 -3 8 -2 8 -2 7 -1 7 -1 0 0 0 0 0 0 0 0 0 0 ]
CSI_DATA,AP,10:B4:1D:CC:60:E0,-27,11,1,7,1,1,1,0,0,0,1,-92,0,6,2,4844140,0,68,0,0,4.65962,384,[0 0 0 0 0 0 0 0 0 0 0 0 11 2 10 2 10 2 10 2 10 2 9 2 9 2 9 2 9 1 9 1 9 1 8 1 8 1 8 0 8 0 8 0 8 0 8 0 8 -1 8 -1 8 -1 8 -1 8 -1 8 -1 8 -1 8 -1 0 0 8 -1 8 -1 7 -1 8 -1 7 -1 7 0 7 0 7 0 7 0 7 0 7 0 6 0 6 0 6 1 6 1 6 1 5 1 5 1 5 1 5 2 4 2 4 1 4 2 4 2 4 2 3 2 0 0 0 0 0 0 0 0 0 0 ]
CSI_DATA,AP,10:B4:1D:CC:60:E0,-27,11,1,7,1,1,1,0,0,0,1,-92,0,6,2,4934071,0,68,0,0,4.69191,384,[0 0 0 0 0 0 0 0 0 0 0 0 3 10 3 10 3 10 3 10 2 9 3 9 3 9 3 9 3 8 3 8 3 8 3 8 3 8 3 8 3 8 3 7 4 7 3 7 4 7 3 7 4 7 4 7 4 6 4 6 4 6 4 6 0 0 4 7 3 7 3 7 4 6 3 7 3 7 3 7 3 7 3 6 3 6 2 6 2 6 2 6 1 6 1 6 1 5 1 5 1 5 1 5 0 5 0 5 0 5 0 5 -1 4 -1 4 -1 4 0 0 0 0 0 0 0 0 0 0 ]
CSI_DATA,AP,00:00:00:00:00:00,-21,11,0,0,0,0,0,0,0,0,0,-92,0,6,2,5015693,0,14,0,0,4.72556,128,[0 0 0 0 0 0 0 0 0 0 0 0 16 7 16 8 16 7 15 7 15 7 15 7 15 6 14 6 14 6 14 5 14 5 14 5 14 5 13 4 13 4 13 3 13 3 13 3 13 3 13 3 13 3 13 2 13 2 13 2 13 2 13 2 0 0 13 2 13 2 13 2 13 2 13 3 12 3 12 3 12 3 12 4 11 4 11 3 11 4 10 4 10 4 10 4 9 4 8 4 8 4 8 5 7 5 7 5 7 5 6 5 6 5 6 5 5 5 0 0 0 0 0 0 0 0 0 0 ]
I (5050) wifi:<ba-add>idx:2 (ifx:1, 10:b4:1d:cc:60:e0), tid:0, ssn:0, winSize:64
CSI_DATA,AP,10:B4:1D:CC:60:E0,-27,11,1,7,1,1,1,1,0,0,1,-92,0,6,2,5024032,0,68,0,0,4.76502,384,[0 0 0 0 0 0 0 0 0 0 0 0 10 3 10 3 10 2 9 2 9 2 9 2 9 2 9 2 8 2 8 1 8 1 8 1 8 1 8 1 8 1 8 1 8 0 8 0 8 0 7 0 7 0 7 0 8 0 7 -1 7 -1 8 0 0 0 8 0 7 -1 7 0 8 0 7 0 7 0 7 0 7 0 7 1 7 1 7 1 6 1 6 1 6 1 6 1 5 1 5 1 5 1 5 2 5 2 4 2 4 2 4 2 4 2 3 2 3 2 0 0 0 0 0 0 0 0 0 0 ]
CSI_DATA,AP,10:B4:1D:CC:60:E0,-27,11,1,7,1,1,1,1,0,0,1,-92,0,6,2,5114719,0,68,0,0,4.82413,384,[0 0 0 0 0 0 0 0 0 0 0 0 -10 6 -10 6 -9 6 -9 6 -9 5 -9 5 -9 5 -8 5 -8 5 -8 5 -8 5 -8 5 -7 5 -7 5 -7 5 -7 5 -7 5 -6 5 -6 6 -6 6 -6 6 -6 6 -6 5 -6 6 -6 6 -6 6 0 0 -6 5 -6 6 -6 6 -6 5 -6 5 -6 5 -6 5 -6 5 -6 4 -6 4 -6 4 -6 4 -6 4 -6 3 -6 3 -6 3 -6 3 -6 2 -6 2 -5 2 -5 1 -6 1 -5 1 -5 1 -5 0 -5 0 0 0 0 0 0 0 0 0 0 0 ]
CSI_DATA,AP,10:B4:1D:CC:60:E0,-27,11,1,7,1,1,1,1,0,0,1,-92,0,6,2,5204100,0,68,0,0,4.91349,384,[0 0 0 0 0 0 0 0 0 0 0 0 -11 -5 -11 -5 -10 -5 -10 -4 -10 -5 -10 -4 -10 -4 -9 -4 -9 -4 -9 -3 -9 -3 -9 -3 -9 -3 -9 -3 -9 -3 -9 -2 -9 -2 -9 -2 -9 -2 -9 -2 -8 -2 -8 -2 -9 -2 -9 -1 -8 -1 -9 -1 0 0 -9 -2 -8 -1 -8 -1 -9 -2 -8 -2 -8 -2 -8 -2 -8 -2 -8 -2 -8 -2 -8 -2 -7 -2 -7 -2 -7 -3 -7 -3 -6 -3 -6 -3 -6 -3 -6 -3 -5 -3 -5 -3 -5 -3 -5 -3 -4 -3 -4 -4 -4 -4 0 0 0 0 0 0 0 0 0 0 ]
CSI_DATA,AP,10:B4:1D:CC:60:E0,-27,11,1,7,1,1,1,1,0,0,1,-92,0,6,2,5294222,0,68,0,0,5.00361,384,[0 0 0 0 0 0 0 0 0 0 0 0 11 -2 10 -2 10 -3 10 -2 10 -2 9 -2 9 -2 9 -2 9 -2 9 -3 8 -3 8 -3 8 -3 8 -3 8 -3 8 -3 7 -3 7 -3 7 -4 7 -4 7 -4 7 -4 7 -4 7 -4 7 -4 7 -4 0 0 7 -4 7 -4 7 -4 7 -4 7 -4 7 -3 7 -3 7 -3 7 -3 7 -2 6 -2 6 -2 6 -2 6 -2 6 -2 6 -1 6 -1 5 -1 5 -1 5 -1 5 0 5 -1 5 0 4 0 4 0 4 1 0 0 0 0 0 0 0 0 0 0 ]
CSI_DATA,AP,10:B4:1D:CC:60:E0,-27,11,1,7,1,1,1,1,0,0,1,-92,0,6,2,5384208,0,68,0,0,5.0936,384,[0 0 0 0 0 0 0 0 0 0 0 0 10 4 10 4 9 4 9 4 9 3 9 4 9 3 8 3 8 3 8 3 8 3 8 3 8 2 8 2 8 2 8 2 8 2 8 1 8 1 8 1 7 1 8 1 8 1 8 1 7 1 8 1 0 0 8 1 7 1 7 1 8 1 7 1 7 1 7 2 7 2 7 2 7 2 6 2 6 2 6 2 5 2 5 2 5 3 5 2 5 3 4 3 4 3 4 3 4 3 3 3 3 3 3 3 3 3 0 0 0 0 0 0 0 0 0 0 ]
CSI_DATA,AP,10:B4:1D:CC:60:E0,-27,11,1,7,1,1,1,1,0,0,1,-92,0,6,2,5474391,0,68,0,0,5.1838,384,[0 0 0 0 0 0 0 0 0 0 0 0 3 10 3 10 3 9 3 9 3 9 3 9 3 8 3 8 3 8 3 8 3 8 3 7 3 7 4 7 4 7 4 6 4 6 4 6 4 6 4 6 4 6 4 6 4 6 4 6 4 6 5 6 0 0 5 6 4 6 4 6 4 6 4 6 4 6 4 6 3 6 3 6 3 5 3 6 3 6 2 5 2 5 2 5 2 5 1 5 2 5 1 5 1 5 1 5 0 4 0 4 0 4 0 4 0 4 0 0 0 0 0 0 0 0 0 0 ]
CSI_DATA,AP,10:B4:1D:CC:60:E0,-27,11,1,7,1,1,1,1,0,0,1,-92,0,6,2,5564163,0,68,0,0,5.27355,384,[0 0 0 0 0 0 0 0 0 0 0 0 -11 3 -11 3 -11 3 -10 3 -10 3 -10 3 -10 3 -10 3 -10 2 -9 3 -9 3 -9 3 -9 3 -8 3 -8 3 -8 3 -8 3 -8 3 -8 4 -8 4 -8 4 -7 4 -7 4 -7 4 -7 4 -7 4 0 0 -8 4 -7 4 -7 4 -8 3 -7 4 -8 3 -7 3 -7 3 -7 2 -7 2 -7 2 -7 2 -7 2 -7 2 -7 1 -6 1 -7 1 -6 0 -6 0 -6 0 -6 0 -6 0 -6 0 -5 0 -5 -1 -5 -1 0 0 0 0 0 0 0 0 0 0 ]
CSI_DATA,AP,10:B4:1D:CC:60:E0,-27,11,1,7,1,1,1,1,0,0,1,-92,0,6,2,5654253,0,68,0,0,5.36365,384,[0 0 0 0 0 0 0 0 0 0 0 0 9 6 8 6 8 6 8 5 8 5 8 5 8 5 8 5 8 4 7 4 8 4 7 4 7 4 7 3 7 3 7 3 7 3 7 3 7 2 7 2 7 2 7 2 7 2 7 2 7 2 7 2 0 0 7 2 7 2 7 2 7 2 7 2 7 2 7 2 6 2 6 3 6 3 6 3 5 3 5 3 5 3 5 3 5 3 4 3 4 3 4 3 4 3 4 3 3 3 3 3 3 3 3 3 2 3 0 0 0 0 0 0 0 0 0 0 ]
CSI_DATA,AP,10:B4:1D:CC:60:E0,-27,11,1,7,1,1,1,1,0,0,1,-92,0,6,2,5744082,0,68,0,0,5.45346,384,[0 0 0 0 0 0 0 0 0 0 0 0 10 4 9 4 9 4 9 4 9 4 9 4 9 3 8 3 8 3 8 3 8 3 8 3 8 2 8 2 8 2 8 2 8 2 8 2 7 1 7 1 7 1 7 1 8 1 7 1 7 1 8 1 0 0 8 1 7 1 7 1 8 1 7 1 7 2 7 2 7 2 7 2 7 2 6 2 6 2 6 2 5 2 5 3 5 2 5 3 5 3 4 3 4 3 4 3 3 3 3 3 3 3 3 3 2 3 0 0 0 0 0 0 0 0 0 0 ]
CSI_DATA,AP,10:B4:1D:CC:60:E0,-21,11,0,0,0,0,0,0,0,0,0,-92,0,6,2,5768797,0,66,0,0,5.47825,128,[0 0 0 0 0 0 0 0 0 0 0 0 9 -17 9 -17 9 -16 8 -16 8 -16 8 -15 7 -15 7 -15 7 -15 6 -14 6 -15 6 -14 6 -14 5 -14 5 -14 4 -14 4 -14 4 -14 4 -14 4 -14 4 -14 3 -14 3 -14 3 -14 3 -14 3 -14 0 0 3 -14 3 -14 3 -14 3 -14 4 -13 4 -13 4 -13 4 -13 4 -13 4 -12 4 -12 5 -11 5 -11 5 -11 5 -10 5 -10 5 -9 5 -9 5 -9 5 -8 5 -8 5 -7 6 -7 6 -7 6 -6 6 -5 0 0 0 0 0 0 0 0 0 0 ]
CSI_DATA,AP,10:B4:1D:CC:60:E0,-27,11,1,7,1,1,1,1,0,0,1,-92,0,6,2,5834257,0,68,0,0,5.54363,384,[0 0 0 0 0 0 0 0 0 0 0 0 5 9 5 9 4 9 5 9 4 8 5 8 4 8 4 8 4 8 4 7 5 7 5 7 4 7 5 7 5 7 5 6 5 6 5 6 5 6 5 6 5 6 5 6 5 5 5 6 5 5 5 6 0 0 5 6 5 6 5 6 5 5 5 6 4 6 4 6 4 6 4 6 4 6 3 6 3 6 3 6 2 6 2 5 2 5 2 5 2 5 1 5 1 5 1 5 1 5 0 4 0 4 0 4 0 4 0 0 0 0 0 0 0 0 0 0 ]
CSI_DATA,AP,10:B4:1D:CC:60:E0,-27,11,1,7,1,1,1,1,0,0,1,-92,0,6,2,5924063,0,68,0,0,5.63345,384,[0 0 0 0 0 0 0 0 0 0 0 0 1 10 1 10 1 10 1 10 1 9 1 9 1 9 1 9 1 9 1 8 2 8 2 8 2 8 2 8 2 8 2 7 2 7 2 7 2 7 3 7 2 7 3 7 3 7 3 7 3 7 3 7 0 0 3 7 3 7 2 7 3 7 2 7 2 7 2 7 2 7 2 7 1 6 1 6 1 6 1 6 0 6 1 6 0 6 0 6 0 5 0 5 0 5 -1 5 -1 5 -1 4 -1 4 -1 4 -2 4 0 0 0 0 0 0 0 0 0 0 ]
CSI_DATA,AP,10:B4:1D:CC:60:E0,-27,11,1,7,1,1,1,1,0,0,1,-92,0,6,2,6014114,0,68,0,0,5.7235,384,[0 0 0 0 0 0 0 0 0 0 0 0 0 10 0 10 0 10 0 10 0 10 0 10 0 9 0 9 0 9 0 9 0 9 0 8 0 8 0 8 1 8 1 8 1 8 1 8 1 8 1 8 1 8 1 8 1 7 1 8 1 7 2 7 0 0 1 7 1 7 1 8 1 7 1 8 1 7 0 7 0 7 0 7 0 7 0 7 -1 7 -1 6 -1 6 -1 6 -1 6 -1 6 -1 5 -1 5 -1 5 -2 5 -2 4 -2 4 -2 4 -2 4 -2 4 0 0 0 0 0 0 0 0 0 0 ]
CSI_DATA,AP,10:B4:1D:CC:60:E0,-27,11,1,7,1,1,1,1,0,0,1,-92,0,6,2,6104240,0,68,0,0,5.81363,384,[0 0 0 0 0 0 0 0 0 0 0 0 10 -1 10 -1 10 -1 9 -1 10 -1 10 -1 9 -1 9 -1 9 -1 9 -2 8 -1 8 -2 8 -2 8 -2 8 -2 8 -2 7 -2 8 -2 7 -3 7 -3 7 -2 7 -3 7 -3 7 -3 7 -3 7 -3 0 0 7 -3 7 -3 7 -3 7 -3 7 -3 7 -2 7 -2 7 -2 7 -2 7 -2 7 -2 6 -2 6 -1 6 -1 6 -1 6 0 6 0 5 0 5 0 5 0 5 0 5 0 4 0 4 1 4 1 4 1 0 0 0 0 0 0 0 0 0 0 ]
CSI_DATA,AP,10:B4:1D:CC:60:E0,-27,11,1,7,1,1,1,1,0,0,1,-92,0,6,2,6194450,0,68,0,0,5.90385,384,[0 0 0 0 0 0 0 0 0 0 0 0 -8 7 -8 7 -8 7 -8 7 -8 7 -8 6 -7 6 -7 6 -7 6 -7 6 -7 6 -6 6 -6 6 -6 6 -6 6 -6 6 -5 6 -5 6 -5 6 -5 6 -5 6 -5 6 -5 6 -5 7 -5 6 -5 6 0 0 -5 6 -5 6 -5 6 -5 6 -5 6 -5 6 -5 6 -5 6 -5 5 -5 5 -5 5 -5 5 -5 5 -5 4 -5 4 -5 4 -5 4 -5 3 -5 3 -5 3 -5 2 -5 2 -5 2 -5 2 -5 1 -5 1 0 0 0 0 0 0 0 0 0 0 ]
CSI_DATA,AP,10:B4:1D:CC:60:E0,-27,11,1,7,1,1,1,1,0,0,1,-92,0,6,2,6284209,0,68,0,0,5.9936,384,[0 0 0 0 0 0 0 0 0 0 0 0 10 4 10 4 9 4 9 4 9 4 9 4 9 3 9 3 8 3 8 3 8 3 8 2 8 2 8 2 8 2 8 2 8 2 8 2 8 1 8 1 8 1 8 1 8 1 8 1 7 1 8 1 0 0 8 1 8 1 7 1 8 1 7 1 7 1 7 1 7 2 7 2 7 2 7 2 6 2 6 2 6 2 6 2 5 2 5 3 5 2 4 3 4 3 4 3 4 3 4 3 3 3 3 3 3 3 0 0 0 0 0 0 0 0 0 0 ]
CSI_DATA,AP,10:B4:1D:CC:60:E0,-27,11,1,7,1,1,1,1,0,0,1,-92,0,6,2,6374122,0,68,0,0,6.08351,384,[0 0 0 0 0 0 0 0 0 0 0 0 9 -6 9 -6 8 -6 8 -6 8 -6 8 -6 8 -6 7 -6 7 -6 7 -6 7 -6 7 -6 6 -6 6 -6 6 -6 6 -6 6 -6 5 -6 5 -6 5 -6 5 -6 5 -7 5 -6 5 -7 5 -7 5 -6 0 0 5 -6 5 -7 5 -6 5 -6 5 -6 5 -6 5 -6 5 -6 5 -5 5 -5 5 -5 5 -5 5 -5 5 -4 5 -4 5 -4 5 -4 5 -3 5 -3 4 -3 4 -2 4 -3 4 -3 4 -2 4 -2 4 -1 0 0 0 0 0 0 0 0 0 0 ]
CSI_DATA,AP,10:B4:1D:CC:60:E0,-27,11,1,7,1,1,1,1,0,0,1,-92,0,6,2,6464184,0,68,0,0,6.17357,384,[0 0 0 0 0 0 0 0 0 0 0 0 10 2 10 2 10 2 10 2 10 2 9 2 9 2 9 2 9 1 9 1 9 1 9 1 8 1 8 1 8 0 8 0 8 0 8 0 8 0 8 0 8 0 8 -1 8 -1 8 -1 8 -1 8 -1 0 0 8 -1 8 -1 7 -1 8 -1 7 -1 7 -1 7 0 7 0 7 0 7 0 7 0 7 0 6 0 6 0 6 1 6 1 6 1 5 1 5 1 5 1 5 1 5 1 5 2 4 2 4 2 4 2 0 0 0 0 0 0 0 0 0 0 ]
CSI_DATA,AP,10:B4:1D:CC:60:E0,-27,11,1,7,1,1,1,1,0,0,1,-92,0,6,2,6554140,0,68,0,0,6.26353,384,[0 0 0 0 0 0 0 0 0 0 0 0 1 -11 1 -11 1 -11 1 -11 1 -11 1 -10 1 -10 1 -10 1 -10 0 -10 0 -9 0 -9 0 -9 -1 -9 -1 -9 -1 -9 -1 -8 -1 -9 -1 -9 -1 -9 -1 -9 -1 -9 -2 -8 -2 -9 -2 -9 -1 -8 0 0 -1 -8 -2 -9 -2 -8 -1 -8 -1 -9 -1 -9 -1 -8 -1 -8 -1 -8 0 -8 -1 -7 0 -8 0 -7 0 -7 0 -7 0 -6 1 -7 1 -6 1 -6 1 -6 1 -6 1 -5 1 -5 2 -5 2 -5 2 -4 0 0 0 0 0 0 0 0 0 0 ]
CSI_DATA,AP,10:B4:1D:CC:60:E0,-27,11,1,7,1,1,1,1,0,0,1,-92,0,6,2,6644268,0,68,0,0,6.35366,384,[0 0 0 0 0 0 0 0 0 0 0 0 -5 -11 -5 -10 -5 -11 -5 -10 -5 -10 -5 -10 -5 -9 -5 -9 -5 -9 -5 -9 -5 -9 -5 -8 -5 -8 -5 -8 -5 -8 -5 -8 -5 -8 -5 -7 -5 -7 -5 -7 -5 -7 -5 -8 -5 -7 -6 -7 -6 -7 -6 -7 0 0 -6 -7 -5 -7 -5 -7 -5 -7 -5 -7 -5 -7 -5 -7 -4 -7 -4 -7 -4 -7 -4 -7 -4 -7 -3 -7 -3 -7 -3 -7 -3 -6 -2 -7 -3 -6 -2 -6 -2 -6 -2 -6 -1 -6 -1 -6 -1 -6 -1 -5 0 -5 0 0 0 0 0 0 0 0 0 0 ]
CSI_DATA,AP,10:B4:1D:CC:60:E0,-27,11,1,7,1,1,1,1,0,0,1,-92,0,6,2,6734123,0,68,0,0,6.44351,384,[0 0 0 0 0 0 0 0 0 0 0 0 10 -5 9 -5 9 -5 9 -5 9 -5 8 -5 8 -4 8 -5 8 -5 8 -5 7 -5 7 -5 7 -5 7 -5 7 -5 7 -5 6 -5 6 -5 6 -6 6 -6 6 -5 6 -6 6 -5 6 -6 6 -6 6 -6 0 0 6 -5 6 -6 6 -6 6 -5 6 -5 6 -5 6 -5 6 -5 6 -4 6 -4 6 -4 6 -4 6 -4 5 -3 5 -3 5 -3 5 -3 5 -2 5 -2 5 -2 5 -2 5 -2 5 -2 5 -1 4 -1 4 0 0 0 0 0 0 0 0 0 0 0 ]
CSI_DATA,AP,10:B4:1D:CC:60:E0,-21,11,0,0,0,0,0,0,0,0,0,-92,0,6,2,6768650,0,66,0,0,6.4781,128,[0 0 0 0 0 0 0 0 0 0 0 0 -14 -13 -14 -13 -14 -13 -13 -12 -13 -12 -13 -11 -13 -11 -13 -10 -13 -10 -13 -10 -12 -10 -12 -9 -12 -9 -12 -9 -13 -8 -13 -8 -12 -8 -12 -7 -12 -7 -12 -7 -13 -7 -13 -6 -13 -6 -12 -6 -13 -6 -13 -6 0 0 -13 -6 -13 -6 -12 -6 -12 -6 -12 -7 -12 -7 -12 -7 -12 -7 -12 -7 -11 -7 -11 -7 -10 -7 -10 -7 -9 -7 -9 -7 -8 -7 -8 -7 -8 -7 -7 -7 -7 -7 -7 -7 -6 -7 -6 -7 -5 -7 -5 -7 -4 -7 0 0 0 0 0 0 0 0 0 0 ]
CSI_DATA,AP,10:B4:1D:CC:60:E0,-27,11,1,7,1,1,1,1,0,0,1,-92,0,6,2,6824203,0,68,0,0,6.53359,384,[0 0 0 0 0 0 0 0 0 0 0 0 11 -1 10 -1 10 -1 10 -1 9 -1 10 -1 9 -1 9 -1 9 -1 9 -1 9 -2 8 -2 8 -2 8 -2 8 -2 8 -2 8 -2 8 -2 8 -3 7 -2 7 -3 7 -2 7 -3 7 -3 7 -3 7 -3 0 0 7 -3 7 -3 7 -3 7 -2 7 -3 7 -2 7 -2 7 -2 7 -1 7 -2 7 -2 6 -2 6 -1 6 -1 6 -1 6 0 5 -1 5 0 5 0 5 0 5 0 5 0 4 0 4 0 4 1 4 1 0 0 0 0 0 0 0 0 0 0 ]
CSI_DATA,AP,10:B4:1D:CC:60:E0,-27,11,1,7,1,1,1,1,0,0,1,-92,0,6,2,6914179,0,68,0,0,6.62357,384,[0 0 0 0 0 0 0 0 0 0 0 0 -7 8 -7 8 -7 8 -7 8 -7 8 -6 8 -6 7 -6 7 -6 7 -6 7 -5 7 -5 7 -5 7 -5 7 -5 7 -4 7 -4 7 -4 7 -4 7 -4 7 -4 7 -4 7 -4 7 -3 7 -3 7 -3 7 0 0 -4 7 -4 7 -3 7 -4 7 -4 7 -4 7 -4 7 -4 6 -4 6 -4 6 -4 5 -4 6 -4 5 -4 5 -4 5 -4 4 -4 4 -4 4 -4 3 -4 3 -4 3 -5 3 -5 3 -5 3 -4 2 -4 2 0 0 0 0 0 0 0 0 0 0 ]
CSI_DATA,AP,10:B4:1D:CC:60:E0,-27,11,1,7,1,1,1,1,0,0,1,-92,0,6,2,7006750,0,68,0,0,6.71614,384,[0 0 0 0 0 0 0 0 0 0 0 0 2 -11 2 -11 2 -11 2 -11 2 -11 2 -11 2 -10 1 -10 1 -10 1 -10 1 -10 1 -9 1 -9 0 -9 0 -9 0 -9 0 -9 0 -9 0 -9 -1 -9 -1 -9 -1 -9 -1 -9 -1 -9 -1 -9 -1 -9 0 0 0 -8 -1 -9 0 -9 -1 -9 0 -9 0 -9 0 -9 0 -9 0 -8 0 -8 0 -8 1 -8 1 -8 1 -7 1 -7 1 -7 2 -7 1 -6 1 -6 1 -6 2 -6 2 -5 2 -5 2 -5 2 -5 2 -4 0 0 0 0 0 0 0 0 0 0 ]
CSI_DATA,AP,10:B4:1D:CC:60:E0,-27,11,1,7,1,1,1,1,0,0,1,-92,0,6,2,7094177,0,68,0,0,6.80357,384,[0 0 0 0 0 0 0 0 0 0 0 0 -11 -4 -11 -4 -10 -4 -10 -4 -10 -4 -10 -4 -10 -4 -10 -4 -10 -4 -9 -3 -10 -3 -9 -3 -9 -3 -9 -2 -9 -3 -9 -2 -9 -2 -9 -2 -9 -2 -9 -2 -8 -2 -9 -2 -9 -1 -9 -1 -9 -1 -9 -1 0 0 -9 -2 -8 -1 -8 -2 -9 -2 -9 -2 -8 -2 -8 -2 -8 -2 -8 -2 -8 -2 -8 -3 -7 -2 -7 -3 -7 -3 -7 -3 -7 -3 -6 -3 -6 -3 -6 -3 -5 -4 -5 -4 -5 -4 -5 -3 -5 -4 -4 -4 -4 -4 0 0 0 0 0 0 0 0 0 0 ]
CSI_DATA,AP,10:B4:1D:CC:60:E0,-27,11,1,7,1,1,1,1,0,0,1,-92,0,6,2,7184259,0,68,0,0,6.89365,384,[0 0 0 0 0 0 0 0 0 0 0 0 9 -7 9 -7 8 -7 8 -7 8 -7 8 -7 8 -6 7 -6 7 -6 7 -7 7 -6 7 -6 6 -7 6 -7 6 -7 6 -7 5 -7 5 -7 5 -7 5 -7 5 -7 5 -7 5 -7 5 -7 5 -7 5 -7 0 0 5 -7 4 -7 5 -7 5 -7 5 -7 5 -7 5 -7 5 -6 5 -6 5 -6 5 -5 5 -5 5 -5 5 -5 5 -4 5 -4 5 -4 5 -4 5 -3 4 -3 5 -3 4 -3 4 -3 4 -2 4 -2 4 -2 0 0 0 0 0 0 0 0 0 0 ]
CSI_DATA,AP,10:B4:1D:CC:60:E0,-27,11,1,7,1,1,1,1,0,0,1,-92,0,6,2,7273993,0,68,0,0,6.98338,384,[0 0 0 0 0 0 0 0 0 0 0 0 7 -9 7 -9 7 -9 6 -8 6 -9 6 -8 6 -8 6 -8 6 -8 6 -8 5 -8 5 -8 5 -8 4 -8 4 -8 4 -8 4 -7 4 -8 3 -8 3 -8 3 -8 3 -8 3 -8 3 -8 3 -8 3 -8 0 0 3 -8 3 -8 3 -8 3 -8 3 -8 4 -8 3 -8 3 -7 4 -7 4 -7 4 -7 4 -7 4 -6 4 -6 4 -6 3 -5 4 -5 4 -5 4 -5 4 -4 4 -4 4 -4 4 -4 4 -4 4 -3 4 -3 0 0 0 0 0 0 0 0 0 0 ]
CSI_DATA,AP,10:B4:1D:CC:60:E0,-27,11,1,7,1,1,1,1,0,0,1,-92,0,6,2,7364226,0,68,0,0,7.07362,384,[0 0 0 0 0 0 0 0 0 0 0 0 -9 7 -9 6 -9 7 -8 7 -8 6 -8 6 -8 6 -8 6 -8 6 -7 6 -7 6 -7 6 -6 6 -6 6 -6 6 -6 6 -6 6 -6 6 -5 6 -5 6 -5 6 -5 6 -5 6 -5 7 -5 7 -5 6 0 0 -5 6 -5 6 -5 6 -5 6 -5 6 -5 6 -5 6 -6 6 -6 5 -6 5 -6 5 -6 5 -6 5 -6 4 -6 4 -5 3 -5 4 -5 3 -5 3 -5 2 -5 2 -5 2 -5 2 -5 2 -5 1 -5 1 0 0 0 0 0 0 0 0 0 0 ]
CSI_DATA,AP,10:B4:1D:CC:60:E0,-27,11,1,7,1,1,1,1,0,0,1,-92,0,6,2,7454089,0,68,0,0,7.16348,384,[0 0 0 0 0 0 0 0 0 0 0 0 7 -9 6 -8 6 -9 6 -8 6 -8 6 -8 5 -8 5 -8 5 -8 5 -8 5 -8 4 -8 4 -8 4 -8 4 -8 4 -8 4 -7 4 -7 3 -8 3 -8 3 -8 3 -8 3 -8 3 -8 3 -8 3 -8 0 0 3 -8 3 -8 3 -8 3 -7 3 -8 3 -8 3 -7 3 -7 3 -7 3 -7 3 -6 3 -6 3 -6 3 -6 4 -5 3 -5 3 -5 3 -5 3 -5 3 -4 3 -4 3 -4 4 -4 4 -3 4 -3 4 -2 0 0 0 0 0 0 0 0 0 0 ]
CSI_DATA,AP,10:B4:1D:CC:60:E0,-27,11,1,7,1,1,1,1,0,0,1,-92,0,6,2,7544188,0,68,0,0,7.25357,384,[0 0 0 0 0 0 0 0 0 0 0 0 9 5 9 5 9 5 9 5 9 5 9 4 9 4 8 4 8 4 8 3 8 3 8 3 8 3 8 3 8 2 8 2 8 2 8 2 8 2 7 2 7 2 7 2 8 1 7 1 8 1 7 1 0 0 8 1 7 1 7 1 8 1 7 1 7 2 7 2 7 2 7 2 7 2 7 2 6 2 6 2 6 2 6 2 5 2 5 2 5 2 5 2 4 3 4 3 4 3 4 3 3 3 3 3 3 3 0 0 0 0 0 0 0 0 0 0 ]
CSI_DATA,AP,10:B4:1D:CC:60:E0,-27,11,1,7,1,1,1,1,0,0,1,-92,0,6,2,7634237,0,68,0,0,7.34363,384,[0 0 0 0 0 0 0 0 0 0 0 0 -8 -9 -8 -9 -7 -9 -7 -9 -7 -8 -7 -8 -7 -8 -7 -8 -7 -7 -7 -7 -7 -7 -7 -6 -7 -7 -7 -6 -7 -6 -7 -6 -7 -6 -7 -5 -7 -6 -7 -6 -7 -5 -7 -5 -7 -5 -8 -5 -7 -5 -7 -5 0 0 -7 -5 -7 -5 -7 -5 -8 -5 -7 -5 -7 -5 -7 -6 -6 -5 -6 -5 -6 -5 -6 -5 -6 -6 -5 -6 -5 -6 -5 -5 -5 -5 -4 -6 -4 -5 -4 -5 -4 -5 -4 -5 -3 -5 -3 -5 -2 -5 -3 -5 -2 -5 0 0 0 0 0 0 0 0 0 0 ]
CSI_DATA,AP,10:B4:1D:CC:60:E0,-27,11,1,7,1,1,1,1,0,0,1,-92,0,6,2,7724310,0,68,0,0,7.4337,384,[0 0 0 0 0 0 0 0 0 0 0 0 7 7 7 7 7 7 7 7 7 7 7 6 6 6 6 6 6 6 6 5 6 5 6 5 6 5 6 5 6 4 7 4 6 4 6 4 6 4 7 4 6 4 6 4 7 3 7 3 7 3 7 3 0 0 7 3 6 3 6 3 6 3 6 3 6 4 6 4 6 4 6 3 6 3 5 3 5 4 5 4 4 4 4 4 4 4 4 4 4 4 4 4 3 4 3 4 3 4 2 4 2 4 2 4 2 4 0 0 0 0 0 0 0 0 0 0 ]
CSI_DATA,AP,10:B4:1D:CC:60:E0,-21,11,0,0,0,0,0,0,0,0,0,-92,0,6,2,7768649,0,66,0,0,7.4781,128,[0 0 0 0 0 0 0 0 0 0 0 0 3 -19 3 -18 3 -18 2 -18 2 -17 2 -17 2 -16 1 -16 1 -16 1 -15 1 -16 1 -15 0 -15 0 -15 0 -15 0 -14 -1 -14 -1 -14 -1 -14 -1 -14 -2 -14 -2 -14 -2 -14 -2 -14 -2 -14 -2 -14 0 0 -2 -14 -2 -14 -2 -14 -1 -14 -1 -14 -1 -14 -1 -14 -1 -13 -1 -13 0 -13 0 -13 0 -12 1 -12 1 -12 1 -11 1 -11 1 -10 2 -10 2 -10 2 -9 2 -9 2 -9 3 -9 3 -8 3 -8 4 -7 0 0 0 0 0 0 0 0 0 0 ]
CSI_DATA,AP,10:B4:1D:CC:60:E0,-27,11,1,7,1,1,1,1,0,0,1,-92,0,6,2,7814226,0,68,0,0,7.52361,384,[0 0 0 0 0 0 0 0 0 0 0 0 -12 -1 -12 -1 -11 -1 -11 -1 -11 -1 -11 -1 -11 -1 -10 -1 -10 -1 -10 -1 -10 -1 -10 0 -9 0 -9 0 -9 0 -9 0 -9 0 -9 0 -9 1 -9 0 -8 1 -9 1 -9 1 -9 1 -9 1 -9 1 0 0 -9 1 -8 1 -8 1 -9 1 -8 1 -8 0 -8 0 -8 0 -8 0 -8 0 -8 0 -8 0 -7 -1 -7 -1 -7 -1 -7 -1 -7 -1 -7 -2 -6 -2 -6 -2 -6 -2 -6 -2 -6 -2 -5 -2 -5 -3 -5 -3 0 0 0 0 0 0 0 0 0 0 ]
CSI_DATA,AP,10:B4:1D:CC:60:E0,-27,11,1,7,1,1,1,1,0,0,1,-92,0,6,2,7904280,0,68,0,0,7.61367,384,[0 0 0 0 0 0 0 0 0 0 0 0 2 10 2 10 1 10 2 10 1 9 2 9 2 9 2 9 2 8 2 8 2 8 2 8 2 8 2 8 2 8 2 7 3 7 3 7 3 7 3 7 3 7 3 7 3 7 3 7 3 7 3 6 0 0 3 7 3 7 3 7 3 6 3 7 3 7 2 7 2 7 2 6 2 6 2 6 2 6 1 6 1 6 1 6 1 5 0 6 0 5 0 5 0 5 0 5 -1 5 -1 5 -1 4 -1 4 -1 4 0 0 0 0 0 0 0 0 0 0 ]
CSI_DATA,AP,10:B4:1D:CC:60:E0,-27,11,1,7,1,1,1,1,0,0,1,-92,0,6,2,7994040,0,68,0,0,7.70342,384,[0 0 0 0 0 0 0 0 0 0 0 0 -7 9 -7 9 -6 9 -6 8 -6 8 -6 8 -6 8 -6 8 -6 8 -5 8 -5 8 -5 7 -5 8 -4 8 -4 8 -4 7 -4 7 -4 7 -4 7 -4 7 -3 7 -3 7 -3 7 -3 8 -3 7 -3 7 0 0 -3 7 -3 7 -3 8 -3 7 -3 7 -4 7 -4 7 -4 7 -4 6 -4 6 -4 6 -4 6 -4 6 -4 6 -4 5 -4 5 -4 5 -4 4 -4 4 -4 4 -4 4 -5 3 -4 3 -5 3 -4 3 -4 2 0 0 0 0 0 0 0 0 0 0 ]
CSI_DATA,AP,10:B4:1D:CC:60:E0,-27,11,1,7,1,1,1,1,0,0,1,-92,0,6,2,8084239,0,68,0,0,7.79363,384,[0 0 0 0 0 0 0 0 0 0 0 0 -2 10 -2 10 -2 10 -2 9 -2 10 -2 9 -1 9 -2 9 -1 8 -1 9 -1 8 -1 8 -1 8 0 8 0 8 0 8 0 7 0 8 1 8 0 8 1 7 0 8 1 7 1 8 1 7 1 7 0 0 1 7 1 8 1 7 1 7 1 7 1 7 0 7 0 7 0 7 0 7 0 7 0 7 -1 7 -1 6 -1 6 -1 6 -1 6 -1 5 -1 5 -1 5 -2 5 -2 5 -2 5 -2 4 -2 4 -2 4 0 0 0 0 0 0 0 0 0 0 ]
CSI_DATA,AP,10:B4:1D:CC:60:E0,-27,11,1,7,1,1,1,1,0,0,1,-92,0,6,2,8174246,0,68,0,0,7.88363,384,[0 0 0 0 0 0 0 0 0 0 0 0 2 10 2 10 2 10 2 10 2 10 2 10 2 9 2 9 2 8 2 9 2 8 2 8 2 8 3 8 3 8 3 7 3 7 3 7 3 7 3 7 3 7 3 7 4 7 4 7 3 7 4 6 0 0 3 7 3 7 3 7 3 7 3 7 3 7 2 7 2 7 2 6 2 7 2 6 2 6 1 6 1 6 1 6 1 6 1 6 1 6 0 5 0 5 0 5 0 5 -1 5 -1 5 -1 5 -1 4 0 0 0 0 0 0 0 0 0 0 ]
CSI_DATA,AP,10:B4:1D:CC:60:E0,-27,11,1,7,1,1,1,1,0,0,1,-92,0,6,2,8264163,0,68,0,0,7.97355,384,[0 0 0 0 0 0 0 0 0 0 0 0 -8 -9 -8 -9 -8 -9 -7 -8 -7 -8 -8 -8 -7 -8 -7 -8 -7 -7 -7 -7 -7 -7 -7 -6 -7 -7 -7 -6 -7 -6 -7 -6 -7 -6 -7 -5 -7 -5 -7 -6 -7 -5 -7 -5 -8 -5 -8 -5 -7 -5 -8 -5 0 0 -8 -5 -7 -5 -7 -5 -7 -5 -7 -5 -7 -5 -7 -5 -7 -5 -7 -5 -6 -5 -6 -5 -6 -5 -6 -5 -5 -5 -5 -5 -5 -5 -4 -5 -5 -5 -4 -5 -4 -5 -4 -5 -3 -5 -3 -5 -3 -5 -3 -5 -2 -5 0 0 0 0 0 0 0 0 0 0 ]
CSI_DATA,AP,10:B4:1D:CC:60:E0,-27,11,1,7,1,1,1,1,0,0,1,-92,0,6,2,8354225,0,68,0,0,8.06361,384,[0 0 0 0 0 0 0 0 0 0 0 0 -6 9 -6 9 -5 9 -5 9 -5 9 -5 8 -5 8 -5 8 -5 8 -4 8 -4 8 -4 8 -4 8 -4 8 -3 8 -3 7 -3 7 -3 7 -3 8 -3 7 -3 7 -3 7 -3 7 -2 8 -2 7 -2 7 0 0 -3 7 -2 7 -3 7 -3 7 -3 7 -3 7 -3 7 -3 7 -3 6 -4 6 -3 6 -4 6 -4 6 -4 6 -4 5 -4 5 -4 5 -4 4 -4 4 -4 4 -4 4 -4 3 -4 3 -4 3 -4 3 -4 2 0 0 0 0 0 0 0 0 0 0 ]
CSI_DATA,AP,10:B4:1D:CC:60:E0,-27,11,1,7,1,1,1,1,0,0,1,-92,0,6,2,8444139,0,68,0,0,8.15353,384,[0 0 0 0 0 0 0 0 0 0 0 0 -1 -11 -1 -11 -1 -11 -1 -11 -1 -11 -1 -11 -1 -10 -1 -10 -1 -10 -1 -10 -1 -10 -1 -9 -1 -9 -2 -9 -2 -9 -2 -9 -2 -9 -2 -8 -2 -9 -2 -9 -2 -9 -2 -9 -3 -8 -3 -8 -3 -9 -3 -8 0 0 -3 -8 -2 -8 -2 -9 -2 -8 -2 -8 -2 -8 -2 -8 -1 -8 -2 -8 -1 -8 -1 -8 -1 -8 -1 -7 0 -7 -1 -7 0 -7 0 -7 0 -6 0 -6 0 -6 0 -6 1 -6 1 -5 1 -5 1 -5 1 -5 0 0 0 0 0 0 0 0 0 0 ]
CSI_DATA,AP,10:B4:1D:CC:60:E0,-27,11,1,7,1,1,1,1,0,0,1,-92,0,6,2,8534154,0,68,0,0,8.24354,384,[0 0 0 0 0 0 0 0 0 0 0 0 -4 -11 -4 -10 -4 -10 -4 -10 -4 -10 -4 -10 -4 -9 -4 -9 -4 -9 -4 -9 -4 -8 -4 -9 -4 -8 -4 -8 -5 -8 -5 -8 -5 -8 -5 -7 -5 -7 -5 -7 -5 -7 -5 -7 -5 -7 -5 -7 -5 -7 -5 -7 0 0 -5 -7 -5 -7 -5 -7 -5 -7 -5 -7 -5 -7 -4 -7 -4 -7 -4 -7 -4 -7 -4 -7 -3 -7 -3 -7 -3 -7 -3 -7 -3 -6 -2 -6 -2 -6 -2 -6 -2 -6 -2 -6 -2 -6 -1 -6 -1 -5 -1 -5 0 -5 0 0 0 0 0 0 0 0 0 0 ]
CSI_DATA,AP,10:B4:1D:CC:60:E0,-27,11,1,7,1,1,1,1,0,0,1,-92,0,6,2,8624158,0,68,0,0,8.33355,384,[0 0 0 0 0 0 0 0 0 0 0 0 0 -12 1 -12 0 -11 0 -11 0 -11 0 -11 0 -10 0 -10 0 -10 0 -10 -1 -10 -1 -9 -1 -9 -1 -9 -1 -10 -1 -9 -1 -9 -2 -9 -2 -9 -2 -9 -2 -9 -2 -9 -2 -8 -2 -9 -2 -9 -2 -8 0 0 -2 -9 -2 -9 -2 -9 -2 -8 -2 -9 -2 -9 -2 -9 -1 -8 -1 -8 -1 -8 -1 -8 -1 -8 0 -8 0 -8 0 -7 0 -7 0 -7 0 -7 0 -6 0 -6 1 -6 1 -6 1 -6 1 -6 1 -5 2 -5 0 0 0 0 0 0 0 0 0 0 ]
CSI_DATA,AP,10:B4:1D:CC:60:E0,-27,11,1,7,1,1,1,1,0,0,1,-92,0,6,2,8714092,0,68,0,0,8.42347,384,[0 0 0 0 0 0 0 0 0 0 0 0 0 10 0 10 0 10 1 10 0 10 1 9 0 9 1 9 0 8 1 9 1 8 1 8 1 8 2 8 2 8 2 8 2 7 2 7 2 7 2 7 2 7 2 7 2 7 3 7 3 7 3 7 0 0 3 7 2 7 2 7 2 7 2 7 2 7 2 7 2 7 1 6 1 6 1 6 1 7 1 6 1 6 1 6 0 6 0 6 0 5 0 5 0 5 -1 5 -1 5 -1 5 -1 5 -1 4 -1 4 0 0 0 0 0 0 0 0 0 0 ]
CSI_DATA,AP,10:B4:1D:CC:60:E0,-27,11,1,7,1,1,1,1,0,0,1,-92,0,6,2,8804136,0,68,0,0,8.51353,384,[0 0 0 0 0 0 0 0 0 0 0 0 8 7 7 7 7 7 7 7 7 6 7 6 7 6 6 6 6 6 6 6 7 5 6 5 6 5 6 5 6 5 6 4 7 4 6 4 7 4 6 4 6 4 6 4 6 4 7 3 6 3 7 3 0 0 7 4 6 4 6 4 6 4 6 4 6 4 6 4 5 4 5 4 5 4 5 4 5 4 4 4 4 4 4 4 4 4 3 4 4 4 3 4 3 4 3 4 2 4 2 4 2 4 2 4 1 4 0 0 0 0 0 0 0 0 0 0 ]
CSI_DATA,AP,10:B4:1D:CC:60:E0,-27,11,1,7,1,1,1,1,0,0,1,-92,0,6,2,8894223,0,68,0,0,8.60361,384,[0 0 0 0 0 0 0 0 0 0 0 0 0 -12 0 -11 0 -11 0 -11 0 -11 0 -10 0 -10 0 -10 0 -10 -1 -10 -1 -10 -1 -9 -1 -9 -1 -9 -1 -9 -2 -9 -2 -9 -2 -9 -2 -9 -2 -9 -2 -9 -2 -9 -2 -8 -2 -9 -2 -9 -2 -8 0 0 -2 -8 -2 -9 -2 -8 -2 -8 -2 -8 -2 -8 -2 -8 -1 -8 -1 -8 -1 -8 -1 -8 -1 -8 0 -7 0 -7 -1 -7 0 -7 0 -7 0 -6 0 -6 0 -6 0 -6 1 -6 1 -6 1 -5 1 -5 1 -5 0 0 0 0 0 0 0 0 0 0 ]
CSI_DATA,AP,10:B4:1D:CC:60:E0,-27,11,1,7,1,1,1,1,0,0,1,-92,0,6,2,8984211,0,68,0,0,8.6936,384,[0 0 0 0 0 0 0 0 0 0 0 0 10 -3 10 -3 10 -3 9 -3 10 -3 9 -3 9 -3 9 -3 9 -3 8 -3 8 -3 8 -3 8 -4 8 -4 8 -4 7 -4 7 -4 7 -4 7 -4 7 -4 7 -4 7 -5 7 -4 6 -5 6 -5 6 -4 0 0 7 -4 6 -5 6 -5 7 -4 6 -4 6 -4 7 -4 6 -4 6 -3 6 -3 6 -3 6 -3 6 -3 6 -3 6 -2 5 -2 5 -2 5 -2 5 -1 5 -1 5 -1 5 -1 5 -1 5 -1 4 0 4 0 0 0 0 0 0 0 0 0 0 0 ]
CSI_DATA,AP,10:B4:1D:CC:60:E0,-27,11,1,7,1,1,1,1,0,0,1,-92,0,6,2,9074077,0,68,0,0,8.78347,384,[0 0 0 0 0 0 0 0 0 0 0 0 2 -11 1 -11 2 -11 1 -11 2 -11 1 -10 1 -10 1 -10 1 -10 1 -10 1 -10 0 -9 0 -10 0 -10 0 -9 0 -9 0 -9 0 -9 0 -9 -1 -9 -1 -9 -1 -9 -1 -9 -1 -9 -1 -9 -1 -9 0 0 -1 -9 -1 -9 -1 -9 -1 -9 0 -9 0 -9 0 -9 0 -8 0 -8 0 -8 0 -8 1 -8 1 -8 1 -7 1 -7 1 -7 2 -7 1 -6 2 -6 2 -6 2 -6 2 -6 2 -5 2 -5 2 -5 2 -4 0 0 0 0 0 0 0 0 0 0 ]
CSI_DATA,AP,10:B4:1D:CC:60:E0,-27,11,1,7,1,1,1,1,0,0,1,-92,0,6,2,9164144,0,68,0,0,8.87353,384,[0 0 0 0 0 0 0 0 0 0 0 0 -5 -10 -5 -10 -5 -10 -5 -10 -5 -10 -5 -9 -5 -9 -5 -9 -5 -9 -5 -9 -5 -8 -5 -8 -5 -8 -5 -8 -5 -8 -5 -7 -5 -7 -5 -7 -6 -7 -5 -7 -5 -7 -5 -7 -6 -7 -6 -7 -6 -7 -6 -6 0 0 -6 -7 -5 -7 -6 -7 -6 -7 -5 -7 -5 -7 -5 -7 -5 -7 -4 -7 -4 -7 -4 -7 -4 -7 -4 -7 -3 -6 -3 -6 -3 -6 -3 -6 -3 -6 -2 -6 -2 -6 -2 -6 -1 -6 -1 -6 -1 -5 -1 -5 -1 -5 0 0 0 0 0 0 0 0 0 0 ]
CSI_DATA,AP,10:B4:1D:CC:60:E0,-27,11,1,7,1,1,1,1,0,0,1,-92,0,6,2,9254113,0,68,0,0,8.9635,384,[0 0 0 0 0 0 0 0 0 0 0 0 9 6 9 6 8 6 8 6 8 5 8 5 8 5 8 5 8 5 8 4 8 4 7 4 7 4 7 4 7 4 7 3 7 3 7 3 7 3 7 3 7 2 7 2 7 2 7 2 7 2 7 2 0 0 7 2 7 2 7 2 7 2 7 2 7 3 7 3 6 3 6 3 6 3 6 3 6 3 5 3 5 3 5 3 5 3 4 3 4 3 4 3 4 3 4 3 3 3 3 3 3 3 2 4 2 4 0 0 0 0 0 0 0 0 0 0 ]
CSI_DATA,AP,10:B4:1D:CC:60:E0,-27,11,1,7,1,1,1,1,0,0,1,-92,0,6,2,9344217,0,68,0,0,9.05361,384,[0 0 0 0 0 0 0 0 0 0 0 0 2 -11 2 -11 2 -11 2 -11 2 -11 2 -10 2 -10 2 -10 1 -10 1 -10 1 -10 1 -9 1 -9 0 -9 0 -9 0 -9 0 -9 0 -9 0 -9 0 -9 0 -9 0 -9 -1 -8 -1 -9 -1 -9 -1 -8 0 0 -1 -9 -1 -9 -1 -9 -1 -8 -1 -9 0 -9 0 -9 0 -8 0 -8 0 -8 0 -7 0 -8 1 -7 1 -7 1 -7 1 -6 1 -7 1 -6 1 -6 1 -5 1 -5 2 -5 2 -5 2 -5 2 -5 2 -4 0 0 0 0 0 0 0 0 0 0 ]
CSI_DATA,AP,10:B4:1D:CC:60:E0,-27,11,1,7,1,1,1,1,0,0,1,-92,0,6,2,9434189,0,68,0,0,9.14357,384,[0 0 0 0 0 0 0 0 0 0 0 0 2 10 2 10 2 10 2 10 2 10 2 9 2 9 2 9 2 9 2 8 3 8 3 8 3 8 3 8 3 8 3 7 3 7 3 7 3 7 3 7 3 7 3 7 4 7 4 7 4 7 4 6 0 0 4 7 4 7 3 7 4 6 3 7 3 7 3 7 3 6 3 6 2 6 3 6 2 6 2 6 1 6 2 6 1 5 1 5 1 5 1 5 1 5 0 5 0 5 0 5 0 4 0 4 -1 4 0 0 0 0 0 0 0 0 0 0 ]
CSI_DATA,AP,10:B4:1D:CC:60:E0,-27,11,1,7,1,1,1,1,0,0,1,-92,0,6,2,9524173,0,68,0,0,9.23358,384,[0 0 0 0 0 0 0 0 0 0 0 0 -11 3 -11 3 -11 3 -10 3 -10 3 -10 3 -10 3 -10 3 -9 3 -9 3 -9 3 -9 3 -9 3 -8 4 -8 4 -8 3 -8 3 -8 4 -7 4 -8 4 -7 4 -7 4 -7 4 -7 4 -7 4 -7 4 0 0 -7 4 -7 4 -7 4 -7 4 -7 4 -7 4 -7 3 -7 3 -7 2 -7 2 -7 2 -7 2 -7 2 -7 2 -7 1 -7 1 -6 1 -6 1 -6 1 -6 0 -6 0 -6 0 -6 0 -6 0 -5 -1 -5 -1 0 0 0 0 0 0 0 0 0 0 ]
CSI_DATA,AP,10:B4:1D:CC:60:E0,-27,11,1,7,1,1,1,1,0,0,1,-92,0,6,2,9614179,0,68,0,0,9.32357,384,[0 0 0 0 0 0 0 0 0 0 0 0 -11 1 -11 1 -11 1 -10 1 -10 1 -10 1 -10 1 -10 1 -10 1 -9 1 -9 1 -9 1 -9 2 -9 2 -8 2 -9 2 -8 2 -8 2 -8 3 -8 3 -8 3 -8 3 -8 3 -8 3 -8 3 -8 3 0 0 -8 3 -8 3 -7 3 -8 2 -7 3 -7 2 -8 2 -7 2 -8 2 -7 1 -7 1 -7 1 -7 1 -7 1 -7 0 -6 0 -6 0 -6 0 -6 0 -6 0 -6 -1 -6 0 -5 -1 -5 -1 -5 -1 -5 -2 0 0 0 0 0 0 0 0 0 0 ]
CSI_DATA,AP,10:B4:1D:CC:60:E0,-27,11,1,7,1,1,1,1,0,0,1,-92,0,6,2,9704205,0,68,0,0,9.41359,384,[0 0 0 0 0 0 0 0 0 0 0 0 -5 -11 -5 -10 -5 -10 -4 -10 -5 -10 -5 -10 -5 -9 -5 -9 -5 -9 -5 -9 -5 -9 -5 -8 -5 -8 -5 -8 -5 -8 -5 -8 -5 -7 -6 -7 -5 -7 -5 -7 -5 -7 -5 -7 -6 -7 -6 -7 -6 -7 -6 -7 0 0 -6 -7 -6 -7 -6 -7 -6 -7 -5 -7 -5 -7 -5 -7 -5 -7 -5 -7 -5 -7 -4 -7 -4 -7 -4 -7 -3 -6 -3 -6 -3 -6 -3 -6 -3 -6 -2 -6 -2 -6 -2 -6 -2 -6 -2 -5 -1 -5 -1 -5 -1 -5 0 0 0 0 0 0 0 0 0 0 ]
CSI_DATA,AP,10:B4:1D:CC:60:E0,-27,11,1,7,1,1,1,1,0,0,1,-92,0,6,2,9794196,0,68,0,0,9.50358,384,[0 0 0 0 0 0 0 0 0 0 0 0 8 7 7 7 7 7 7 6 7 6 7 6 7 6 7 6 6 6 6 5 7 5 6 5 6 5 6 4 6 4 7 4 6 4 6 4 6 4 6 4 6 4 6 4 7 3 7 3 6 3 6 3 0 0 6 4 6 3 6 3 6 4 6 4 6 4 6 4 5 4 5 4 5 4 5 4 5 4 4 4 4 4 4 4 4 4 3 4 3 4 3 4 3 4 3 4 2 4 2 4 2 4 2 4 1 4 0 0 0 0 0 0 0 0 0 0 ]
CSI_DATA,AP,10:B4:1D:CC:60:E0,-27,11,1,7,1,1,1,1,0,0,1,-92,0,6,2,9884239,0,68,0,0,9.59363,384,[0 0 0 0 0 0 0 0 0 0 0 0 -9 7 -9 7 -8 7 -9 6 -8 6 -8 6 -8 6 -7 6 -7 6 -7 6 -7 6 -7 6 -7 6 -6 6 -6 6 -6 6 -6 6 -6 6 -6 6 -5 6 -5 6 -5 6 -5 6 -5 6 -5 6 -5 6 0 0 -5 6 -5 6 -5 6 -5 6 -5 6 -6 6 -6 6 -5 5 -5 5 -5 5 -6 4 -6 5 -6 4 -6 4 -5 3 -5 3 -5 3 -5 3 -5 3 -5 2 -5 2 -5 2 -5 2 -5 2 -5 1 -5 1 0 0 0 0 0 0 0 0 0 0 ]
CSI_DATA,AP,10:B4:1D:CC:60:E0,-27,11,1,7,1,1,1,1,0,0,1,-92,0,6,2,9976432,0,68,0,0,9.68582,384,[0 0 0 0 0 0 0 0 0 0 0 0 -4 -11 -4 -11 -4 -11 -4 -11 -4 -10 -4 -10 -4 -10 -4 -9 -4 -9 -4 -9 -4 -9 -4 -9 -4 -8 -4 -8 -4 -8 -5 -8 -5 -8 -5 -7 -5 -8 -5 -8 -5 -7 -5 -7 -5 -7 -5 -7 -5 -7 -5 -7 0 0 -5 -7 -5 -7 -5 -7 -5 -7 -5 -8 -4 -7 -4 -8 -4 -7 -4 -7 -4 -7 -4 -7 -3 -7 -3 -7 -3 -7 -3 -7 -2 -6 -2 -6 -2 -6 -2 -6 -2 -6 -1 -6 -1 -6 -1 -5 -1 -5 -1 -5 0 -5 0 0 0 0 0 0 0 0 0 0 ]
CSI_DATA,AP,10:B4:1D:CC:60:E0,-27,11,1,7,1,1,1,1,0,0,1,-92,0,6,2,10065162,0,68,0,0,9.77456,384,[0 0 0 0 0 0 0 0 0 0 0 0 -7 -9 -7 -9 -6 -9 -6 -9 -6 -8 -7 -8 -6 -8 -6 -8 -6 -8 -6 -7 -7 -7 -6 -7 -6 -7 -6 -7 -6 -7 -7 -6 -7 -6 -7 -6 -7 -6 -7 -6 -6 -6 -7 -6 -7 -5 -7 -5 -7 -5 -7 -5 0 0 -7 -5 -7 -5 -7 -5 -7 -5 -6 -6 -6 -6 -6 -6 -6 -6 -6 -6 -6 -5 -6 -5 -5 -6 -5 -5 -5 -5 -5 -5 -4 -5 -4 -5 -4 -5 -4 -5 -3 -5 -3 -5 -3 -5 -2 -5 -2 -5 -2 -5 -2 -5 0 0 0 0 0 0 0 0 0 0 ]
CSI_DATA,AP,10:B4:1D:CC:60:E0,-27,11,1,7,1,1,1,1,0,0,1,-92,0,6,2,10155746,0,68,0,0,9.86514,384,[0 0 0 0 0 0 0 0 0 0 0 0 -8 7 -8 7 -8 7 -8 7 -8 7 -7 7 -7 6 -7 6 -7 6 -6 7 -6 6 -6 6 -6 7 -6 7 -5 7 -5 6 -5 6 -5 6 -5 7 -5 7 -5 7 -5 7 -4 7 -4 7 -4 7 -4 7 0 0 -4 6 -4 7 -4 7 -4 6 -5 6 -5 7 -5 6 -5 6 -5 5 -5 5 -5 5 -5 5 -5 5 -5 5 -5 4 -5 4 -5 4 -5 3 -5 3 -5 3 -5 3 -5 3 -5 2 -5 2 -5 2 -5 1 0 0 0 0 0 0 0 0 0 0 ]
CSI_DATA,AP,10:B4:1D:CC:60:E0,-27,11,1,7,1,1,1,1,0,0,1,-92,0,6,2,10245519,0,68,0,0,9.9549,384,[0 0 0 0 0 0 0 0 0 0 0 0 5 9 5 8 5 8 5 8 5 8 5 8 5 8 5 7 5 7 5 7 5 7 5 6 5 6 5 6 5 6 5 6 5 6 5 5 5 5 5 5 5 5 5 5 5 5 5 5 5 5 6 5 0 0 5 5 5 5 5 5 5 5 5 5 5 5 4 5 4 5 4 5 4 5 4 5 4 5 3 5 3 5 3 5 3 5 2 5 2 5 2 4 2 4 2 4 1 4 1 4 1 4 1 4 1 4 0 0 0 0 0 0 0 0 0 0 ]
CSI_DATA,AP,10:B4:1D:CC:60:E0,-27,11,1,7,1,1,1,1,0,0,1,-92,0,6,2,10334186,0,68,0,0,10.0436,384,[0 0 0 0 0 0 0 0 0 0 0 0 -8 -9 -8 -8 -8 -8 -8 -8 -8 -8 -8 -8 -7 -8 -7 -7 -7 -7 -7 -7 -7 -7 -7 -7 -7 -6 -7 -6 -7 -6 -7 -6 -7 -6 -7 -6 -7 -5 -7 -5 -7 -5 -7 -5 -8 -5 -7 -5 -7 -5 -7 -5 0 0 -7 -5 -7 -5 -7 -5 -7 -5 -7 -5 -7 -5 -6 -6 -6 -6 -6 -5 -6 -6 -6 -6 -5 -6 -5 -6 -5 -5 -5 -5 -5 -5 -4 -5 -4 -5 -4 -5 -3 -5 -3 -5 -3 -5 -3 -5 -2 -5 -2 -5 -2 -5 0 0 0 0 0 0 0 0 0 0 ]
CSI_DATA,AP,10:B4:1D:CC:60:E0,-27,11,1,7,1,1,1,1,0,0,1,-92,0,6,2,10424178,0,68,0,0,10.1336,384,[0 0 0 0 0 0 0 0 0 0 0 0 -5 9 -5 9 -5 9 -4 9 -4 9 -4 9 -4 8 -4 8 -4 8 -3 8 -3 8 -3 8 -3 8 -3 8 -3 8 -2 7 -2 8 -2 7 -2 8 -2 8 -2 7 -2 7 -1 7 -1 8 -1 8 -1 7 0 0 -1 7 -1 7 -1 8 -1 7 -2 7 -2 7 -2 7 -2 7 -2 6 -2 6 -2 6 -2 6 -2 6 -3 6 -2 5 -2 5 -3 5 -3 5 -3 4 -3 4 -3 4 -3 4 -3 4 -3 4 -3 3 -3 3 0 0 0 0 0 0 0 0 0 0 ]
CSI_DATA,AP,10:B4:1D:CC:60:E0,-27,11,1,7,1,1,1,1,0,0,1,-92,0,6,2,10514212,0,68,0,0,10.2236,384,[0 0 0 0 0 0 0 0 0 0 0 0 5 -9 5 -9 5 -9 4 -9 4 -9 4 -9 4 -9 4 -9 4 -8 3 -8 3 -8 3 -8 3 -8 3 -8 3 -8 2 -8 2 -8 2 -8 2 -8 2 -8 2 -8 2 -8 2 -8 2 -8 2 -8 1 -8 0 0 2 -8 2 -8 2 -8 2 -8 2 -8 2 -8 2 -8 2 -7 2 -7 2 -7 2 -6 3 -7 3 -6 3 -6 3 -6 3 -5 3 -5 3 -5 3 -5 3 -4 3 -4 3 -4 3 -4 3 -4 3 -3 3 -3 0 0 0 0 0 0 0 0 0 0 ]
CSI_DATA,AP,10:B4:1D:CC:60:E0,-27,11,1,7,1,1,1,1,0,0,1,-92,0,6,2,10604207,0,68,0,0,10.3136,384,[0 0 0 0 0 0 0 0 0 0 0 0 -6 -10 -6 -10 -6 -10 -5 -10 -5 -9 -6 -9 -5 -9 -5 -9 -5 -8 -5 -8 -6 -8 -6 -8 -6 -8 -6 -7 -6 -7 -6 -7 -6 -7 -6 -6 -6 -7 -6 -7 -6 -6 -6 -7 -6 -6 -6 -6 -6 -6 -6 -6 0 0 -6 -6 -6 -6 -6 -7 -6 -6 -6 -6 -5 -6 -5 -7 -5 -6 -5 -6 -5 -6 -5 -6 -4 -6 -4 -6 -4 -6 -4 -6 -3 -6 -3 -6 -3 -6 -3 -6 -2 -5 -2 -6 -2 -5 -2 -5 -1 -5 -1 -5 -1 -5 0 0 0 0 0 0 0 0 0 0 ]
CSI_DATA,AP,10:B4:1D:CC:60:E0,-27,11,1,7,1,1,1,1,0,0,1,-92,0,6,2,10694238,0,68,0,0,10.4036,384,[0 0 0 0 0 0 0 0 0 0 0 0 -6 8 -6 8 -6 9 -6 8 -6 8 -6 8 -6 7 -5 7 -5 7 -5 7 -5 7 -5 7 -5 7 -4 7 -4 7 -4 7 -4 7 -3 7 -3 7 -3 7 -3 7 -3 7 -3 7 -3 7 -3 7 -3 7 0 0 -3 7 -3 7 -3 7 -3 7 -3 7 -3 7 -4 7 -4 6 -4 6 -4 6 -4 5 -4 6 -4 5 -4 5 -4 5 -4 4 -4 5 -4 4 -4 4 -4 3 -4 3 -4 3 -4 3 -4 3 -4 2 -4 2 0 0 0 0 0 0 0 0 0 0 ]
CSI_DATA,AP,10:B4:1D:CC:60:E0,-27,11,1,7,1,1,1,1,0,0,1,-92,0,6,2,10784233,0,68,0,0,10.4936,384,[0 0 0 0 0 0 0 0 0 0 0 0 1 11 1 10 1 10 1 10 1 10 1 9 1 9 1 9 1 9 1 9 1 8 2 8 2 8 2 8 2 8 2 8 2 7 2 7 2 7 2 7 2 7 2 7 3 7 3 7 3 7 3 7 0 0 2 7 2 7 2 7 2 7 2 7 2 7 1 7 1 7 2 7 1 7 1 6 1 6 1 6 0 6 0 6 0 6 0 6 0 5 0 5 -1 5 -1 5 -1 5 -1 5 -1 4 -1 4 -2 4 0 0 0 0 0 0 0 0 0 0 ]
CSI_DATA,AP,10:B4:1D:CC:60:E0,-27,11,1,7,1,1,1,1,0,0,1,-92,0,6,2,10874205,0,68,0,0,10.5836,384,[0 0 0 0 0 0 0 0 0 0 0 0 -10 4 -10 4 -10 5 -9 4 -9 4 -9 4 -9 4 -9 4 -8 4 -8 4 -8 4 -8 4 -8 4 -7 4 -7 4 -7 5 -7 4 -7 5 -6 5 -7 5 -6 5 -6 5 -6 5 -6 5 -6 5 -6 5 0 0 -6 5 -6 5 -6 5 -6 5 -6 5 -6 5 -6 5 -6 4 -6 4 -6 3 -6 3 -6 3 -6 3 -6 3 -6 3 -6 2 -6 2 -6 2 -5 2 -5 1 -5 1 -5 1 -6 1 -5 1 -5 0 -5 0 0 0 0 0 0 0 0 0 0 0 ]
CSI_DATA,AP,10:B4:1D:CC:60:E0,-27,11,1,7,1,1,1,1,0,0,1,-92,0,6,2,10964043,0,68,0,0,10.6734,384,[0 0 0 0 0 0 0 0 0 0 0 0 0 11 0 10 0 10 0 10 0 10 0 10 0 9 0 9 0 9 0 9 0 9 0 8 0 8 1 8 1 8 1 8 1 8 1 8 1 8 1 8 1 8 1 8 2 7 2 7 2 7 2 7 0 0 2 7 1 8 1 7 2 7 1 7 1 7 1 7 1 7 1 7 0 7 0 7 0 6 0 6 -1 6 0 6 -1 6 -1 6 -1 5 -1 5 -1 5 -1 5 -2 5 -2 4 -2 4 -2 4 -2 4 0 0 0 0 0 0 0 0 0 0 ]
CSI_DATA,AP,10:B4:1D:CC:60:E0,-27,11,1,7,1,1,1,1,0,0,1,-92,0,6,2,11054157,0,68,0,0,10.7635,384,[0 0 0 0 0 0 0 0 0 0 0 0 -2 -11 -2 -11 -2 -11 -2 -11 -2 -10 -2 -10 -2 -10 -2 -10 -2 -10 -2 -9 -3 -9 -3 -9 -3 -9 -3 -9 -3 -9 -3 -8 -3 -8 -3 -8 -4 -8 -4 -8 -3 -8 -4 -8 -4 -7 -4 -8 -4 -8 -4 -8 0 0 -4 -8 -4 -8 -4 -8 -4 -7 -3 -8 -3 -8 -3 -8 -3 -8 -3 -7 -3 -7 -3 -7 -2 -7 -2 -7 -2 -7 -2 -6 -2 -6 -1 -6 -1 -6 -1 -6 -1 -6 -1 -6 0 -6 0 -5 0 -5 0 -5 0 -5 0 0 0 0 0 0 0 0 0 0 ]
CSI_DATA,AP,10:B4:1D:CC:60:E0,-27,11,1,7,1,1,1,1,0,0,1,-92,0,6,2,11144292,0,68,0,0,10.8537,384,[0 0 0 0 0 0 0 0 0 0 0 0 0 10 0 10 0 10 0 10 0 10 1 10 0 9 0 9 0 9 1 8 1 8 1 8 1 8 1 8 1 8 2 8 2 8 2 7 2 8 2 8 2 7 2 7 2 7 2 7 2 7 3 7 0 0 2 7 2 7 2 7 2 7 2 7 2 7 1 7 1 7 1 7 1 6 1 6 1 7 0 6 0 6 0 6 0 6 0 6 0 5 -1 5 -1 5 -1 5 -1 5 -1 4 -1 4 -1 4 -2 4 0 0 0 0 0 0 0 0 0 0 ]
CSI_DATA,AP,10:B4:1D:CC:60:E0,-27,11,1,7,1,1,1,1,0,0,1,-92,0,6,2,11234189,0,68,0,0,10.9436,384,[0 0 0 0 0 0 0 0 0 0 0 0 11 -1 10 -1 10 -1 10 -1 9 -1 9 -1 9 -1 9 -1 9 -1 8 -1 9 -2 8 -2 8 -2 8 -2 8 -2 8 -2 7 -2 7 -3 7 -3 7 -3 7 -3 7 -3 7 -3 7 -3 7 -3 7 -3 0 0 7 -3 7 -3 7 -3 7 -3 7 -3 7 -2 7 -2 7 -2 7 -2 7 -2 7 -2 6 -2 6 -1 6 -1 6 -1 6 -1 6 -1 6 0 5 0 5 0 5 0 5 0 5 0 4 0 4 1 4 1 0 0 0 0 0 0 0 0 0 0 ]
CSI_DATA,AP,10:B4:1D:CC:60:E0,-27,11,1,7,1,1,1,1,0,0,1,-92,0,6,2,11324179,0,68,0,0,11.0336,384,[0 0 0 0 0 0 0 0 0 0 0 0 -9 5 -10 6 -9 6 -9 6 -9 5 -9 5 -8 5 -8 5 -8 5 -7 5 -8 5 -7 5 -7 5 -7 6 -7 5 -6 5 -7 5 -6 5 -6 6 -6 5 -6 5 -6 5 -6 5 -5 6 -5 6 -6 6 0 0 -6 5 -5 6 -6 6 -6 5 -6 5 -6 5 -6 5 -6 5 -6 4 -6 4 -6 4 -6 4 -6 4 -6 4 -6 3 -6 3 -6 3 -6 2 -6 2 -5 2 -5 2 -6 2 -5 1 -5 1 -5 1 -5 0 0 0 0 0 0 0 0 0 0 0 ]
CSI_DATA,AP,10:B4:1D:CC:60:E0,-27,11,1,7,1,1,1,1,0,0,1,-92,0,6,2,11414086,0,68,0,0,11.1235,384,[0 0 0 0 0 0 0 0 0 0 0 0 2 10 2 10 2 10 2 10 2 10 2 9 2 9 2 9 2 9 2 9 2 8 2 8 2 8 3 8 2 8 3 7 3 7 3 7 3 7 3 7 3 7 3 7 3 7 3 7 3 7 3 7 0 0 3 7 3 7 3 7 3 7 3 7 3 7 3 7 2 7 2 6 2 6 2 7 2 7 1 6 1 6 1 6 1 6 1 6 1 5 0 5 0 5 0 5 -1 5 -1 5 -1 5 -1 4 -1 4 0 0 0 0 0 0 0 0 0 0 ]
CSI_DATA,AP,10:B4:1D:CC:60:E0,-27,11,1,7,1,1,1,1,0,0,1,-92,0,6,2,11504229,0,68,0,0,11.2136,384,[0 0 0 0 0 0 0 0 0 0 0 0 2 -11 2 -11 2 -11 2 -11 2 -10 2 -10 2 -10 2 -10 2 -10 1 -10 1 -9 1 -9 1 -9 1 -9 1 -9 0 -9 0 -9 0 -9 0 -9 0 -9 0 -9 0 -9 0 -9 0 -9 0 -9 -1 -8 0 0 0 -9 0 -9 0 -9 0 -8 0 -9 0 -9 0 -8 0 -8 0 -8 1 -8 1 -7 1 -8 1 -7 1 -7 1 -7 1 -6 2 -6 1 -6 1 -6 2 -6 2 -5 2 -5 2 -5 2 -5 2 -4 2 -4 0 0 0 0 0 0 0 0 0 0 ]
CSI_DATA,AP,10:B4:1D:CC:60:E0,-27,11,1,7,1,1,1,1,0,0,1,-92,0,6,2,11594134,0,68,0,0,11.3035,384,[0 0 0 0 0 0 0 0 0 0 0 0 -3 -11 -3 -11 -3 -11 -3 -11 -3 -10 -3 -10 -3 -10 -3 -10 -3 -10 -3 -9 -3 -9 -3 -9 -3 -9 -4 -9 -4 -9 -4 -8 -4 -8 -4 -8 -4 -8 -4 -8 -4 -8 -4 -8 -4 -8 -4 -8 -4 -8 -5 -8 0 0 -4 -8 -4 -8 -4 -8 -4 -8 -4 -8 -4 -8 -3 -8 -3 -8 -3 -8 -3 -7 -3 -7 -2 -7 -2 -7 -2 -7 -2 -7 -2 -7 -1 -6 -2 -6 -1 -6 -1 -6 -1 -6 0 -6 0 -6 0 -5 0 -5 0 -5 0 0 0 0 0 0 0 0 0 0 ]
CSI_DATA,AP,10:B4:1D:CC:60:E0,-27,11,1,7,1,1,1,1,0,0,1,-92,0,6,2,11684081,0,68,0,0,11.3935,384,[0 0 0 0 0 0 0 0 0 0 0 0 -11 -1 -11 -1 -11 0 -11 0 -10 0 -10 -1 -10 0 -10 0 -10 0 -9 0 -9 0 -9 0 -9 0 -9 0 -9 1 -9 0 -9 1 -8 1 -8 1 -8 1 -8 1 -8 1 -8 1 -8 1 -8 1 -8 1 0 0 -8 1 -8 1 -8 1 -8 1 -8 1 -8 1 -8 1 -8 1 -8 0 -8 0 -7 0 -7 0 -7 -1 -7 -1 -7 -1 -6 -1 -6 -1 -6 -1 -6 -2 -6 -2 -6 -2 -5 -2 -5 -2 -5 -2 -5 -2 -5 -3 0 0 0 0 0 0 0 0 0 0 ]
CSI_DATA,AP,10:B4:1D:CC:60:E0,-27,11,1,7,1,1,1,1,0,0,1,-92,0,6,2,11774154,0,68,0,0,11.4835,384,[0 0 0 0 0 0 0 0 0 0 0 0 -11 -3 -11 -3 -11 -2 -11 -2 -11 -2 -11 -2 -10 -2 -10 -2 -10 -2 -10 -2 -10 -2 -9 -2 -9 -1 -9 -1 -9 -1 -9 -1 -9 -1 -9 -1 -9 0 -9 0 -9 0 -9 0 -9 0 -9 0 -8 0 -9 0 0 0 -9 0 -8 0 -8 0 -9 0 -8 0 -8 -1 -8 -1 -8 -1 -8 -1 -8 -2 -8 -2 -7 -1 -7 -2 -7 -2 -7 -2 -7 -2 -6 -2 -6 -2 -6 -3 -6 -3 -5 -3 -5 -3 -5 -3 -5 -3 -4 -3 -4 -3 0 0 0 0 0 0 0 0 0 0 ]
CSI_DATA,AP,10:B4:1D:CC:60:E0,-27,11,1,7,1,1,1,1,0,0,1,-92,0,6,2,11864193,0,68,0,0,11.5736,384,[0 0 0 0 0 0 0 0 0 0 0 0 -1 -12 -1 -11 -1 -11 -1 -11 -1 -11 -1 -10 -1 -10 -1 -10 -1 -10 -1 -10 -1 -9 -2 -9 -2 -9 -2 -9 -2 -9 -2 -9 -2 -9 -3 -8 -3 -9 -3 -9 -3 -8 -3 -9 -3 -8 -3 -8 -3 -8 -3 -8 0 0 -3 -8 -3 -8 -3 -8 -3 -8 -3 -8 -3 -8 -2 -8 -2 -8 -2 -8 -2 -8 -2 -7 -1 -8 -1 -7 -1 -7 -1 -7 -1 -7 -1 -7 -1 -6 -1 -6 0 -6 0 -6 0 -6 0 -6 1 -5 0 -5 1 -5 0 0 0 0 0 0 0 0 0 0 ]
CSI_DATA,AP,10:B4:1D:CC:60:E0,-27,11,1,7,1,1,1,1,0,0,1,-92,0,6,2,11954141,0,68,0,0,11.6635,384,[0 0 0 0 0 0 0 0 0 0 0 0 -11 3 -10 3 -10 3 -10 3 -10 3 -10 3 -9 3 -9 3 -9 3 -9 3 -9 3 -9 3 -8 3 -8 3 -8 3 -8 3 -8 3 -7 3 -7 4 -7 4 -7 4 -7 4 -7 4 -7 4 -7 4 -7 4 0 0 -7 3 -7 4 -7 4 -7 3 -7 3 -7 3 -7 3 -7 3 -7 2 -7 2 -7 2 -7 2 -7 2 -7 1 -6 1 -6 1 -6 1 -6 0 -6 0 -6 0 -6 0 -6 0 -6 0 -5 -1 -5 -1 -5 -1 0 0 0 0 0 0 0 0 0 0 ]
CSI_DATA,AP,10:B4:1D:CC:60:E0,-27,11,1,7,1,1,1,1,0,0,1,-92,0,6,2,12044174,0,68,0,0,11.7536,384,[0 0 0 0 0 0 0 0 0 0 0 0 4 -11 4 -10 4 -11 3 -10 3 -10 3 -10 3 -10 3 -9 3 -9 3 -10 2 -9 2 -9 2 -9 2 -9 2 -9 1 -9 1 -9 1 -9 1 -9 1 -9 1 -9 1 -9 1 -9 0 -9 0 -9 0 -8 0 0 0 -9 0 -9 0 -8 0 -8 1 -8 1 -8 1 -8 1 -8 1 -8 1 -8 1 -7 2 -7 2 -7 2 -7 2 -7 1 -6 2 -6 2 -6 2 -5 2 -5 2 -5 2 -5 3 -5 3 -5 2 -4 2 -4 0 0 0 0 0 0 0 0 0 0 ]
CSI_DATA,AP,10:B4:1D:CC:60:E0,-27,11,1,7,1,1,1,1,0,0,1,-92,0,6,2,12134260,0,68,0,0,11.8436,384,[0 0 0 0 0 0 0 0 0 0 0 0 9 -6 9 -6 9 -6 9 -6 8 -6 8 -6 8 -5 8 -5 7 -5 7 -6 7 -6 7 -6 7 -6 6 -6 6 -6 6 -6 6 -6 6 -6 5 -6 5 -6 5 -6 5 -6 5 -6 5 -7 5 -7 5 -6 0 0 5 -6 5 -6 5 -7 5 -6 5 -6 5 -6 5 -6 5 -6 5 -5 5 -5 5 -5 5 -5 5 -5 5 -4 5 -4 5 -4 5 -4 5 -3 5 -3 4 -3 4 -2 4 -3 4 -2 4 -2 4 -2 4 -1 0 0 0 0 0 0 0 0 0 0 ]
CSI_DATA,AP,10:B4:1D:CC:60:E0,-27,11,1,7,1,1,1,1,0,0,1,-92,0,6,2,12224405,0,68,0,0,11.9338,384,[0 0 0 0 0 0 0 0 0 0 0 0 6 -10 6 -9 6 -9 6 -9 5 -9 5 -9 5 -9 5 -9 5 -8 4 -8 4 -8 4 -8 4 -8 3 -8 4 -8 3 -8 3 -8 3 -8 3 -8 3 -8 3 -8 3 -8 3 -8 2 -8 2 -8 2 -8 0 0 3 -8 3 -8 3 -8 3 -8 3 -8 3 -8 3 -8 3 -7 3 -7 3 -7 3 -7 3 -7 3 -6 4 -6 3 -5 3 -5 3 -5 3 -5 3 -4 3 -4 3 -4 4 -4 4 -4 4 -3 3 -3 3 -3 0 0 0 0 0 0 0 0 0 0 ]
CSI_DATA,AP,10:B4:1D:CC:60:E0,-27,11,1,7,1,1,1,1,0,0,1,-92,0,6,2,12314169,0,68,0,0,12.0236,384,[0 0 0 0 0 0 0 0 0 0 0 0 0 -12 0 -11 0 -12 0 -11 0 -11 0 -10 0 -11 0 -10 0 -10 0 -10 -1 -10 -1 -9 -1 -10 -1 -9 -1 -10 -1 -9 -2 -9 -2 -9 -2 -9 -2 -9 -2 -9 -2 -9 -2 -8 -2 -9 -2 -9 -2 -8 0 0 -2 -8 -2 -9 -2 -9 -2 -8 -2 -9 -2 -9 -1 -9 -1 -9 -1 -8 -1 -8 -1 -8 -1 -8 0 -8 0 -8 0 -7 0 -7 0 -7 0 -6 0 -6 0 -6 1 -6 1 -6 1 -6 1 -5 1 -5 2 -5 0 0 0 0 0 0 0 0 0 0 ]
CSI_DATA,AP,10:B4:1D:CC:60:E0,-27,11,1,7,1,1,1,1,0,0,1,-92,0,6,2,12404173,0,68,0,0,12.1136,384,[0 0 0 0 0 0 0 0 0 0 0 0 -11 1 -11 1 -11 1 -11 1 -10 1 -11 1 -10 1 -10 1 -10 1 -9 2 -9 1 -9 2 -9 2 -9 2 -9 2 -9 2 -9 2 -8 2 -8 3 -8 3 -8 2 -8 3 -8 3 -8 3 -8 3 -8 3 0 0 -8 2 -8 3 -8 3 -8 2 -8 2 -8 2 -8 2 -8 2 -8 1 -8 1 -7 1 -7 1 -7 1 -7 1 -7 0 -7 0 -7 0 -6 0 -6 -1 -6 -1 -6 -1 -6 -1 -6 -1 -5 -1 -5 -2 -5 -2 0 0 0 0 0 0 0 0 0 0 ]
CSI_DATA,AP,10:B4:1D:CC:60:E0,-27,11,1,7,1,1,1,1,0,0,1,-92,0,6,2,12494067,0,68,0,0,12.2035,384,[0 0 0 0 0 0 0 0 0 0 0 0 1 -11 1 -11 1 -11 1 -11 1 -10 1 -10 1 -10 1 -10 1 -9 1 -10 0 -9 0 -9 0 -9 0 -9 0 -9 0 -9 0 -9 -1 -8 -1 -9 -1 -9 -1 -9 -1 -9 -1 -8 -1 -8 -1 -8 -1 -8 0 0 -1 -8 -1 -8 -1 -9 -1 -8 -1 -8 0 -8 0 -8 0 -8 0 -8 0 -7 0 -7 0 -7 1 -7 1 -7 1 -6 1 -6 1 -6 1 -6 1 -6 1 -5 1 -5 2 -5 2 -5 2 -5 2 -5 2 -4 0 0 0 0 0 0 0 0 0 0 ]
CSI_DATA,AP,10:B4:1D:CC:60:E0,-27,11,1,7,1,1,1,1,0,0,1,-92,0,6,2,12584240,0,68,0,0,12.2936,384,[0 0 0 0 0 0 0 0 0 0 0 0 -7 -9 -8 -9 -7 -9 -7 -9 -7 -9 -7 -8 -7 -8 -7 -8 -7 -8 -7 -8 -7 -7 -7 -7 -7 -7 -7 -7 -7 -7 -7 -6 -7 -6 -7 -6 -7 -6 -7 -6 -7 -6 -7 -6 -7 -5 -8 -5 -7 -5 -7 -5 0 0 -8 -5 -7 -5 -8 -5 -7 -5 -7 -5 -7 -5 -7 -6 -7 -6 -7 -5 -6 -6 -6 -5 -6 -6 -5 -6 -5 -6 -5 -5 -5 -5 -5 -5 -5 -5 -4 -5 -4 -5 -4 -5 -3 -5 -3 -5 -3 -5 -3 -5 -2 -5 0 0 0 0 0 0 0 0 0 0 ]
CSI_DATA,AP,10:B4:1D:CC:60:E0,-27,11,1,7,1,1,1,1,0,0,1,-92,0,6,2,12674143,0,68,0,0,12.3835,384,[0 0 0 0 0 0 0 0 0 0 0 0 9 -6 9 -6 8 -6 8 -6 8 -6 8 -6 8 -6 8 -6 7 -6 6 -6 7 -6 6 -6 6 -6 6 -6 6 -6 6 -6 6 -6 5 -6 5 -6 5 -7 5 -6 5 -6 5 -6 4 -7 4 -7 5 -7 0 0 5 -7 4 -7 5 -7 5 -6 5 -6 5 -7 5 -6 5 -6 5 -5 5 -5 5 -5 5 -5 5 -5 5 -5 5 -4 5 -4 4 -4 5 -4 4 -3 4 -3 4 -3 4 -3 4 -3 4 -2 4 -2 4 -1 0 0 0 0 0 0 0 0 0 0 ]
CSI_DATA,AP,10:B4:1D:CC:60:E0,-27,11,1,7,1,1,1,1,0,0,1,-92,0,6,2,12764150,0,68,0,0,12.4735,384,[0 0 0 0 0 0 0 0 0 0 0 0 -1 -12 -1 -11 -1 -12 -1 -11 -1 -11 -1 -11 -1 -10 -1 -10 -1 -10 -1 -10 -1 -10 -2 -9 -2 -10 -2 -9 -2 -9 -2 -9 -2 -9 -2 -9 -3 -9 -3 -9 -3 -9 -3 -9 -3 -8 -3 -9 -3 -9 -3 -8 0 0 -3 -8 -3 -9 -3 -8 -3 -8 -3 -9 -2 -8 -2 -9 -2 -8 -2 -8 -2 -8 -2 -8 -1 -8 -1 -8 -1 -8 -1 -7 -1 -7 -1 -7 -1 -7 0 -6 0 -6 0 -6 0 -6 1 -6 1 -6 1 -5 1 -5 0 0 0 0 0 0 0 0 0 0 ]
CSI_DATA,AP,10:B4:1D:CC:60:E0,-27,11,1,7,1,1,1,1,0,0,1,-92,0,6,2,12855645,0,68,0,0,12.565,384,[0 0 0 0 0 0 0 0 0 0 0 0 10 2 10 2 10 2 10 2 9 2 9 2 9 2 9 2 9 2 8 1 9 1 8 1 8 1 8 1 8 1 8 0 8 0 8 0 8 0 8 0 7 0 8 0 8 0 8 0 8 -1 8 0 0 0 8 0 7 -1 7 0 8 0 7 0 7 0 7 0 7 0 7 1 7 1 7 1 6 1 6 1 6 1 6 1 6 1 5 1 5 2 5 2 5 2 4 2 4 2 4 2 4 2 3 2 3 3 0 0 0 0 0 0 0 0 0 0 ]
CSI_DATA,AP,10:B4:1D:CC:60:E0,-27,11,1,7,1,1,1,1,0,0,1,-92,0,6,2,12944123,0,68,0,0,12.6535,384,[0 0 0 0 0 0 0 0 0 0 0 0 5 -10 5 -10 5 -10 5 -9 5 -9 5 -9 5 -9 5 -8 4 -8 4 -9 4 -9 4 -8 4 -8 3 -8 3 -9 3 -8 3 -8 3 -8 3 -8 3 -8 3 -8 2 -8 2 -8 2 -8 2 -8 2 -8 0 0 2 -8 2 -8 2 -8 2 -8 3 -8 3 -8 3 -8 3 -8 3 -7 3 -7 3 -7 3 -7 3 -6 3 -6 3 -6 3 -5 3 -5 3 -5 3 -5 3 -4 3 -4 4 -4 3 -4 3 -4 3 -3 3 -3 0 0 0 0 0 0 0 0 0 0 ]
CSI_DATA,AP,10:B4:1D:CC:60:E0,-27,11,1,7,1,1,1,1,0,0,1,-92,0,6,2,13034244,0,68,0,0,12.7436,384,[0 0 0 0 0 0 0 0 0 0 0 0 -9 7 -8 7 -8 7 -8 7 -8 7 -8 6 -8 6 -8 6 -7 6 -7 6 -7 6 -7 6 -6 6 -6 6 -6 6 -6 6 -6 6 -5 6 -5 6 -5 6 -5 6 -5 6 -5 6 -5 7 -5 7 -5 6 0 0 -5 6 -5 6 -5 6 -5 6 -5 6 -6 6 -6 6 -6 5 -6 5 -5 5 -5 4 -6 5 -6 4 -6 4 -5 3 -5 3 -5 3 -5 3 -5 2 -5 2 -5 2 -5 2 -5 2 -5 1 -5 1 -5 1 0 0 0 0 0 0 0 0 0 0 ]
CSI_DATA,AP,10:B4:1D:CC:60:E0,-27,11,1,7,1,1,1,1,0,0,1,-92,0,6,2,13124982,0,68,0,0,12.8344,384,[0 0 0 0 0 0 0 0 0 0 0 0 7 -8 7 -8 7 -8 7 -8 6 -8 7 -7 7 -7 6 -7 6 -7 6 -7 6 -7 5 -7 5 -7 5 -7 5 -7 4 -7 4 -7 4 -7 4 -7 4 -7 4 -7 4 -8 4 -7 3 -8 3 -8 4 -7 0 0 4 -7 3 -8 3 -7 4 -7 3 -7 4 -7 4 -7 4 -7 4 -6 4 -6 4 -6 4 -6 4 -6 4 -5 4 -5 4 -5 4 -5 4 -4 4 -4 4 -4 4 -4 4 -4 4 -3 4 -3 4 -3 4 -2 0 0 0 0 0 0 0 0 0 0 ]
CSI_DATA,AP,10:B4:1D:CC:60:E0,-27,11,1,7,1,1,1,1,0,0,1,-92,0,6,2,13214057,0,68,0,0,12.9234,384,[0 0 0 0 0 0 0 0 0 0 0 0 0 -12 0 -11 0 -11 0 -11 0 -11 0 -11 0 -10 0 -10 0 -10 0 -10 -1 -9 -1 -9 -1 -9 -1 -9 -1 -9 -1 -9 -1 -9 -2 -9 -2 -9 -2 -9 -2 -9 -2 -9 -2 -8 -2 -9 -2 -9 -2 -8 0 0 -2 -8 -2 -9 -2 -9 -2 -8 -1 -8 -1 -8 -1 -8 -1 -8 -1 -8 -1 -8 -1 -8 0 -8 0 -7 0 -7 0 -7 0 -7 1 -7 0 -6 0 -6 1 -6 1 -6 1 -6 1 -5 2 -5 1 -5 2 -5 0 0 0 0 0 0 0 0 0 0 ]
CSI_DATA,AP,10:B4:1D:CC:60:E0,-27,11,1,7,1,1,1,1,0,0,1,-92,0,6,2,13304123,0,68,0,0,13.0135,384,[0 0 0 0 0 0 0 0 0 0 0 0 -10 -6 -10 -6 -10 -5 -9 -5 -9 -5 -9 -5 -9 -5 -9 -5 -9 -5 -9 -4 -9 -4 -9 -4 -8 -4 -8 -3 -8 -3 -9 -3 -8 -3 -8 -3 -8 -3 -8 -2 -8 -2 -8 -2 -8 -2 -8 -2 -8 -2 -8 -2 0 0 -8 -2 -8 -2 -8 -2 -8 -2 -8 -2 -8 -2 -8 -3 -8 -3 -8 -3 -7 -3 -7 -3 -7 -3 -7 -3 -6 -3 -6 -3 -6 -3 -6 -3 -6 -3 -5 -3 -5 -4 -5 -3 -5 -3 -4 -4 -4 -4 -4 -4 -4 -4 0 0 0 0 0 0 0 0 0 0 ]
CSI_DATA,AP,10:B4:1D:CC:60:E0,-27,11,1,7,1,1,1,1,0,0,1,-92,0,6,2,13394312,0,68,0,0,13.1037,384,[0 0 0 0 0 0 0 0 0 0 0 0 4 -10 4 -10 4 -10 4 -10 4 -10 4 -10 4 -9 3 -9 3 -9 3 -9 3 -9 2 -9 2 -9 2 -9 2 -9 2 -8 2 -9 2 -8 2 -9 1 -9 2 -8 1 -9 1 -8 1 -9 1 -9 1 -8 0 0 1 -8 1 -9 1 -9 1 -8 2 -8 2 -8 2 -8 2 -8 2 -8 2 -7 2 -7 2 -7 3 -7 3 -7 2 -6 2 -6 3 -6 3 -5 3 -5 3 -5 3 -5 3 -5 3 -4 3 -4 3 -4 3 -3 0 0 0 0 0 0 0 0 0 0 ]
CSI_DATA,AP,10:B4:1D:CC:60:E0,-27,11,1,7,1,1,1,1,0,0,1,-92,0,6,2,13484047,0,68,0,0,13.1934,384,[0 0 0 0 0 0 0 0 0 0 0 0 -7 8 -7 8 -7 8 -6 8 -6 8 -6 7 -6 7 -6 7 -6 7 -5 7 -5 7 -5 7 -5 7 -4 7 -5 7 -4 7 -4 7 -4 7 -4 7 -4 7 -4 7 -4 7 -3 7 -3 7 -3 7 -3 7 0 0 -3 7 -3 7 -3 7 -4 7 -4 7 -4 7 -4 7 -4 6 -4 6 -4 6 -4 5 -4 5 -4 5 -4 5 -4 4 -4 4 -5 4 -4 4 -4 3 -4 3 -4 3 -4 3 -4 3 -5 2 -4 2 -4 2 0 0 0 0 0 0 0 0 0 0 ]
CSI_DATA,AP,10:B4:1D:CC:60:E0,-27,11,1,7,1,1,1,1,0,0,1,-92,0,6,2,13574196,0,68,0,0,13.2836,384,[0 0 0 0 0 0 0 0 0 0 0 0 10 -4 10 -4 10 -4 9 -4 9 -4 9 -4 9 -4 9 -4 8 -4 8 -4 8 -4 8 -4 7 -4 7 -5 7 -5 7 -4 7 -4 7 -5 7 -5 7 -5 6 -5 6 -5 6 -5 6 -5 6 -5 6 -5 0 0 6 -5 6 -5 6 -5 6 -5 6 -5 6 -5 6 -4 6 -4 6 -4 6 -3 6 -3 6 -3 6 -3 6 -3 6 -2 6 -2 5 -2 5 -2 5 -2 5 -1 5 -1 5 -1 5 -1 5 -1 4 0 4 0 0 0 0 0 0 0 0 0 0 0 ]
CSI_DATA,AP,10:B4:1D:CC:60:E0,-27,11,1,7,1,1,1,1,0,0,1,-92,0,6,2,13664181,0,68,0,0,13.3736,384,[0 0 0 0 0 0 0 0 0 0 0 0 -9 7 -8 7 -8 7 -8 7 -8 7 -8 6 -7 6 -7 6 -7 6 -7 7 -6 6 -6 6 -6 6 -6 6 -6 7 -6 6 -5 6 -5 6 -5 7 -5 7 -5 7 -5 7 -5 7 -4 7 -4 7 -4 6 0 0 -5 6 -5 7 -4 7 -5 6 -5 7 -5 6 -5 6 -5 6 -5 5 -5 5 -5 5 -5 5 -5 5 -5 5 -5 4 -5 4 -5 4 -5 3 -5 3 -5 3 -5 3 -5 3 -5 2 -5 2 -5 2 -5 1 0 0 0 0 0 0 0 0 0 0 ]
CSI_DATA,AP,10:B4:1D:CC:60:E0,-27,11,1,7,1,1,1,1,0,0,1,-92,0,6,2,13754114,0,68,0,0,13.4635,384,[0 0 0 0 0 0 0 0 0 0 0 0 3 10 3 10 3 10 3 9 3 9 3 9 3 9 3 9 3 8 3 8 3 8 3 8 3 7 4 7 4 7 4 7 4 7 4 7 4 7 4 6 4 6 4 6 4 6 4 6 4 6 4 6 0 0 4 6 4 6 4 6 4 6 4 6 3 6 3 6 3 6 3 6 3 6 3 6 2 6 2 6 2 6 2 6 2 5 1 5 1 5 1 5 1 5 1 5 0 5 0 5 0 4 0 4 -1 4 0 0 0 0 0 0 0 0 0 0 ]
CSI_DATA,AP,10:B4:1D:CC:60:E0,-27,11,1,7,1,1,1,1,0,0,1,-92,0,6,2,13844071,0,68,0,0,13.5535,384,[0 0 0 0 0 0 0 0 0 0 0 0 10 -3 10 -3 10 -4 9 -3 9 -3 9 -3 9 -3 9 -3 8 -3 8 -4 8 -3 8 -3 8 -4 7 -4 7 -4 7 -4 7 -4 7 -4 7 -4 7 -4 7 -4 7 -4 7 -4 7 -5 7 -5 6 -4 0 0 7 -4 7 -5 6 -4 7 -4 7 -4 7 -4 7 -4 6 -3 6 -3 7 -3 6 -3 6 -3 6 -2 6 -2 6 -2 5 -2 6 -2 5 -1 5 -1 5 -1 5 0 5 -1 5 0 4 0 4 0 4 1 0 0 0 0 0 0 0 0 0 0 ]
CSI_DATA,AP,10:B4:1D:CC:60:E0,-27,11,1,7,1,1,1,1,0,0,1,-92,0,6,2,13934017,0,68,0,0,13.6434,384,[0 0 0 0 0 0 0 0 0 0 0 0 2 -11 1 -11 1 -11 2 -11 1 -11 1 -11 1 -10 1 -10 1 -10 1 -10 0 -10 0 -9 0 -9 0 -9 0 -9 0 -9 0 -9 -1 -9 -1 -9 -1 -9 -1 -9 -1 -9 -1 -9 -1 -9 -1 -9 -1 -8 0 0 -1 -9 -1 -9 -1 -9 -1 -8 -1 -9 -1 -9 0 -9 0 -8 0 -8 0 -8 0 -7 0 -8 0 -7 1 -7 0 -7 1 -7 1 -7 1 -6 1 -6 1 -6 1 -6 2 -5 2 -5 2 -5 2 -5 2 -4 0 0 0 0 0 0 0 0 0 0 ]
CSI_DATA,AP,10:B4:1D:CC:60:E0,-27,11,1,7,1,1,1,1,0,0,1,-92,0,6,2,14024133,0,68,0,0,13.7335,384,[0 0 0 0 0 0 0 0 0 0 0 0 -3 -11 -3 -11 -3 -11 -3 -10 -3 -10 -3 -10 -3 -10 -3 -10 -3 -9 -3 -9 -4 -9 -4 -9 -4 -9 -4 -8 -4 -9 -4 -8 -4 -8 -4 -8 -4 -8 -4 -8 -4 -8 -4 -8 -4 -7 -5 -8 -5 -7 -5 -7 0 0 -4 -8 -4 -7 -4 -8 -4 -7 -4 -8 -4 -8 -3 -8 -3 -8 -3 -7 -3 -7 -3 -7 -3 -7 -2 -7 -2 -7 -2 -6 -2 -6 -1 -6 -2 -6 -1 -6 -1 -6 -1 -6 0 -6 -1 -5 0 -5 0 -5 0 -5 0 0 0 0 0 0 0 0 0 0 ]
CSI_DATA,AP,10:B4:1D:CC:60:E0,-27,11,1,7,1,1,1,1,0,0,1,-92,0,6,2,14114167,0,68,0,0,13.8236,384,[0 0 0 0 0 0 0 0 0 0 0 0 10 2 10 2 10 2 9 2 9 2 9 2 9 2 9 2 9 2 8 1 8 1 8 1 8 1 8 0 8 0 8 0 8 0 8 0 8 0 8 -1 7 -1 7 -1 8 -1 8 -1 7 -1 8 -1 0 0 8 -1 7 -1 7 -1 7 -1 7 -1 7 0 7 0 7 0 7 0 7 0 7 0 6 0 6 1 6 0 6 1 6 1 5 1 5 1 5 1 5 1 5 2 4 1 4 1 4 1 4 2 3 2 0 0 0 0 0 0 0 0 0 0 ]
CSI_DATA,AP,10:B4:1D:CC:60:E0,-27,11,1,7,1,1,1,1,0,0,1,-92,0,6,2,14204155,0,68,0,0,13.9135,384,[0 0 0 0 0 0 0 0 0 0 0 0 -11 -3 -11 -3 -11 -3 -11 -3 -10 -3 -11 -3 -10 -3 -10 -3 -10 -3 -9 -2 -10 -2 -10 -2 -9 -1 -9 -1 -9 -1 -9 -1 -9 -1 -9 -1 -9 -1 -9 -1 -9 -1 -9 0 -9 0 -9 0 -9 0 -9 0 0 0 -9 0 -8 0 -9 0 -9 -1 -8 0 -8 -1 -8 -1 -8 -1 -8 -1 -8 -1 -8 -1 -7 -1 -7 -2 -7 -2 -7 -2 -7 -2 -6 -2 -6 -2 -6 -2 -6 -3 -6 -3 -5 -3 -5 -3 -5 -3 -5 -3 -4 -3 0 0 0 0 0 0 0 0 0 0 ]
CSI_DATA,AP,10:B4:1D:CC:60:E0,-27,11,1,7,1,1,1,1,0,0,1,-92,0,6,2,14294117,0,68,0,0,14.0035,384,[0 0 0 0 0 0 0 0 0 0 0 0 -8 8 -7 7 -7 8 -7 8 -7 7 -7 7 -6 7 -6 7 -6 7 -6 7 -6 7 -6 7 -5 7 -5 7 -5 7 -5 7 -5 6 -5 7 -4 7 -4 7 -4 7 -4 7 -4 7 -4 7 -4 7 -4 7 0 0 -4 7 -4 7 -4 7 -4 6 -4 6 -4 6 -5 6 -5 6 -4 5 -5 5 -5 5 -5 5 -5 5 -5 5 -5 4 -4 4 -5 4 -4 3 -5 3 -4 3 -5 3 -5 3 -5 3 -5 2 -5 2 -4 1 0 0 0 0 0 0 0 0 0 0 ]
CSI_DATA,AP,10:B4:1D:CC:60:E0,-27,11,1,7,1,1,1,1,0,0,1,-92,0,6,2,14384144,0,68,0,0,14.0935,384,[0 0 0 0 0 0 0 0 0 0 0 0 10 -5 10 -5 9 -5 9 -5 9 -5 9 -5 9 -4 8 -4 8 -4 8 -5 8 -5 7 -5 7 -5 7 -5 7 -5 7 -5 7 -5 6 -5 7 -5 6 -5 6 -5 6 -5 6 -5 6 -6 6 -6 6 -5 0 0 6 -5 6 -5 6 -5 6 -5 6 -5 6 -5 6 -5 6 -4 6 -4 6 -3 6 -3 6 -4 6 -3 6 -3 6 -2 5 -2 5 -2 5 -2 5 -2 5 -1 5 -1 5 -1 5 -1 4 -1 4 0 4 0 0 0 0 0 0 0 0 0 0 0 ]
CSI_DATA,AP,10:B4:1D:CC:60:E0,-27,11,1,7,1,1,1,1,0,0,1,-92,0,6,2,14474403,0,68,0,0,14.1838,384,[0 0 0 0 0 0 0 0 0 0 0 0 -6 9 -6 9 -6 9 -5 9 -5 9 -5 8 -5 8 -5 8 -5 8 -4 8 -4 8 -4 7 -4 8 -3 8 -3 8 -3 7 -3 7 -3 7 -3 8 -3 7 -2 7 -2 7 -3 7 -2 8 -2 7 -2 7 0 0 -2 7 -2 7 -2 7 -2 7 -2 7 -3 7 -3 7 -3 7 -3 6 -3 6 -3 6 -3 6 -3 6 -3 6 -3 5 -3 5 -4 5 -3 4 -3 4 -4 4 -4 4 -4 4 -4 4 -4 3 -4 3 -4 2 0 0 0 0 0 0 0 0 0 0 ]
CSI_DATA,AP,10:B4:1D:CC:60:E0,-27,11,1,7,1,1,1,1,0,0,1,-92,0,6,2,14564205,0,68,0,0,14.2736,384,[0 0 0 0 0 0 0 0 0 0 0 0 -8 8 -8 7 -8 8 -7 7 -7 7 -7 7 -7 7 -7 7 -6 7 -6 7 -6 7 -6 6 -6 7 -6 7 -5 7 -5 7 -5 6 -5 7 -5 7 -5 7 -4 7 -4 7 -4 7 -4 7 -4 7 -4 7 0 0 -5 6 -4 7 -4 7 -5 7 -4 7 -5 6 -5 6 -5 6 -5 5 -5 5 -5 5 -5 5 -5 5 -5 5 -5 4 -5 4 -5 4 -5 3 -5 3 -4 3 -5 3 -5 3 -5 2 -5 2 -5 2 -5 1 0 0 0 0 0 0 0 0 0 0 ]
CSI_DATA,AP,10:B4:1D:CC:60:E0,-27,11,1,7,1,1,1,1,0,0,1,-92,0,6,2,14654089,0,68,0,0,14.3635,384,[0 0 0 0 0 0 0 0 0 0 0 0 -11 -5 -10 -5 -10 -5 -10 -5 -10 -5 -10 -4 -10 -4 -9 -4 -9 -4 -9 -4 -9 -4 -9 -3 -9 -3 -9 -3 -9 -3 -9 -2 -9 -2 -9 -2 -9 -2 -9 -2 -8 -2 -8 -2 -9 -2 -8 -2 -8 -2 -8 -2 0 0 -9 -2 -8 -2 -8 -2 -9 -2 -8 -2 -8 -2 -8 -2 -8 -2 -8 -2 -8 -3 -8 -3 -7 -3 -7 -3 -6 -3 -7 -3 -6 -3 -6 -3 -6 -3 -6 -3 -5 -3 -5 -3 -5 -3 -5 -4 -4 -3 -4 -4 -4 -4 0 0 0 0 0 0 0 0 0 0 ]
CSI_DATA,AP,10:B4:1D:CC:60:E0,-27,11,1,7,1,1,1,1,0,0,1,-92,0,6,2,14744103,0,68,0,0,14.4535,384,[0 0 0 0 0 0 0 0 0 0 0 0 7 7 7 7 7 7 7 7 7 7 7 6 7 6 7 6 6 6 7 5 7 5 7 5 6 5 6 5 6 5 6 5 6 4 6 4 6 4 6 4 6 4 6 4 7 4 7 3 6 3 7 3 0 0 7 4 6 4 6 4 6 4 6 4 6 4 6 4 6 4 6 4 5 4 5 4 5 4 4 4 4 4 4 4 4 4 3 4 3 4 3 4 3 4 3 4 2 4 2 4 2 4 2 4 1 4 0 0 0 0 0 0 0 0 0 0 ]
CSI_DATA,AP,10:B4:1D:CC:60:E0,-27,11,1,7,1,1,1,1,0,0,1,-92,0,6,2,14834051,0,68,0,0,14.5434,384,[0 0 0 0 0 0 0 0 0 0 0 0 9 5 9 4 9 5 9 4 9 4 8 4 8 4 8 4 8 4 8 3 8 3 8 3 8 2 8 2 8 2 8 2 8 2 8 2 7 1 7 1 7 1 7 1 8 1 7 1 7 1 8 1 0 0 8 1 8 1 7 1 8 1 7 1 7 1 7 2 7 2 7 2 7 2 6 2 6 2 6 2 5 2 5 2 5 2 5 2 4 2 4 2 4 3 4 3 4 2 4 2 3 3 3 3 3 3 0 0 0 0 0 0 0 0 0 0 ]
CSI_DATA,AP,10:B4:1D:CC:60:E0,-27,11,1,7,1,1,1,1,0,0,1,-92,0,6,2,14924104,0,68,0,0,14.6335,384,[0 0 0 0 0 0 0 0 0 0 0 0 -9 -8 -9 -8 -9 -8 -8 -7 -8 -8 -9 -7 -8 -7 -8 -7 -8 -6 -8 -6 -8 -6 -8 -6 -8 -6 -8 -6 -8 -5 -8 -5 -8 -5 -8 -5 -8 -5 -8 -4 -8 -5 -8 -4 -8 -4 -8 -4 -8 -4 -8 -4 0 0 -8 -4 -8 -4 -8 -4 -8 -4 -8 -4 -8 -4 -7 -4 -7 -4 -7 -5 -7 -5 -7 -5 -6 -5 -6 -5 -6 -5 -6 -5 -5 -5 -5 -5 -5 -5 -5 -5 -5 -5 -4 -5 -4 -5 -4 -5 -3 -5 -3 -5 -3 -5 0 0 0 0 0 0 0 0 0 0 ]
CSI_DATA,AP,10:B4:1D:CC:60:E0,-27,11,1,7,1,1,1,1,0,0,1,-92,0,6,2,15014105,0,68,0,0,14.7235,384,[0 0 0 0 0 0 0 0 0 0 0 0 -10 5 -10 5 -10 5 -9 5 -9 5 -9 5 -9 4 -9 4 -9 5 -8 5 -8 5 -8 4 -7 5 -7 5 -7 5 -7 5 -7 5 -7 5 -7 5 -6 5 -6 5 -6 5 -6 5 -6 5 -6 5 -6 5 0 0 -6 5 -6 5 -6 5 -6 5 -6 5 -6 5 -6 5 -7 4 -7 4 -6 4 -6 3 -6 3 -6 3 -6 3 -6 3 -6 2 -6 2 -6 2 -6 1 -6 1 -6 1 -6 1 -5 1 -5 1 -5 0 -5 0 0 0 0 0 0 0 0 0 0 0 ]
CSI_DATA,AP,10:B4:1D:CC:60:E0,-27,11,1,7,1,1,1,1,0,0,1,-92,0,6,2,15104291,0,68,0,0,14.8137,384,[0 0 0 0 0 0 0 0 0 0 0 0 -2 10 -2 10 -2 10 -2 10 -2 10 -2 10 -2 9 -2 9 -2 9 -1 9 -1 8 -1 8 -1 8 -1 8 -1 8 -1 8 0 8 0 8 0 8 0 8 0 8 0 8 0 7 0 8 1 8 0 7 0 0 0 8 0 8 0 8 0 7 0 8 0 8 -1 8 -1 7 -1 7 -1 6 -1 6 -1 7 -2 6 -2 6 -1 6 -2 5 -2 5 -2 5 -2 5 -2 5 -2 5 -3 5 -3 4 -3 4 -3 4 -3 3 0 0 0 0 0 0 0 0 0 0 ]
CSI_DATA,AP,10:B4:1D:CC:60:E0,-27,11,1,7,1,1,1,1,0,0,1,-92,0,6,2,15194159,0,68,0,0,14.9035,384,[0 0 0 0 0 0 0 0 0 0 0 0 9 -7 9 -6 8 -6 8 -6 8 -6 8 -6 8 -6 7 -6 7 -6 7 -6 7 -6 7 -6 6 -6 6 -6 6 -6 6 -6 6 -6 5 -6 5 -6 5 -7 5 -6 5 -7 5 -7 5 -7 5 -7 5 -6 0 0 5 -6 5 -7 5 -6 5 -6 5 -6 5 -6 5 -6 5 -6 5 -5 5 -5 5 -5 5 -5 5 -5 5 -4 5 -4 5 -3 5 -4 5 -3 5 -3 5 -3 5 -2 4 -2 5 -2 4 -2 4 -1 4 -1 0 0 0 0 0 0 0 0 0 0 ]
CSI_DATA,AP,10:B4:1D:CC:60:E0,-27,11,1,7,1,1,1,1,0,0,1,-92,0,6,2,15284176,0,68,0,0,14.9936,384,[0 0 0 0 0 0 0 0 0 0 0 0 7 -9 7 -9 6 -9 6 -9 6 -9 6 -9 6 -8 6 -8 5 -8 5 -8 5 -8 5 -8 4 -8 4 -8 4 -8 4 -8 4 -8 3 -8 3 -8 3 -8 3 -8 3 -8 3 -8 2 -8 3 -8 3 -8 0 0 3 -8 3 -8 3 -8 3 -8 3 -8 3 -8 3 -8 3 -7 4 -7 4 -7 3 -7 3 -7 3 -6 3 -6 4 -6 4 -5 3 -5 3 -5 4 -5 3 -4 4 -4 4 -4 4 -4 3 -4 4 -3 4 -3 0 0 0 0 0 0 0 0 0 0 ]
CSI_DATA,AP,10:B4:1D:CC:60:E0,-28,11,1,7,1,1,1,1,0,0,1,-92,0,6,2,15374203,0,68,0,0,15.0836,384,[0 0 0 0 0 0 0 0 0 0 0 0 3 -11 3 -11 2 -11 2 -11 2 -11 2 -10 2 -10 2 -10 2 -10 2 -10 1 -9 1 -9 1 -9 1 -9 1 -9 1 -9 0 -9 0 -9 0 -9 0 -9 0 -9 0 -9 0 -9 0 -9 0 -9 -1 -8 0 0 0 -9 0 -9 0 -9 0 -9 0 -9 0 -9 0 -9 0 -8 1 -8 1 -8 1 -7 1 -8 1 -7 1 -7 1 -7 1 -6 1 -7 2 -6 2 -5 2 -5 2 -5 2 -5 2 -5 2 -5 2 -4 2 -4 0 0 0 0 0 0 0 0 0 0 ]
CSI_DATA,AP,10:B4:1D:CC:60:E0,-28,11,1,7,1,1,1,1,0,0,1,-92,0,6,2,15464018,0,68,0,0,15.1734,384,[0 0 0 0 0 0 0 0 0 0 0 0 7 -9 7 -9 6 -9 6 -9 6 -9 6 -8 6 -8 6 -8 5 -8 5 -8 5 -8 5 -7 4 -8 4 -8 4 -8 4 -8 4 -8 3 -8 3 -8 3 -8 3 -8 3 -8 3 -8 3 -8 3 -8 3 -8 0 0 3 -8 3 -8 3 -8 3 -8 3 -8 3 -8 3 -7 3 -7 3 -7 4 -7 3 -6 3 -7 4 -6 4 -6 4 -5 4 -5 4 -5 4 -5 3 -4 3 -4 4 -4 4 -4 3 -4 4 -3 3 -3 3 -3 0 0 0 0 0 0 0 0 0 0 ]
CSI_DATA,AP,10:B4:1D:CC:60:E0,-28,11,1,7,1,1,1,1,0,0,1,-92,0,6,2,15554103,0,68,0,0,15.2635,384,[0 0 0 0 0 0 0 0 0 0 0 0 -9 -7 -9 -7 -9 -7 -9 -7 -9 -6 -9 -6 -9 -6 -8 -6 -8 -6 -8 -5 -8 -5 -8 -5 -8 -5 -8 -5 -8 -4 -8 -4 -8 -4 -8 -4 -8 -4 -8 -4 -8 -4 -8 -4 -8 -3 -8 -3 -8 -3 -8 -3 0 0 -8 -4 -8 -3 -8 -4 -8 -4 -8 -4 -8 -4 -7 -4 -7 -4 -7 -4 -7 -4 -7 -4 -6 -4 -6 -4 -6 -4 -6 -4 -5 -4 -5 -4 -5 -4 -5 -4 -4 -5 -4 -4 -4 -4 -4 -4 -3 -4 -3 -5 -3 -5 0 0 0 0 0 0 0 0 0 0 ]
CSI_DATA,AP,10:B4:1D:CC:60:E0,-28,11,1,7,1,1,1,1,0,0,1,-92,0,6,2,15644210,0,68,0,0,15.3536,384,[0 0 0 0 0 0 0 0 0 0 0 0 -3 10 -3 10 -3 10 -3 10 -3 9 -3 9 -3 9 -3 9 -2 9 -2 9 -2 8 -2 8 -1 8 -1 8 -1 8 -1 8 -1 8 -1 8 0 8 0 8 0 8 0 8 0 7 0 8 0 8 0 7 0 0 0 8 0 8 0 8 0 7 0 8 0 8 -1 8 -1 8 -1 7 -1 7 -1 7 -1 7 -2 7 -2 6 -2 6 -2 6 -2 6 -2 5 -2 5 -2 5 -2 5 -3 5 -3 4 -3 4 -3 4 -3 3 0 0 0 0 0 0 0 0 0 0 ]
CSI_DATA,AP,10:B4:1D:CC:60:E0,-28,11,1,7,1,1,1,1,0,0,1,-92,0,6,2,15734144,0,68,0,0,15.4435,384,[0 0 0 0 0 0 0 0 0 0 0 0 8 -7 8 -7 8 -7 8 -7 8 -7 7 -6 7 -6 7 -6 7 -6 7 -7 6 -6 6 -6 6 -7 6 -7 6 -7 5 -7 5 -6 5 -7 5 -7 5 -7 5 -7 5 -7 5 -7 4 -7 4 -7 4 -7 0 0 5 -7 4 -7 5 -7 5 -7 5 -7 5 -6 5 -6 5 -6 5 -5 5 -5 5 -5 5 -5 5 -5 5 -5 5 -4 5 -4 5 -4 4 -3 4 -3 4 -3 4 -3 4 -3 4 -2 4 -2 4 -2 4 -1 0 0 0 0 0 0 0 0 0 0 ]
CSI_DATA,AP,10:B4:1D:CC:60:E0,-28,11,1,7,1,1,1,1,0,0,1,-92,0,6,2,15825934,0,68,0,0,15.5353,384,[0 0 0 0 0 0 0 0 0 0 0 0 7 8 6 7 6 7 6 7 6 7 6 7 6 7 6 6 6 6 6 6 6 6 6 5 6 5 6 5 6 5 6 5 6 4 6 4 6 4 6 4 6 4 6 4 6 4 6 3 6 3 6 3 0 0 6 4 6 4 6 4 6 4 6 4 6 4 5 4 5 4 5 4 5 4 5 4 5 4 4 4 4 4 4 4 4 4 3 4 3 4 3 4 3 4 2 4 2 4 2 4 2 4 2 4 1 4 0 0 0 0 0 0 0 0 0 0 ]
CSI_DATA,AP,10:B4:1D:CC:60:E0,-27,11,1,7,1,1,1,1,0,0,1,-92,0,6,2,15915727,0,68,0,0,15.6251,384,[0 0 0 0 0 0 0 0 0 0 0 0 -11 -5 -10 -4 -10 -4 -10 -4 -10 -4 -10 -4 -10 -4 -9 -4 -9 -4 -9 -3 -9 -3 -9 -3 -9 -3 -9 -2 -9 -2 -9 -2 -9 -2 -9 -2 -8 -2 -8 -2 -8 -2 -8 -2 -9 -2 -8 -1 -8 -1 -8 -1 0 0 -8 -2 -8 -1 -8 -2 -8 -2 -8 -2 -8 -2 -8 -2 -8 -2 -8 -3 -8 -3 -7 -3 -7 -3 -7 -3 -6 -3 -6 -3 -6 -3 -6 -3 -6 -3 -5 -3 -5 -4 -5 -4 -5 -3 -4 -3 -4 -3 -4 -4 -4 -4 0 0 0 0 0 0 0 0 0 0 ]
CSI_DATA,AP,10:B4:1D:CC:60:E0,-28,11,1,7,1,1,1,1,0,0,1,-92,0,6,2,16004113,0,68,0,0,15.7135,384,[0 0 0 0 0 0 0 0 0 0 0 0 4 9 4 9 4 9 4 9 4 8 4 8 3 8 3 8 3 7 3 7 4 7 4 7 3 7 4 6 4 7 4 6 4 6 4 6 4 6 4 6 4 6 4 6 4 5 4 5 4 5 4 5 0 0 5 5 4 5 4 5 4 5 4 5 4 6 4 6 3 6 4 5 3 5 3 5 3 5 2 5 2 5 2 5 2 5 2 5 2 5 1 5 1 5 1 5 0 4 0 4 0 4 0 4 0 4 0 0 0 0 0 0 0 0 0 0 ]
CSI_DATA,AP,10:B4:1D:CC:60:E0,-27,11,1,7,1,1,1,1,0,0,1,-92,0,6,2,16094819,0,68,0,0,15.8042,384,[0 0 0 0 0 0 0 0 0 0 0 0 -1 10 -1 10 -1 10 -1 10 0 10 0 9 0 9 0 9 0 9 0 9 0 8 0 8 0 8 1 8 1 8 1 8 1 8 1 7 2 8 1 7 1 7 2 7 2 7 2 7 2 7 2 7 0 0 2 7 2 8 2 7 2 7 2 7 1 7 1 7 1 7 1 7 1 7 1 7 0 7 0 7 0 7 0 6 0 6 -1 6 -1 6 -1 5 -1 5 -1 5 -1 5 -2 5 -2 5 -2 4 -2 4 0 0 0 0 0 0 0 0 0 0 ]
CSI_DATA,AP,10:B4:1D:CC:60:E0,-27,11,1,7,1,1,1,1,0,0,1,-92,0,6,2,16184246,0,68,0,0,15.8936,384,[0 0 0 0 0 0 0 0 0 0 0 0 2 -11 2 -11 2 -11 2 -11 2 -10 2 -10 2 -10 1 -10 1 -9 1 -9 1 -9 1 -9 1 -9 0 -9 0 -9 0 -8 0 -9 0 -8 0 -9 0 -9 0 -9 -1 -8 -1 -8 -1 -9 -1 -9 -1 -8 0 0 -1 -8 -1 -8 -1 -9 0 -8 0 -9 0 -8 0 -8 0 -8 0 -8 0 -7 0 -7 1 -8 1 -7 1 -7 1 -6 1 -6 1 -6 1 -6 1 -6 1 -6 2 -5 2 -5 2 -5 2 -5 2 -4 2 -4 0 0 0 0 0 0 0 0 0 0 ]
CSI_DATA,AP,10:B4:1D:CC:60:E0,-27,11,1,7,1,1,1,1,0,0,1,-92,0,6,2,16274088,0,68,0,0,15.9835,384,[0 0 0 0 0 0 0 0 0 0 0 0 -5 10 -5 9 -5 10 -5 9 -4 9 -4 9 -4 9 -4 8 -4 8 -4 8 -3 8 -3 8 -3 8 -3 8 -3 8 -2 8 -2 7 -2 8 -2 8 -2 8 -2 8 -2 8 -2 7 -2 8 -2 8 -2 7 0 0 -2 7 -2 8 -2 8 -2 7 -2 8 -2 7 -3 7 -3 7 -3 7 -3 6 -3 6 -3 6 -3 6 -3 6 -3 5 -3 5 -4 5 -3 5 -3 4 -3 4 -4 4 -4 4 -4 4 -4 3 -4 3 -4 3 0 0 0 0 0 0 0 0 0 0 ]
CSI_DATA,AP,10:B4:1D:CC:60:E0,-26,11,1,7,1,1,1,1,0,0,1,-92,0,6,2,16364083,0,68,0,0,16.0735,384,[0 0 0 0 0 0 0 0 0 0 0 0 9 4 9 5 9 5 9 5 8 4 8 4 8 4 8 4 8 4 8 3 8 3 8 3 8 3 7 2 7 3 8 2 7 2 7 2 7 2 7 2 7 2 7 2 7 1 7 1 7 1 7 1 0 0 7 1 7 1 7 1 7 1 7 2 7 2 7 2 6 2 7 2 6 2 6 2 6 2 6 2 5 2 5 2 5 3 5 3 5 3 4 3 4 3 4 3 3 3 3 3 3 3 3 3 3 3 0 0 0 0 0 0 0 0 0 0 ]
CSI_DATA,AP,10:B4:1D:CC:60:E0,-28,11,1,7,1,1,1,1,0,0,1,-92,0,6,2,16454105,0,68,0,0,16.1635,384,[0 0 0 0 0 0 0 0 0 0 0 0 -3 -11 -3 -11 -3 -11 -3 -11 -3 -11 -3 -10 -3 -10 -3 -10 -3 -10 -3 -10 -3 -9 -4 -9 -4 -9 -4 -9 -4 -8 -4 -8 -4 -8 -4 -8 -4 -8 -4 -8 -4 -8 -4 -8 -5 -7 -5 -8 -5 -7 -5 -7 0 0 -5 -7 -5 -8 -5 -7 -5 -7 -4 -7 -4 -7 -4 -7 -4 -7 -4 -7 -4 -7 -4 -7 -3 -7 -3 -7 -2 -7 -3 -7 -2 -6 -2 -6 -2 -6 -2 -6 -2 -6 -2 -6 -1 -6 -1 -6 -1 -5 -1 -5 0 -5 0 0 0 0 0 0 0 0 0 0 ]
CSI_DATA,AP,10:B4:1D:CC:60:E0,-27,11,1,7,1,1,1,1,0,0,1,-92,0,6,2,16545323,0,68,0,0,16.2547,384,[0 0 0 0 0 0 0 0 0 0 0 0 -6 9 -6 9 -6 9 -6 9 -6 9 -5 9 -5 8 -5 8 -5 8 -5 8 -5 8 -4 8 -4 8 -4 8 -4 8 -4 8 -3 8 -3 8 -3 8 -3 8 -3 8 -3 8 -2 8 -2 8 -2 8 -3 8 0 0 -3 8 -2 8 -3 8 -3 7 -3 8 -3 8 -3 7 -3 7 -3 7 -3 7 -3 6 -3 7 -4 6 -4 6 -4 5 -4 5 -4 5 -4 5 -4 5 -4 4 -4 4 -4 4 -4 4 -4 3 -4 3 -4 3 0 0 0 0 0 0 0 0 0 0 ]
CSI_DATA,AP,10:B4:1D:CC:60:E0,-29,11,1,7,1,1,1,1,0,0,1,-92,0,6,2,16634195,0,68,0,0,16.3436,384,[0 0 0 0 0 0 0 0 0 0 0 0 10 -7 9 -6 9 -7 9 -6 9 -7 9 -6 8 -6 8 -6 8 -6 7 -6 7 -6 7 -6 7 -6 6 -7 6 -7 6 -7 6 -7 6 -7 5 -7 6 -7 6 -7 5 -7 6 -7 5 -7 5 -7 5 -7 0 0 5 -7 5 -7 5 -7 5 -7 5 -7 5 -7 5 -7 5 -6 6 -6 6 -6 5 -5 5 -5 5 -5 5 -5 5 -4 5 -4 5 -4 5 -4 5 -3 5 -3 5 -3 5 -3 5 -3 5 -2 5 -2 4 -1 0 0 0 0 0 0 0 0 0 0 ]
CSI_DATA,AP,10:B4:1D:CC:60:E0,-29,11,1,7,1,1,1,1,0,0,1,-92,0,6,2,16724318,0,68,0,0,16.4337,384,[0 0 0 0 0 0 0 0 0 0 0 0 6 8 6 8 6 8 6 8 6 8 6 8 6 7 6 7 6 7 6 7 6 6 6 6 6 6 6 6 6 6 6 6 6 5 6 5 6 5 6 5 6 5 6 5 6 5 6 5 6 5 6 4 0 0 6 5 6 5 6 5 6 5 6 5 6 5 5 6 5 5 5 5 5 5 5 5 4 5 4 5 4 5 4 5 3 5 3 5 3 5 2 4 2 5 2 5 2 5 1 5 1 4 1 4 1 4 0 0 0 0 0 0 0 0 0 0 ]
CSI_DATA,AP,10:B4:1D:CC:60:E0,-29,11,1,7,1,1,1,1,0,0,1,-92,0,6,2,16814243,0,68,0,0,16.5236,384,[0 0 0 0 0 0 0 0 0 0 0 0 -10 -7 -10 -7 -10 -7 -9 -7 -9 -6 -9 -6 -9 -6 -9 -6 -9 -6 -8 -6 -9 -5 -9 -5 -9 -5 -9 -5 -9 -5 -9 -4 -8 -4 -8 -4 -9 -4 -9 -4 -8 -4 -9 -4 -9 -3 -9 -3 -9 -4 -9 -3 0 0 -8 -4 -8 -4 -8 -4 -9 -4 -8 -4 -8 -4 -8 -4 -8 -4 -7 -4 -7 -4 -7 -4 -7 -4 -7 -5 -6 -5 -6 -5 -6 -5 -5 -5 -5 -5 -5 -5 -5 -5 -5 -5 -4 -5 -4 -5 -4 -5 -3 -5 -3 -5 0 0 0 0 0 0 0 0 0 0 ]
CSI_DATA,AP,10:B4:1D:CC:60:E0,-29,11,1,7,1,1,1,1,0,0,1,-92,0,6,2,16905761,0,68,0,0,16.6151,384,[0 0 0 0 0 0 0 0 0 0 0 0 9 -8 9 -7 8 -8 8 -7 8 -7 8 -7 8 -7 7 -7 7 -7 7 -7 7 -7 7 -7 6 -7 6 -7 6 -7 6 -7 6 -7 6 -8 5 -7 5 -7 5 -7 5 -7 5 -7 5 -8 5 -7 5 -7 0 0 5 -7 5 -7 5 -7 5 -7 5 -7 5 -7 5 -7 5 -7 5 -6 5 -6 5 -6 5 -6 5 -6 5 -5 5 -5 5 -4 5 -4 5 -4 5 -4 5 -3 5 -3 5 -3 5 -3 5 -3 5 -2 5 -2 0 0 0 0 0 0 0 0 0 0 ]
CSI_DATA,AP,10:B4:1D:CC:60:E0,-29,11,1,7,1,1,1,1,0,0,1,-92,0,6,2,16994180,0,68,0,0,16.7036,384,[0 0 0 0 0 0 0 0 0 0 0 0 11 -3 11 -3 10 -3 10 -3 10 -3 10 -3 10 -3 9 -3 9 -3 9 -4 9 -4 8 -4 8 -4 8 -4 8 -4 8 -4 8 -4 8 -4 7 -4 7 -4 7 -4 7 -4 7 -5 7 -5 7 -5 7 -5 0 0 7 -5 7 -5 7 -5 7 -4 7 -4 7 -4 7 -4 7 -4 8 -3 7 -3 7 -3 7 -3 7 -3 7 -3 7 -2 6 -2 6 -2 6 -2 6 -1 6 -1 6 -1 6 -1 5 -1 5 0 5 0 5 1 0 0 0 0 0 0 0 0 0 0 ]

