--- Warning: GDB cannot open serial ports accessed as COMx
--- Using \\.\COM5 instead...
--- esp-idf-monitor 1.9.0 on \\.\COM5 115200
--- Quit: Ctrl+] | Menu: Ctrl+T | Help: Ctrl+T followed by Ctrl+H
Executing action: monitor
Running idf_monitor in directory C:\ESP32-CSI-Tool\active_ap
Executing "C:\Espressif\python_env\idf5.5_py3.11_env\Scripts\python.exe C:\Espressif\frameworks\esp-idf-v5.5.4-3\tools/idf_monitor.py -p COM5 -b 115200 --toolchain-prefix xtensa-esp32s3-elf- --target esp32s3 --revision 0 C:\ESP32-CSI-Tool\active_ap\build\active-ap.elf C:\ESP32-CSI-Tool\active_ap\build\bootloader\bootloader.elf --force-color -m 'C:\Espressif\python_env\idf5.5_py3.11_env\Scripts\python.exe' 'C:\Espressif\frameworks\esp-idf-v5.5.4-3\tools\idf.py' '-p' 'COM5'"...
ESP-ROM:esp32s3-20210327
Build:Mar 27 2021
rst:0x1 (POWERON),boot:0x8 (SPI_FAST_FLASH_BOOT)
SPIWP:0xee
mode:DIO, clock div:1
load:0x3fce2820,len:0x14f0
load:0x403c8700,len:0xd24
--- 0x403c8700: _stext at ??:?
load:0x403cb700,len:0x2ef0
entry 0x403c8924
--- 0x403c8924: call_start_cpu0 at C:/Espressif/frameworks/esp-idf-v5.5.4-3/components/bootloader/subproject/main/bootloader_start.c:27
I (24) boot: ESP-IDF v5.5.4 2nd stage bootloader
I (25) boot: compile time Jun 25 2026 19:04:14
I (25) boot: Multicore bootloader
I (25) boot: chip revision: v0.2
I (28) boot: efuse block revision: v1.3
I (31) boot.esp32s3: Boot SPI Speed : 80MHz
I (35) boot.esp32s3: SPI Mode       : DIO
I (39) boot.esp32s3: SPI Flash Size : 2MB
I (43) boot: Enabling RNG early entropy source...
I (47) boot: Partition Table:
I (50) boot: ## Label            Usage          Type ST Offset   Length
I (56) boot:  0 nvs              WiFi data        01 02 00009000 00006000
I (63) boot:  1 phy_init         RF data          01 01 0000f000 00001000
I (69) boot:  2 factory          factory app      00 00 00010000 00100000
I (76) boot: End of partition table
I (79) esp_image: segment 0: paddr=00010020 vaddr=3c0c0020 size=1e414h (123924) map
I (108) esp_image: segment 1: paddr=0002e43c vaddr=3fc9a400 size=01bdch (  7132) load
I (110) esp_image: segment 2: paddr=00030020 vaddr=42000020 size=b082ch (722988) map
I (239) esp_image: segment 3: paddr=000e0854 vaddr=3fc9bfdc size=03320h ( 13088) load
I (242) esp_image: segment 4: paddr=000e3b7c vaddr=40374000 size=1631ch ( 90908) load
I (263) esp_image: segment 5: paddr=000f9ea0 vaddr=50000000 size=00020h (    32) load
I (272) boot: Loaded app from partition at offset 0x10000
I (272) boot: Disabling RNG early entropy source...
I (282) cpu_start: Multicore app
I (291) cpu_start: GPIO 44 and 43 are used as console UART I/O pins
I (292) cpu_start: Pro cpu start user code
I (292) cpu_start: cpu freq: 160000000 Hz
I (293) app_init: Application information:
I (297) app_init: Project name:     active-ap
I (301) app_init: App version:      cce5b1a-dirty
I (305) app_init: Compile time:     Jul  2 2026 19:28:44
I (311) app_init: ELF file SHA256:  509764614...
I (315) app_init: ESP-IDF:          v5.5.4
I (319) efuse_init: Min chip rev:     v0.0
I (322) efuse_init: Max chip rev:     v0.99 
I (326) efuse_init: Chip rev:         v0.2
I (330) heap_init: Initializing. RAM available for dynamic allocation:
I (337) heap_init: At 3FCA4190 len 00045580 (277 KiB): RAM
I (342) heap_init: At 3FCE9710 len 00005724 (21 KiB): RAM
I (347) heap_init: At 3FCF0000 len 00008000 (32 KiB): DRAM
I (352) heap_init: At 600FE000 len 00001FE8 (7 KiB): RTCRAM
I (359) spi_flash: detected chip: generic
I (361) spi_flash: flash io: dio
W (364) spi_flash: Detected size(16384k) larger than the size in the binary image header(2048k). Using the size in the binary image header.
I (377) sleep_gpio: Configure to isolate all GPIO pins in sleep state
I (383) sleep_gpio: Enable automatic switching of GPIO sleep configuration
I (390) main_task: Started on CPU0
I (410) main_task: Calling app_main()








-----------------------
ESP32 CSI Tool Settings
-----------------------
PROJECT_NAME: ACTIVE_AP
CONFIG_ESPTOOLPY_MONITOR_BAUD: 115200
CONFIG_ESP_CONSOLE_UART_BAUDRATE: 115200
IDF_VER: v5.5.4
-----------------------
WIFI_CHANNEL: 6
ESP_WIFI_SSID: testopen
ESP_WIFI_PASSWORD: 
SHOULD_COLLECT_CSI: 1
SHOULD_COLLECT_ONLY_LLTF: 1
SEND_CSI_TO_SERIAL: 1
SEND_CSI_TO_SD: 0
-----------------------








I (460) pp: pp rom version: e7ae62f
I (460) net80211: net80211 rom version: e7ae62f
I (470) wifi:wifi driver task: 3fced484, prio:23, stack:6656, core=0
I (470) wifi:wifi firmware version: 0947e8b
I (470) wifi:wifi certification version: v7.0
I (470) wifi:config NVS flash: enabled
I (470) wifi:config nano formatting: disabled
I (480) wifi:Init data frame dynamic rx buffer num: 32
I (480) wifi:Init static rx mgmt buffer num: 5
I (490) wifi:Init management short buffer num: 32
I (490) wifi:Init dynamic tx buffer num: 32
I (500) wifi:Init static tx FG buffer num: 2
I (500) wifi:Init static rx buffer size: 2212
I (500) wifi:Init static rx buffer num: 10
I (510) wifi:Init dynamic rx buffer num: 32
I (510) wifi_init: rx ba win: 6
I (510) wifi_init: accept mbox: 6
I (520) wifi_init: tcpip mbox: 32
I (520) wifi_init: udp mbox: 6
I (520) wifi_init: tcp mbox: 6
I (530) wifi_init: tcp tx win: 5760
I (530) wifi_init: tcp rx win: 5760
I (530) wifi_init: tcp mss: 1440
I (540) wifi_init: WiFi IRAM OP enabled
I (540) wifi_init: WiFi RX IRAM OP enabled
W (550) wifi:Affected by the ESP-NOW encrypt num, set the max connection num to 10
I (550) phy_init: phy_version 711,97bcf0a2,Aug 25 2025,19:04:10
I (610) wifi:mode : softAP (10:b4:1d:cc:60:ad)
I (610) wifi:Total power save buffer number: 16
I (610) wifi:Init max length of beacon: 752/752
I (610) wifi:Init max length of beacon: 752/752
I (620) wifi:Set ps type: 0, coexist: 0
I (620) esp_netif_lwip: DHCP server started on interface WIFI_AP_DEF with IP: 192.168.4.1

I (630) Active CSI collection (AP): softap_init finished. SSID:testopen password:
type,role,mac,rssi,rate,sig_mode,mcs,bandwidth,smoothing,not_sounding,aggregation,stbc,fec_coding,sgi,noise_floor,ampdu_cnt,channel,secondary_channel,local_timestamp,ant,sig_len,rx_state,real_time_set,real_timestamp,len,CSI_DATA
I (660) main_task: Returned from app_main()
I (3110) wifi:new:<6,2>, old:<6,2>, ap:<6,2>, sta:<255,255>, prof:6, snd_ch_cfg:0x0
I (3110) wifi:station: 10:b4:1d:cc:60:e0 join, AID=1, bgn, 40D
I (3110) Active CSI collection (AP): station join, AID=1
CSI_DATA,AP,00:00:00:00:00:00,-30,11,0,0,0,0,0,0,0,0,0,-92,0,6,2,3109956,0,14,0,0,2.82079,128,[0 0 0 0 0 0 0 0 0 0 0 0 -6 -15 -6 -14 -6 -14 -6 -14 -6 -14 -6 -13 -6 -13 -6 -13 -6 -13 -7 -12 -7 -12 -7 -12 -8 -12 -8 -11 -8 -11 -8 -11 -8 -11 -8 -11 -8 -11 -8 -11 -9 -10 -9 -11 -9 -10 -9 -10 -10 -10 -10 -11 0 0 -10 -11 -10 -11 -9 -11 -9 -11 -9 -11 -9 -11 -9 -11 -9 -11 -8 -12 -8 -11 -8 -11 -7 -11 -7 -11 -7 -11 -6 -11 -6 -11 -5 -10 -5 -10 -5 -10 -4 -10 -4 -10 -3 -10 -3 -9 -3 -9 -2 -9 -2 -9 0 0 0 0 0 0 0 0 0 0 ]
CSI_DATA,AP,10:B4:1D:CC:60:E0,-30,11,0,0,0,0,0,0,0,0,0,-92,0,6,2,3136717,0,374,0,0,2.86788,128,[0 0 0 0 0 0 0 0 0 0 0 0 3 15 3 14 3 15 4 14 4 14 4 14 4 14 4 13 4 13 4 13 5 13 5 12 5 12 5 12 5 12 5 12 6 11 6 11 6 11 6 11 6 11 7 11 7 11 7 11 7 11 7 11 0 0 7 12 7 11 7 11 7 12 7 12 6 12 6 12 5 12 5 12 5 12 5 12 4 12 4 11 4 11 3 11 3 11 2 10 2 10 2 10 1 10 1 10 1 10 0 9 0 9 -1 9 -1 8 0 0 0 0 0 0 0 0 0 0 ]
CSI_DATA,AP,00:00:00:00:00:00,-30,11,0,0,0,0,0,0,0,0,0,-92,0,6,2,3201809,0,14,0,0,2.91124,128,[0 0 0 0 0 0 0 0 0 0 0 0 -4 14 -4 14 -3 14 -3 14 -3 14 -3 13 -3 13 -2 13 -2 13 -2 13 -1 13 -1 13 -1 13 -1 13 0 13 0 12 0 12 0 12 1 12 1 12 1 12 1 12 1 12 2 12 2 13 2 13 0 0 2 13 1 13 1 13 1 13 1 13 1 13 0 13 0 13 0 13 0 13 -1 12 -1 12 -2 12 -1 11 -2 11 -2 11 -2 10 -2 10 -3 10 -3 9 -3 9 -3 9 -3 8 -4 8 -4 7 -4 7 0 0 0 0 0 0 0 0 0 0 ]
CSI_DATA,AP,10:B4:1D:CC:60:E0,-30,11,0,0,0,0,0,0,0,0,0,-92,0,6,2,3203365,0,374,0,0,2.94029,128,[0 0 0 0 0 0 0 0 0 0 0 0 -16 -3 -16 -2 -16 -2 -15 -2 -15 -2 -15 -2 -15 -1 -15 -1 -14 -1 -14 0 -14 0 -14 0 -14 0 -14 0 -14 1 -14 1 -14 1 -14 1 -14 1 -14 2 -14 2 -14 2 -14 2 -14 2 -14 2 -14 3 0 0 -14 3 -14 2 -14 2 -14 2 -15 2 -14 2 -15 2 -14 1 -14 1 -14 0 -14 0 -13 0 -13 -1 -13 -1 -12 -1 -12 -1 -12 -2 -11 -2 -11 -2 -11 -2 -11 -2 -10 -3 -10 -3 -9 -4 -9 -4 -9 -4 0 0 0 0 0 0 0 0 0 0 ]
I (3270) esp_netif_lwip: DHCP server assigned IP to a client, IP is: 192.168.4.2
CSI_DATA,AP,00:00:00:00:00:00,-30,11,0,0,0,0,0,0,0,0,0,-92,0,6,2,3278914,0,14,0,0,2.98847,128,[0 0 0 0 0 0 0 0 0 0 0 0 7 -14 8 -14 7 -14 7 -14 7 -14 6 -14 6 -14 6 -14 6 -13 5 -13 5 -13 4 -14 4 -14 4 -14 4 -13 3 -13 3 -14 3 -14 3 -14 3 -14 2 -14 2 -14 2 -14 2 -14 2 -15 2 -15 0 0 2 -15 2 -14 2 -14 3 -14 3 -14 3 -14 4 -14 4 -14 4 -14 4 -13 4 -13 4 -13 4 -12 5 -12 5 -11 5 -11 5 -10 5 -10 5 -10 5 -9 5 -9 6 -9 5 -8 6 -8 6 -7 6 -7 0 0 0 0 0 0 0 0 0 0 ]
CSI_DATA,AP,10:B4:1D:CC:60:E0,-30,11,0,0,0,0,0,0,0,0,0,-92,0,6,2,3280848,0,66,0,0,3.02808,128,[0 0 0 0 0 0 0 0 0 0 0 0 -15 7 -15 7 -14 7 -14 7 -14 7 -13 7 -13 8 -13 8 -12 8 -12 8 -12 8 -12 8 -11 8 -12 8 -11 8 -11 9 -10 9 -10 9 -10 9 -10 10 -10 10 -9 10 -10 10 -10 10 -10 10 -10 10 0 0 -10 11 -10 11 -10 10 -10 11 -10 10 -10 10 -11 10 -11 10 -11 9 -11 9 -11 8 -11 8 -11 7 -10 7 -11 7 -10 6 -10 6 -10 5 -10 5 -10 5 -10 4 -10 4 -10 3 -10 3 -10 2 -9 1 0 0 0 0 0 0 0 0 0 0 ]
CSI_DATA,AP,10:B4:1D:CC:60:E0,-32,11,0,0,0,0,0,0,0,0,0,-92,0,6,2,3731810,0,66,0,0,3.44131,128,[0 0 0 0 0 0 0 0 0 0 0 0 -14 5 -14 6 -14 6 -13 6 -14 6 -13 6 -13 6 -13 6 -13 6 -12 6 -12 6 -12 6 -11 7 -11 7 -11 7 -11 8 -10 7 -11 8 -10 8 -10 8 -10 8 -10 8 -10 9 -10 9 -10 9 -11 9 0 0 -11 9 -11 9 -10 9 -11 9 -11 8 -12 8 -12 8 -12 8 -12 8 -12 7 -11 7 -11 6 -11 6 -11 5 -11 5 -10 5 -11 4 -11 4 -11 4 -10 3 -10 3 -10 2 -10 2 -10 2 -10 1 -10 1 0 0 0 0 0 0 0 0 0 0 ]
CSI_DATA,AP,10:B4:1D:CC:60:E0,-33,11,0,0,0,0,0,0,0,0,0,-92,0,6,2,3771733,0,66,0,0,3.4812,128,[0 0 0 0 0 0 0 0 0 0 0 0 9 -12 9 -12 8 -12 8 -12 8 -12 8 -12 7 -12 7 -12 7 -12 6 -12 7 -12 6 -12 6 -12 5 -12 5 -12 5 -12 4 -13 4 -12 4 -13 4 -13 3 -13 3 -13 3 -13 4 -13 3 -14 3 -14 0 0 3 -14 3 -14 4 -14 4 -14 4 -14 4 -14 4 -14 4 -13 4 -13 5 -13 5 -12 6 -12 5 -11 6 -11 5 -11 6 -11 5 -10 6 -10 5 -9 6 -9 6 -9 6 -8 6 -8 6 -7 7 -7 7 -6 0 0 0 0 0 0 0 0 0 0 ]
CSI_DATA,AP,10:B4:1D:CC:60:E0,-33,11,0,0,0,0,0,0,0,0,0,-92,0,6,2,4648069,0,66,0,0,4.35756,128,[0 0 0 0 0 0 0 0 0 0 0 0 3 15 3 15 3 14 3 14 3 14 4 14 4 13 4 13 4 13 5 13 5 12 5 12 5 12 5 12 5 12 5 11 6 12 6 11 6 11 6 11 6 11 7 11 7 11 7 11 8 11 8 12 0 0 7 12 7 11 7 12 7 11 7 12 7 12 6 12 6 12 6 12 5 12 5 12 5 12 4 12 4 11 3 11 3 11 3 11 2 11 2 10 1 10 1 10 1 10 1 10 0 9 -1 9 -1 9 0 0 0 0 0 0 0 0 0 0 ]
CSI_DATA,AP,00:00:00:00:00:00,-34,9,0,0,0,0,0,0,0,0,0,-92,0,6,2,4675923,0,14,0,0,4.38537,128,[0 0 0 0 0 0 0 0 0 0 0 0 7 -13 7 -13 7 -13 7 -13 6 -13 6 -13 6 -13 6 -13 5 -13 5 -13 5 -13 5 -13 4 -13 4 -13 3 -13 3 -13 3 -13 2 -13 2 -13 2 -13 2 -13 2 -13 2 -14 1 -13 2 -14 1 -14 0 0 2 -14 1 -14 2 -14 2 -14 2 -14 2 -14 3 -14 3 -14 3 -14 3 -13 3 -13 3 -12 4 -13 4 -12 4 -11 4 -11 4 -11 4 -10 4 -10 5 -10 5 -9 5 -9 5 -8 5 -8 5 -8 6 -8 0 0 0 0 0 0 0 0 0 0 ]
CSI_DATA,AP,00:00:00:00:00:00,-33,11,0,0,0,0,0,0,0,0,0,-92,0,6,2,4676107,0,14,0,0,4.42284,128,[0 0 0 0 0 0 0 0 0 0 0 0 14 4 14 4 14 3 14 3 14 3 13 3 13 2 13 2 13 2 13 1 13 1 13 1 13 1 13 1 12 0 13 0 12 -1 13 -1 12 -1 13 -2 13 -2 13 -2 13 -2 13 -2 13 -2 13 -2 0 0 13 -2 14 -2 13 -2 14 -2 13 -2 14 -1 14 -2 13 -1 13 -1 13 -1 13 0 13 0 12 0 12 0 12 1 11 1 11 1 10 1 10 1 10 2 10 2 10 2 9 2 9 3 8 3 8 4 0 0 0 0 0 0 0 0 0 0 ]
CSI_DATA,AP,10:B4:1D:CC:60:E0,-33,11,0,0,0,0,0,0,0,0,0,-92,0,6,2,4676852,0,37,0,0,4.45923,128,[0 0 0 0 0 0 0 0 0 0 0 0 6 -14 6 -14 6 -14 5 -14 5 -14 5 -14 4 -14 4 -14 4 -14 4 -14 3 -14 3 -14 3 -14 2 -13 2 -14 2 -13 2 -13 1 -13 1 -14 1 -14 1 -14 0 -14 0 -14 0 -14 0 -14 0 -14 0 0 0 -15 0 -15 0 -15 0 -15 1 -15 1 -15 1 -14 1 -14 2 -14 2 -14 2 -14 2 -13 3 -13 3 -13 3 -12 3 -12 3 -11 3 -11 3 -11 4 -10 4 -10 4 -10 4 -9 5 -9 5 -9 5 -8 0 0 0 0 0 0 0 0 0 0 ]
CSI_DATA,AP,10:B4:1D:CC:60:E0,-38,11,1,7,1,1,1,0,0,0,1,-92,0,6,2,4677087,0,68,0,0,4.49871,384,[0 0 0 0 0 0 0 0 0 0 0 0 -10 -3 -10 -3 -10 -3 -10 -3 -10 -3 -10 -2 -10 -2 -10 -2 -10 -2 -10 -2 -10 -1 -10 -1 -10 -1 -10 -1 -10 -1 -10 0 -10 0 -9 0 -9 0 -9 0 -9 1 -10 1 -10 1 -9 1 -10 1 -10 1 0 0 -10 1 -10 1 -10 1 -10 1 -10 1 -10 1 -10 0 -10 0 -10 0 -10 0 -10 0 -10 0 -9 -1 -9 -1 -9 -1 -9 -1 -8 -1 -8 -1 -8 -2 -8 -1 -8 -2 -7 -2 -7 -2 -7 -3 -7 -3 -6 -3 0 0 0 0 0 0 0 0 0 0 ]
CSI_DATA,AP,10:B4:1D:CC:60:E0,-33,11,0,0,0,0,0,0,0,0,0,-92,0,6,2,4677742,0,37,0,0,4.53926,128,[0 0 0 0 0 0 0 0 0 0 0 0 14 -3 14 -4 13 -4 14 -4 13 -4 13 -4 13 -4 13 -5 12 -5 12 -5 12 -5 12 -6 11 -6 11 -6 11 -6 11 -6 11 -7 10 -7 10 -7 10 -7 10 -7 11 -8 10 -8 10 -8 10 -8 11 -8 0 0 11 -8 11 -9 11 -8 11 -8 11 -8 11 -8 11 -7 11 -7 11 -7 11 -7 11 -6 11 -6 11 -6 11 -5 10 -5 10 -5 10 -4 10 -4 10 -4 9 -3 9 -3 9 -3 9 -2 9 -2 9 -1 9 -1 0 0 0 0 0 0 0 0 0 0 ]
CSI_DATA,AP,10:B4:1D:CC:60:E0,-33,11,0,0,0,0,0,0,0,0,0,-92,0,6,2,4731917,0,66,0,0,4.57844,128,[0 0 0 0 0 0 0 0 0 0 0 0 1 -17 1 -16 1 -16 0 -16 0 -16 0 -15 0 -15 0 -15 -1 -15 -1 -15 -1 -15 -2 -15 -2 -14 -2 -14 -2 -14 -3 -14 -3 -14 -3 -14 -4 -14 -4 -14 -3 -14 -4 -14 -4 -14 -5 -14 -5 -14 -5 -14 0 0 -5 -14 -5 -14 -5 -14 -5 -15 -4 -15 -4 -15 -3 -15 -3 -15 -3 -15 -3 -14 -3 -14 -2 -14 -2 -14 -2 -14 -1 -13 -1 -13 -1 -12 0 -12 0 -12 0 -12 1 -11 1 -11 1 -11 1 -10 2 -10 3 -10 0 0 0 0 0 0 0 0 0 0 ]
CSI_DATA,AP,10:B4:1D:CC:60:E0,-38,11,1,7,1,1,1,0,0,0,1,-92,0,6,2,4747279,0,68,0,0,4.62124,384,[0 0 0 0 0 0 0 0 0 0 0 0 7 6 7 5 7 6 7 6 7 5 7 5 7 5 7 5 7 5 7 4 7 4 7 4 7 4 7 4 7 4 7 3 7 3 7 2 8 2 8 2 8 2 8 2 8 2 8 2 8 2 8 2 0 0 8 2 9 2 9 2 8 2 8 2 9 2 8 3 8 3 8 3 7 3 8 3 7 3 7 3 7 3 7 3 7 3 6 3 6 3 5 3 5 3 5 3 5 4 5 4 4 4 4 4 4 4 0 0 0 0 0 0 0 0 0 0 ]
CSI_DATA,AP,10:B4:1D:CC:60:E0,-38,11,1,7,1,1,1,0,0,0,1,-92,0,6,2,4837146,0,68,0,0,4.65199,384,[0 0 0 0 0 0 0 0 0 0 0 0 -7 -8 -7 -8 -7 -8 -8 -7 -7 -8 -7 -7 -7 -7 -8 -7 -7 -7 -8 -7 -7 -6 -7 -6 -8 -6 -8 -6 -8 -6 -8 -5 -8 -5 -8 -5 -8 -5 -9 -5 -8 -5 -8 -5 -9 -4 -9 -4 -9 -4 -9 -4 0 0 -9 -5 -9 -5 -9 -4 -9 -4 -9 -5 -9 -5 -8 -5 -9 -5 -8 -5 -8 -5 -8 -5 -7 -5 -8 -6 -7 -6 -7 -6 -6 -6 -6 -6 -6 -5 -6 -5 -6 -5 -5 -6 -5 -6 -5 -6 -5 -6 -4 -6 -4 -6 0 0 0 0 0 0 0 0 0 0 ]
CSI_DATA,AP,10:B4:1D:CC:60:E0,-38,11,1,7,1,1,1,0,0,0,1,-92,0,6,2,4927062,0,68,0,0,4.69171,384,[0 0 0 0 0 0 0 0 0 0 0 0 9 -4 9 -4 9 -4 8 -4 8 -4 8 -4 8 -4 8 -4 8 -4 7 -4 8 -5 7 -5 7 -5 7 -5 7 -5 7 -5 6 -5 6 -6 6 -6 6 -6 6 -6 6 -5 6 -6 6 -7 6 -6 6 -7 0 0 7 -7 7 -6 6 -7 7 -7 7 -6 7 -6 7 -6 7 -5 7 -5 7 -5 7 -5 7 -5 7 -5 7 -4 7 -4 6 -3 7 -4 6 -3 6 -3 6 -2 6 -2 6 -2 6 -2 6 -2 6 -1 6 -1 0 0 0 0 0 0 0 0 0 0 ]
CSI_DATA,AP,10:B4:1D:CC:60:E0,-40,11,1,7,1,1,1,0,0,0,1,-92,0,6,2,5017070,0,68,0,0,4.72898,384,[0 0 0 0 0 0 0 0 0 0 0 0 -6 7 -6 7 -6 7 -6 7 -6 7 -6 7 -6 7 -5 7 -5 7 -5 7 -5 7 -5 7 -4 7 -4 7 -4 7 -4 7 -4 7 -3 7 -3 7 -3 7 -3 8 -3 7 -3 8 -3 8 -3 8 -3 8 0 0 -3 8 -3 8 -3 8 -3 8 -3 8 -3 8 -4 8 -4 8 -4 7 -4 7 -4 7 -4 7 -4 7 -4 7 -4 6 -4 6 -5 6 -4 6 -5 5 -4 5 -5 5 -5 5 -5 5 -5 4 -5 4 -5 3 0 0 0 0 0 0 0 0 0 0 ]
CSI_DATA,AP,00:00:00:00:00:00,-33,11,0,0,0,0,0,0,0,0,0,-92,0,6,2,5053330,0,14,0,0,4.76346,128,[0 0 0 0 0 0 0 0 0 0 0 0 2 15 2 15 2 14 2 14 2 14 2 13 2 13 3 13 3 13 3 12 3 13 4 12 4 12 4 11 4 12 4 12 5 11 5 11 5 12 5 11 6 11 6 11 6 11 6 11 6 11 6 12 0 0 6 12 6 12 6 12 6 12 6 12 5 12 5 12 5 12 4 12 5 12 4 12 3 12 3 12 3 11 2 11 2 11 2 11 2 11 1 10 1 10 0 10 0 10 0 9 -1 9 -1 9 -2 9 0 0 0 0 0 0 0 0 0 0 ]
I (5090) wifi:<ba-add>idx:2 (ifx:1, 10:b4:1d:cc:60:e0), tid:0, ssn:0, winSize:64
CSI_DATA,AP,10:B4:1D:CC:60:E0,-38,11,1,7,1,1,1,1,0,0,1,-92,0,6,2,5107272,0,68,0,0,4.81671,384,[0 0 0 0 0 0 0 0 0 0 0 0 -10 0 -10 0 -10 0 -10 0 -10 1 -10 1 -10 1 -9 1 -9 1 -9 2 -9 1 -9 2 -9 2 -9 2 -9 2 -9 2 -9 2 -8 3 -8 3 -8 3 -8 3 -9 3 -8 3 -8 4 -8 4 -8 4 0 0 -9 4 -8 4 -9 4 -9 3 -9 3 -9 3 -9 3 -9 3 -9 2 -9 3 -8 2 -9 2 -8 2 -8 2 -8 1 -8 1 -8 1 -8 1 -8 1 -7 0 -7 0 -7 0 -7 0 -7 -1 -7 -1 -6 -1 0 0 0 0 0 0 0 0 0 0 ]
CSI_DATA,AP,10:B4:1D:CC:60:E0,-38,11,1,7,1,1,1,1,0,0,1,-92,0,6,2,5197258,0,68,0,0,4.90668,384,[0 0 0 0 0 0 0 0 0 0 0 0 9 -5 8 -5 9 -5 8 -5 8 -5 8 -5 8 -5 8 -5 7 -5 7 -5 7 -6 7 -5 7 -6 7 -6 6 -6 7 -6 6 -6 6 -6 6 -7 6 -7 6 -6 6 -7 6 -7 6 -7 6 -7 6 -7 0 0 6 -7 6 -7 6 -7 6 -8 6 -7 7 -7 6 -7 6 -7 6 -6 7 -6 6 -6 7 -6 6 -5 6 -5 7 -5 6 -4 6 -4 6 -4 6 -4 6 -3 6 -3 6 -3 6 -3 6 -3 5 -2 6 -2 0 0 0 0 0 0 0 0 0 0 ]
CSI_DATA,AP,10:B4:1D:CC:60:E0,-38,11,1,7,1,1,1,1,0,0,1,-92,0,6,2,5287282,0,68,0,0,4.9967,384,[0 0 0 0 0 0 0 0 0 0 0 0 -6 7 -6 7 -5 8 -5 8 -5 7 -5 7 -5 7 -5 7 -5 7 -4 7 -5 7 -4 7 -4 7 -4 8 -4 7 -4 7 -3 7 -3 8 -3 8 -3 8 -3 8 -3 8 -3 8 -2 8 -2 8 -2 8 0 0 -3 8 -3 8 -2 8 -3 8 -3 8 -3 8 -3 8 -4 8 -4 8 -4 7 -4 7 -3 7 -4 7 -4 7 -4 6 -4 6 -4 6 -4 6 -4 5 -5 5 -5 5 -5 5 -5 4 -5 4 -5 4 -5 3 0 0 0 0 0 0 0 0 0 0 ]
CSI_DATA,AP,10:B4:1D:CC:60:E0,-39,11,1,7,1,1,1,1,0,0,1,-92,0,6,2,5377310,0,68,0,0,5.08673,384,[0 0 0 0 0 0 0 0 0 0 0 0 -10 -1 -10 -1 -10 -1 -10 -1 -10 -1 -10 -1 -10 -1 -10 -1 -10 0 -10 0 -9 0 -9 0 -9 0 -9 1 -9 1 -9 1 -9 1 -9 2 -8 1 -9 2 -9 2 -9 2 -9 3 -9 2 -9 2 -8 2 0 0 -9 3 -9 2 -9 3 -9 2 -9 2 -9 2 -9 2 -9 2 -9 1 -9 1 -9 1 -9 1 -9 1 -9 0 -8 1 -8 0 -8 0 -8 0 -7 -1 -8 0 -7 -1 -7 -1 -7 -1 -7 -1 -7 -1 -6 -2 0 0 0 0 0 0 0 0 0 0 ]
CSI_DATA,AP,10:B4:1D:CC:60:E0,-40,11,1,7,1,1,1,1,0,0,1,-92,0,6,2,5467391,0,68,0,0,5.17683,384,[0 0 0 0 0 0 0 0 0 0 0 0 9 -4 9 -4 8 -4 8 -4 8 -4 8 -4 8 -4 8 -4 8 -4 7 -4 7 -5 7 -5 7 -5 7 -5 7 -5 6 -5 6 -5 6 -5 6 -6 6 -6 6 -6 6 -6 6 -6 6 -7 6 -7 6 -7 0 0 6 -7 6 -7 6 -7 6 -6 6 -7 7 -6 7 -6 7 -6 7 -5 7 -5 6 -5 6 -5 6 -5 7 -5 6 -4 6 -4 6 -4 6 -4 6 -3 6 -3 6 -3 6 -3 6 -2 6 -2 6 -2 5 -1 0 0 0 0 0 0 0 0 0 0 ]
CSI_DATA,AP,10:B4:1D:CC:60:E0,-38,11,1,7,1,1,1,1,0,0,1,-92,0,6,2,5557386,0,68,0,0,5.2668,384,[0 0 0 0 0 0 0 0 0 0 0 0 -5 -9 -5 -9 -5 -9 -5 -9 -5 -9 -5 -8 -5 -8 -5 -8 -5 -8 -5 -8 -5 -7 -6 -7 -6 -7 -6 -7 -6 -7 -6 -7 -6 -6 -6 -6 -7 -6 -6 -6 -6 -6 -7 -6 -7 -6 -7 -6 -7 -6 -7 -6 0 0 -7 -6 -7 -6 -7 -6 -7 -6 -7 -6 -7 -7 -7 -7 -7 -7 -6 -7 -6 -7 -6 -7 -6 -7 -6 -7 -5 -7 -5 -7 -5 -6 -4 -6 -4 -6 -4 -6 -4 -6 -3 -6 -3 -6 -3 -6 -3 -6 -3 -6 -2 -6 0 0 0 0 0 0 0 0 0 0 ]
CSI_DATA,AP,10:B4:1D:CC:60:E0,-40,11,1,7,1,1,1,1,0,0,1,-92,0,6,2,5647286,0,68,0,0,5.35671,384,[0 0 0 0 0 0 0 0 0 0 0 0 1 9 1 9 1 9 1 9 1 9 1 9 1 9 1 9 1 8 1 8 2 8 2 8 2 8 2 8 2 8 3 8 3 7 3 8 3 7 3 7 3 7 3 7 4 7 4 7 4 7 4 7 0 0 4 8 4 8 4 8 4 8 3 8 3 8 3 8 3 8 3 8 2 8 2 8 2 8 2 8 1 7 1 7 1 7 1 7 1 7 0 7 0 6 0 6 0 6 -1 6 -1 6 -1 6 -1 6 0 0 0 0 0 0 0 0 0 0 ]
CSI_DATA,AP,10:B4:1D:CC:60:E0,-33,11,0,0,0,0,0,0,0,0,0,-92,0,6,2,5733281,0,66,0,0,5.44276,128,[0 0 0 0 0 0 0 0 0 0 0 0 9 -13 9 -12 9 -13 8 -13 8 -13 8 -12 7 -12 7 -13 7 -12 7 -12 6 -12 6 -12 6 -13 6 -13 5 -13 5 -13 5 -13 5 -13 4 -13 4 -13 4 -13 4 -13 4 -14 4 -13 4 -14 4 -14 0 0 4 -14 4 -14 4 -14 4 -14 4 -14 4 -14 5 -14 5 -13 5 -13 6 -13 5 -12 6 -12 6 -12 6 -11 6 -11 6 -10 6 -10 6 -10 6 -9 6 -9 6 -8 6 -8 6 -8 7 -7 7 -7 7 -6 0 0 0 0 0 0 0 0 0 0 ]
CSI_DATA,AP,10:B4:1D:CC:60:E0,-38,11,1,7,1,1,1,1,0,0,1,-92,0,6,2,5738450,0,68,0,0,5.47268,384,[0 0 0 0 0 0 0 0 0 0 0 0 -1 9 -1 9 -1 9 -1 10 -1 9 -1 9 -1 9 -1 9 0 9 0 9 0 9 0 9 0 8 1 8 1 9 1 8 1 9 1 8 1 8 2 8 2 8 2 8 2 8 2 8 2 8 2 8 0 0 2 9 2 9 2 9 2 8 2 9 2 9 1 9 1 9 1 8 1 8 1 8 0 8 0 8 0 8 0 8 0 7 -1 7 0 7 -1 6 -1 6 -2 6 -2 6 -2 6 -2 6 -2 6 -3 5 0 0 0 0 0 0 0 0 0 0 ]
CSI_DATA,AP,10:B4:1D:CC:60:E0,-38,11,1,7,1,1,1,1,0,0,1,-92,0,6,2,5827144,0,68,0,0,5.53657,384,[0 0 0 0 0 0 0 0 0 0 0 0 -10 4 -9 4 -9 4 -9 4 -10 4 -9 4 -9 4 -9 4 -8 4 -8 4 -8 4 -8 5 -8 5 -8 5 -7 5 -8 5 -7 5 -7 5 -7 5 -7 5 -7 5 -7 6 -7 6 -7 6 -7 6 -7 7 0 0 -7 6 -7 6 -7 6 -8 6 -7 6 -8 6 -8 6 -8 6 -8 5 -8 5 -8 5 -8 5 -8 4 -8 4 -8 4 -8 3 -7 3 -7 3 -7 3 -7 2 -7 2 -7 2 -7 2 -7 1 -7 1 -7 1 0 0 0 0 0 0 0 0 0 0 ]
CSI_DATA,AP,10:B4:1D:CC:60:E0,-38,11,1,7,1,1,1,1,0,0,1,-92,0,6,2,5917263,0,68,0,0,5.62668,384,[0 0 0 0 0 0 0 0 0 0 0 0 -8 6 -7 7 -7 7 -7 7 -7 7 -7 7 -7 7 -6 7 -6 7 -6 7 -6 7 -6 7 -5 7 -5 7 -5 7 -5 7 -5 7 -4 7 -5 7 -4 7 -4 8 -4 8 -4 8 -4 8 -4 8 -4 8 0 0 -4 8 -4 8 -4 8 -4 8 -5 8 -5 8 -5 8 -5 7 -5 8 -5 7 -5 7 -5 7 -5 7 -5 6 -5 6 -5 6 -5 5 -5 5 -5 5 -5 4 -6 4 -6 4 -6 4 -6 3 -6 3 -6 2 0 0 0 0 0 0 0 0 0 0 ]
CSI_DATA,AP,10:B4:1D:CC:60:E0,-38,11,1,7,1,1,1,1,0,0,1,-92,0,6,2,6007202,0,68,0,0,5.71662,384,[0 0 0 0 0 0 0 0 0 0 0 0 2 9 2 9 2 9 2 8 3 8 3 8 2 8 3 8 3 8 3 7 3 7 3 7 4 7 4 7 4 7 4 6 4 6 4 6 5 6 5 6 5 6 5 6 5 6 5 6 5 6 5 6 0 0 5 7 5 6 5 7 5 6 5 7 5 7 5 7 5 7 4 7 4 6 4 7 4 7 4 7 3 7 3 6 3 6 2 6 2 6 2 6 2 6 2 6 1 6 1 6 1 6 0 6 0 6 0 0 0 0 0 0 0 0 0 0 ]
CSI_DATA,AP,10:B4:1D:CC:60:E0,-40,11,1,7,1,1,1,1,0,0,1,-92,0,6,2,6097471,0,68,0,0,5.80689,384,[0 0 0 0 0 0 0 0 0 0 0 0 6 7 5 7 6 7 6 7 6 7 6 6 6 6 6 6 6 6 6 6 6 6 6 5 6 5 6 5 6 5 7 5 7 5 7 4 7 4 7 4 7 4 7 4 7 4 8 4 8 4 8 4 0 0 8 4 8 4 8 4 8 4 8 5 8 5 7 5 7 5 7 5 7 5 7 5 6 5 6 5 6 5 6 5 5 5 5 6 5 5 5 5 4 5 4 5 4 5 3 6 3 5 3 6 2 5 0 0 0 0 0 0 0 0 0 0 ]
CSI_DATA,AP,10:B4:1D:CC:60:E0,-38,11,1,7,1,1,1,1,0,0,1,-92,0,6,2,6187277,0,68,0,0,5.89669,384,[0 0 0 0 0 0 0 0 0 0 0 0 10 2 10 1 10 1 10 1 10 1 10 1 9 0 9 1 10 1 9 0 9 0 9 0 9 0 9 -1 9 -1 9 -1 9 -1 9 -2 9 -2 9 -2 9 -2 9 -2 9 -2 9 -2 9 -3 9 -3 0 0 10 -2 9 -2 10 -3 10 -2 10 -2 10 -2 10 -2 10 -2 10 -2 9 -1 10 -1 9 -1 9 0 8 -1 8 0 8 0 8 0 8 0 8 1 7 1 7 1 7 1 6 1 7 1 6 2 6 2 0 0 0 0 0 0 0 0 0 0 ]
CSI_DATA,AP,10:B4:1D:CC:60:E0,-37,11,1,7,1,1,1,1,0,0,1,-92,0,6,2,6277304,0,68,0,0,5.98672,384,[0 0 0 0 0 0 0 0 0 0 0 0 -11 1 -10 2 -10 2 -10 2 -10 2 -10 2 -10 2 -10 2 -9 2 -9 2 -9 2 -9 3 -9 3 -9 3 -9 3 -9 4 -9 4 -8 4 -8 4 -8 4 -8 4 -8 5 -9 5 -8 5 -8 5 -8 5 0 0 -9 5 -9 5 -9 5 -9 5 -9 5 -10 5 -9 4 -9 4 -9 4 -10 3 -9 3 -10 3 -9 2 -9 3 -9 2 -9 2 -9 2 -9 1 -8 1 -8 1 -8 0 -8 0 -8 0 -7 0 -8 -1 -7 -1 0 0 0 0 0 0 0 0 0 0 ]
CSI_DATA,AP,10:B4:1D:CC:60:E0,-36,11,1,7,1,1,1,1,0,0,1,-92,0,6,2,6367357,0,68,0,0,6.07677,384,[0 0 0 0 0 0 0 0 0 0 0 0 4 -10 4 -10 3 -10 3 -10 3 -10 3 -10 3 -10 3 -10 2 -10 2 -10 2 -10 2 -10 1 -10 1 -10 1 -10 1 -10 0 -10 0 -10 -1 -10 -1 -10 -1 -10 -1 -10 -1 -10 -1 -10 -1 -11 -1 -11 0 0 -1 -11 -2 -11 -1 -11 -1 -11 -1 -11 -1 -11 0 -11 0 -11 0 -10 0 -10 0 -10 0 -10 1 -10 1 -10 1 -9 1 -9 1 -9 1 -8 1 -8 1 -8 2 -8 2 -8 2 -7 2 -7 2 -7 3 -6 0 0 0 0 0 0 0 0 0 0 ]
CSI_DATA,AP,10:B4:1D:CC:60:E0,-38,11,1,7,1,1,1,1,0,0,1,-92,0,6,2,6458794,0,68,0,0,6.16821,384,[0 0 0 0 0 0 0 0 0 0 0 0 -6 7 -6 7 -6 7 -6 7 -6 7 -6 7 -5 7 -5 7 -5 7 -5 7 -4 7 -4 8 -4 8 -4 8 -4 8 -4 8 -3 8 -3 8 -3 8 -3 8 -2 8 -2 9 -2 9 -2 9 -2 9 -2 9 0 0 -2 10 -2 10 -2 10 -3 10 -2 10 -3 10 -3 10 -3 9 -4 9 -4 9 -4 9 -4 9 -4 9 -4 8 -4 8 -4 7 -4 7 -4 7 -4 6 -5 6 -5 6 -5 6 -5 6 -5 5 -5 5 -5 4 0 0 0 0 0 0 0 0 0 0 ]
CSI_DATA,AP,10:B4:1D:CC:60:E0,-37,11,1,7,1,1,1,1,0,0,1,-92,0,6,2,6547165,0,68,0,0,6.25657,384,[0 0 0 0 0 0 0 0 0 0 0 0 8 4 8 3 8 3 8 3 8 3 8 3 8 3 8 2 8 2 8 2 8 1 8 1 8 1 8 0 8 1 8 0 8 0 8 0 8 0 8 0 8 -1 9 -1 9 -1 9 -1 9 -2 9 -2 0 0 9 -2 9 -1 9 -2 10 -1 9 -1 9 -1 9 -1 9 0 9 0 9 0 9 0 9 0 9 0 9 0 8 1 8 1 8 1 8 1 7 1 7 2 7 2 7 2 6 2 6 2 6 2 5 3 0 0 0 0 0 0 0 0 0 0 ]
CSI_DATA,AP,10:B4:1D:CC:60:E0,-38,11,1,7,1,1,1,1,0,0,1,-92,0,6,2,6637337,0,68,0,0,6.34676,384,[0 0 0 0 0 0 0 0 0 0 0 0 6 5 7 5 7 5 7 5 7 5 7 4 7 5 6 4 6 4 7 3 7 3 7 3 7 3 8 3 8 3 8 2 8 2 8 2 8 2 8 1 8 2 8 2 9 1 9 1 9 1 9 1 0 0 9 1 10 1 10 2 10 1 10 2 10 2 10 2 10 2 10 3 10 2 10 2 9 3 9 3 9 3 8 3 8 3 8 4 8 4 7 4 6 4 6 4 6 4 6 4 5 4 5 5 5 5 0 0 0 0 0 0 0 0 0 0 ]
CSI_DATA,AP,10:B4:1D:CC:60:E0,-37,11,1,7,1,1,1,1,0,0,1,-92,0,6,2,6727290,0,68,0,0,6.43671,384,[0 0 0 0 0 0 0 0 0 0 0 0 3 9 3 8 3 9 3 8 3 8 4 8 4 8 4 8 4 7 4 7 4 7 5 7 5 7 5 7 5 7 6 6 6 6 6 6 7 6 6 6 6 6 7 6 7 6 7 6 7 6 7 6 0 0 7 6 7 6 7 6 8 6 8 7 7 7 7 7 7 7 7 7 6 7 6 7 6 7 6 7 5 7 5 7 5 7 4 7 4 7 4 6 3 7 3 6 3 6 3 6 2 7 2 6 1 6 0 0 0 0 0 0 0 0 0 0 ]
CSI_DATA,AP,10:B4:1D:CC:60:E0,-31,11,0,0,0,0,0,0,0,0,0,-92,0,6,2,6731747,0,66,0,0,6.45828,128,[0 0 0 0 0 0 0 0 0 0 0 0 5 12 5 11 6 11 6 11 6 11 6 10 6 10 7 10 7 10 7 10 7 9 7 9 7 9 8 9 8 8 9 8 9 8 9 8 9 8 10 7 10 7 10 7 10 7 10 7 10 7 11 7 0 0 11 7 11 8 11 7 11 8 11 8 11 8 11 9 11 9 10 9 10 9 9 9 9 9 8 9 8 9 8 9 7 9 7 9 6 9 6 8 6 9 5 9 5 9 4 9 4 9 3 9 3 9 0 0 0 0 0 0 0 0 0 0 ]
CSI_DATA,AP,10:B4:1D:CC:60:E0,-37,11,1,7,1,1,1,1,0,0,1,-92,0,6,2,6817299,0,68,0,0,6.52673,384,[0 0 0 0 0 0 0 0 0 0 0 0 10 0 9 0 9 0 9 -1 9 -1 9 -1 9 -1 9 -1 9 -1 9 -2 9 -2 8 -2 8 -3 8 -3 8 -3 9 -4 8 -4 8 -4 8 -4 8 -4 8 -4 8 -4 8 -5 8 -6 8 -5 8 -5 0 0 8 -5 9 -6 9 -6 9 -5 9 -5 9 -5 9 -5 9 -5 9 -5 9 -4 9 -4 8 -4 8 -4 8 -3 8 -3 8 -3 8 -3 8 -2 7 -2 7 -2 7 -2 7 -1 7 -1 7 -1 7 -1 6 0 0 0 0 0 0 0 0 0 0 0 ]
CSI_DATA,AP,10:B4:1D:CC:60:E0,-36,11,1,7,1,1,1,1,0,0,1,-92,0,6,2,6907274,0,68,0,0,6.61669,384,[0 0 0 0 0 0 0 0 0 0 0 0 8 4 8 4 8 4 8 4 8 3 8 3 8 3 8 3 8 3 8 2 8 2 8 2 8 2 8 1 8 1 8 1 8 1 8 1 8 0 8 0 8 0 9 0 9 0 9 0 9 0 9 0 0 0 9 0 9 0 10 0 9 0 9 0 9 0 9 1 9 1 9 1 9 1 9 1 8 2 8 2 8 2 8 2 7 3 7 2 7 2 6 3 6 3 6 3 6 3 5 3 5 3 5 4 4 4 0 0 0 0 0 0 0 0 0 0 ]
CSI_DATA,AP,10:B4:1D:CC:60:E0,-37,11,1,7,1,1,1,1,0,0,1,-92,0,6,2,6997196,0,68,0,0,6.70661,384,[0 0 0 0 0 0 0 0 0 0 0 0 -10 1 -10 1 -10 1 -10 1 -10 1 -10 1 -10 2 -9 2 -10 2 -9 2 -9 2 -9 3 -9 2 -8 3 -9 3 -8 3 -8 3 -8 4 -8 4 -8 4 -8 4 -8 4 -8 4 -8 5 -8 5 -8 5 0 0 -9 5 -8 5 -9 5 -9 5 -9 4 -9 4 -9 4 -9 4 -10 3 -9 3 -9 3 -9 3 -9 2 -8 2 -9 2 -8 1 -8 1 -8 1 -8 1 -8 0 -8 0 -8 0 -8 0 -7 -1 -7 -1 -7 -1 0 0 0 0 0 0 0 0 0 0 ]
CSI_DATA,AP,10:B4:1D:CC:60:E0,-37,11,1,7,1,1,1,1,0,0,1,-92,0,6,2,7087189,0,68,0,0,6.7966,384,[0 0 0 0 0 0 0 0 0 0 0 0 -9 -6 -9 -6 -9 -6 -9 -6 -9 -5 -9 -5 -9 -5 -9 -5 -9 -5 -9 -4 -9 -4 -9 -4 -9 -4 -9 -3 -9 -3 -9 -3 -9 -3 -9 -2 -10 -2 -10 -2 -10 -2 -10 -2 -10 -2 -10 -2 -10 -2 -10 -2 0 0 -10 -2 -11 -2 -11 -2 -11 -2 -10 -2 -11 -3 -10 -3 -10 -3 -10 -3 -10 -3 -10 -3 -10 -4 -9 -4 -9 -4 -9 -4 -8 -4 -8 -4 -8 -4 -7 -4 -7 -5 -7 -5 -7 -5 -7 -5 -6 -5 -6 -5 -5 -5 0 0 0 0 0 0 0 0 0 0 ]
CSI_DATA,AP,10:B4:1D:CC:60:E0,-37,11,1,7,1,1,1,1,0,0,1,-92,0,6,2,7177333,0,68,0,0,6.88675,384,[0 0 0 0 0 0 0 0 0 0 0 0 10 -2 9 -2 9 -2 9 -2 9 -2 9 -2 9 -2 9 -2 9 -2 9 -2 8 -3 9 -3 8 -3 8 -3 8 -3 8 -4 8 -4 8 -5 8 -4 8 -5 8 -4 8 -5 8 -5 8 -6 8 -6 8 -6 0 0 8 -6 8 -6 8 -6 8 -5 9 -5 9 -5 9 -5 9 -4 9 -5 9 -4 8 -4 8 -4 8 -3 8 -3 8 -3 8 -3 8 -2 7 -2 7 -2 7 -2 7 -1 7 -1 7 -1 6 -1 6 -1 6 0 0 0 0 0 0 0 0 0 0 0 ]
CSI_DATA,AP,10:B4:1D:CC:60:E0,-36,11,1,7,1,1,1,1,0,0,1,-92,0,6,2,7268328,0,68,0,0,6.97774,384,[0 0 0 0 0 0 0 0 0 0 0 0 -6 -9 -6 -9 -6 -9 -6 -9 -6 -9 -6 -9 -6 -9 -6 -8 -6 -8 -7 -8 -7 -7 -7 -8 -7 -8 -7 -7 -8 -7 -7 -7 -8 -7 -8 -7 -8 -7 -8 -7 -8 -6 -9 -7 -9 -6 -9 -6 -9 -7 -9 -6 0 0 -9 -7 -9 -7 -9 -7 -9 -7 -9 -7 -9 -7 -9 -7 -9 -8 -8 -7 -8 -7 -8 -7 -7 -8 -7 -8 -7 -8 -6 -8 -6 -8 -6 -7 -5 -7 -5 -7 -5 -7 -4 -7 -4 -7 -4 -7 -3 -7 -3 -7 -3 -7 0 0 0 0 0 0 0 0 0 0 ]
CSI_DATA,AP,10:B4:1D:CC:60:E0,-36,11,1,7,1,1,1,1,0,0,1,-92,0,6,2,7357225,0,68,0,0,7.06664,384,[0 0 0 0 0 0 0 0 0 0 0 0 -10 -4 -10 -4 -10 -4 -10 -4 -10 -4 -10 -4 -10 -4 -10 -3 -10 -3 -10 -3 -10 -3 -10 -2 -10 -2 -10 -2 -10 -2 -10 -1 -10 -1 -10 -1 -10 -1 -10 -1 -10 -1 -10 -1 -11 0 -11 0 -11 0 -11 0 0 0 -11 0 -11 0 -12 0 -11 0 -11 0 -11 -1 -11 -2 -11 -2 -11 -2 -11 -2 -10 -2 -10 -2 -10 -2 -10 -2 -10 -2 -9 -3 -9 -3 -9 -3 -8 -3 -8 -3 -8 -3 -8 -4 -7 -4 -7 -4 -7 -4 -6 -4 0 0 0 0 0 0 0 0 0 0 ]
CSI_DATA,AP,10:B4:1D:CC:60:E0,-36,11,1,7,1,1,1,1,0,0,1,-92,0,6,2,7447135,0,68,0,0,7.15655,384,[0 0 0 0 0 0 0 0 0 0 0 0 9 4 9 4 9 4 9 4 8 4 9 4 9 3 9 3 9 3 9 3 9 2 8 2 9 2 9 2 9 2 9 1 9 1 9 1 9 1 10 1 10 0 10 0 10 0 10 0 10 0 10 0 0 0 10 0 10 0 10 0 10 0 10 0 10 1 10 1 10 1 10 1 10 1 9 2 9 2 9 2 9 2 9 2 8 2 8 2 7 3 7 3 7 2 7 3 6 3 6 3 5 3 6 4 5 4 0 0 0 0 0 0 0 0 0 0 ]
CSI_DATA,AP,10:B4:1D:CC:60:E0,-36,11,1,7,1,1,1,1,0,0,1,-92,0,6,2,7537264,0,68,0,0,7.24668,384,[0 0 0 0 0 0 0 0 0 0 0 0 -5 -10 -5 -10 -5 -9 -5 -9 -5 -9 -5 -9 -5 -9 -5 -9 -5 -9 -6 -8 -6 -8 -6 -8 -6 -8 -7 -8 -7 -8 -6 -8 -7 -8 -7 -8 -7 -8 -7 -8 -7 -7 -8 -8 -7 -7 -8 -7 -8 -7 -8 -7 0 0 -8 -8 -8 -8 -8 -8 -8 -8 -8 -8 -7 -9 -7 -9 -7 -9 -7 -9 -6 -9 -6 -8 -6 -9 -5 -9 -5 -9 -5 -8 -5 -8 -4 -8 -4 -8 -3 -8 -3 -8 -3 -8 -2 -8 -2 -7 -2 -7 -2 -7 -2 -7 0 0 0 0 0 0 0 0 0 0 ]
CSI_DATA,AP,10:B4:1D:CC:60:E0,-36,11,1,7,1,1,1,1,0,0,1,-92,0,6,2,7627198,0,68,0,0,7.33662,384,[0 0 0 0 0 0 0 0 0 0 0 0 8 6 8 6 8 6 8 6 8 6 8 5 8 5 8 5 8 5 8 4 8 4 8 4 8 4 8 4 8 4 9 3 9 3 9 3 9 3 9 3 9 3 9 3 9 2 10 3 10 2 10 2 0 0 10 3 10 3 10 3 10 3 10 3 10 4 10 4 9 4 9 4 9 4 9 4 8 5 8 4 7 4 7 5 7 5 7 5 6 5 6 5 5 5 5 5 5 5 5 5 4 5 4 5 4 5 0 0 0 0 0 0 0 0 0 0 ]
CSI_DATA,AP,10:B4:1D:CC:60:E0,-36,11,1,7,1,1,1,1,0,0,1,-92,0,6,2,7717447,0,68,0,0,7.42686,384,[0 0 0 0 0 0 0 0 0 0 0 0 5 9 5 9 5 8 5 8 5 8 5 8 6 8 6 7 6 7 6 7 6 7 6 7 7 7 7 6 7 6 7 6 7 6 7 6 7 5 8 5 7 5 8 5 8 5 9 5 8 5 8 5 0 0 9 5 9 5 8 5 9 5 8 6 8 6 8 6 8 6 8 6 8 6 7 6 7 6 6 6 6 6 6 6 5 6 5 6 5 6 5 6 4 6 4 6 4 6 4 6 3 6 3 6 2 6 0 0 0 0 0 0 0 0 0 0 ]
CSI_DATA,AP,10:B4:1D:CC:60:E0,-30,11,0,0,0,0,0,0,0,0,0,-92,0,6,2,7731753,0,66,0,0,7.44843,128,[0 0 0 0 0 0 0 0 0 0 0 0 -10 -11 -10 -11 -10 -11 -10 -10 -11 -10 -10 -10 -10 -10 -11 -9 -11 -9 -11 -9 -11 -9 -11 -9 -11 -8 -11 -8 -11 -8 -12 -8 -11 -7 -12 -7 -11 -7 -12 -7 -13 -7 -13 -6 -13 -7 -13 -7 -13 -7 -13 -7 0 0 -13 -7 -14 -7 -13 -7 -13 -8 -13 -8 -13 -8 -13 -8 -12 -8 -12 -8 -12 -9 -11 -9 -11 -9 -10 -9 -10 -9 -10 -9 -9 -9 -9 -9 -8 -9 -8 -8 -7 -9 -7 -8 -7 -9 -6 -9 -5 -9 -5 -9 -4 -8 0 0 0 0 0 0 0 0 0 0 ]
CSI_DATA,AP,10:B4:1D:CC:60:E0,-36,11,1,7,1,1,1,1,0,0,1,-92,0,6,2,7807345,0,68,0,0,7.51678,384,[0 0 0 0 0 0 0 0 0 0 0 0 -9 -7 -9 -7 -9 -7 -9 -7 -9 -6 -9 -7 -9 -6 -9 -6 -9 -6 -9 -6 -9 -5 -9 -5 -9 -5 -9 -4 -9 -5 -9 -4 -9 -4 -10 -4 -10 -4 -10 -4 -10 -4 -10 -4 -10 -3 -11 -3 -10 -3 -11 -3 0 0 -11 -4 -11 -4 -11 -4 -11 -4 -11 -4 -10 -4 -10 -5 -10 -5 -10 -5 -10 -5 -10 -5 -9 -5 -9 -5 -9 -5 -8 -5 -8 -5 -8 -5 -7 -5 -7 -5 -7 -5 -6 -6 -6 -6 -6 -6 -5 -6 -5 -6 -5 -6 0 0 0 0 0 0 0 0 0 0 ]
CSI_DATA,AP,10:B4:1D:CC:60:E0,-36,11,1,7,1,1,1,1,0,0,1,-92,0,6,2,7897259,0,68,0,0,7.60668,384,[0 0 0 0 0 0 0 0 0 0 0 0 8 5 8 5 8 4 8 4 8 4 9 4 9 4 8 4 9 3 8 3 9 3 9 2 9 2 9 2 9 2 9 2 9 1 9 1 9 1 9 1 9 1 9 1 9 0 10 1 10 0 10 0 0 0 10 1 10 0 10 1 10 1 10 1 10 1 10 1 10 2 9 2 9 2 9 2 9 2 9 2 8 3 8 3 8 3 7 3 7 2 7 3 6 3 6 3 6 3 6 3 5 3 5 4 5 4 0 0 0 0 0 0 0 0 0 0 ]
CSI_DATA,AP,10:B4:1D:CC:60:E0,-36,11,1,7,1,1,1,1,0,0,1,-92,0,6,2,7987159,0,68,0,0,7.69657,384,[0 0 0 0 0 0 0 0 0 0 0 0 -6 -9 -7 -9 -7 -9 -7 -9 -7 -9 -7 -8 -7 -8 -7 -8 -7 -8 -7 -8 -7 -8 -7 -8 -8 -7 -8 -7 -8 -7 -8 -7 -8 -7 -9 -6 -9 -6 -9 -6 -9 -6 -9 -6 -9 -6 -9 -6 -9 -6 -9 -6 0 0 -9 -6 -10 -6 -9 -6 -10 -7 -10 -6 -9 -7 -9 -7 -9 -7 -9 -7 -8 -8 -8 -7 -8 -8 -8 -8 -7 -7 -7 -7 -6 -7 -6 -8 -6 -7 -6 -7 -5 -7 -5 -7 -4 -7 -4 -7 -4 -7 -3 -7 -3 -7 0 0 0 0 0 0 0 0 0 0 ]
CSI_DATA,AP,10:B4:1D:CC:60:E0,-36,11,1,7,1,1,1,1,0,0,1,-92,0,6,2,8077307,0,68,0,0,7.78672,384,[0 0 0 0 0 0 0 0 0 0 0 0 2 9 2 9 3 9 3 9 3 9 3 9 3 8 3 8 3 8 4 8 4 8 4 8 4 8 4 8 5 7 5 7 5 7 5 7 5 7 6 7 6 7 6 7 6 7 6 7 6 7 6 7 0 0 6 7 6 7 6 8 6 7 6 8 6 7 6 8 5 8 5 7 5 8 5 8 5 8 4 8 4 8 4 7 4 7 3 7 3 7 3 6 2 7 2 6 2 6 2 6 1 6 1 6 1 6 0 0 0 0 0 0 0 0 0 0 ]
CSI_DATA,AP,10:B4:1D:CC:60:E0,-36,11,1,7,1,1,1,1,0,0,1,-92,0,6,2,8167401,0,68,0,0,7.87682,384,[0 0 0 0 0 0 0 0 0 0 0 0 9 -5 8 -5 9 -5 8 -5 8 -5 8 -5 8 -6 8 -6 7 -6 7 -6 7 -6 7 -6 7 -7 6 -6 6 -7 6 -7 6 -7 6 -7 6 -8 6 -8 5 -8 6 -8 6 -8 6 -8 6 -8 6 -9 0 0 6 -8 6 -9 6 -8 6 -9 6 -8 6 -8 7 -8 7 -8 7 -7 7 -7 7 -7 7 -7 7 -7 7 -6 7 -6 7 -5 7 -5 6 -5 6 -5 6 -4 6 -4 6 -4 6 -4 6 -3 6 -3 6 -2 0 0 0 0 0 0 0 0 0 0 ]
CSI_DATA,AP,10:B4:1D:CC:60:E0,-36,11,1,7,1,1,1,1,0,0,1,-92,0,6,2,8257204,0,68,0,0,7.96662,384,[0 0 0 0 0 0 0 0 0 0 0 0 10 0 10 0 10 0 9 0 9 0 9 0 9 0 9 0 9 -1 9 -1 9 -1 9 -2 9 -2 9 -2 9 -2 9 -2 9 -3 9 -3 8 -3 9 -3 9 -3 9 -3 9 -4 9 -4 9 -4 9 -4 0 0 9 -4 10 -4 10 -4 10 -3 9 -3 10 -3 10 -3 9 -2 10 -2 9 -2 9 -2 9 -2 9 -1 9 -1 9 -1 8 -1 8 0 8 0 7 0 7 0 7 1 7 1 7 1 6 1 6 1 6 2 0 0 0 0 0 0 0 0 0 0 ]
CSI_DATA,AP,10:B4:1D:CC:60:E0,-36,11,1,7,1,1,1,1,0,0,1,-92,0,6,2,8347157,0,68,0,0,8.05657,384,[0 0 0 0 0 0 0 0 0 0 0 0 6 7 6 7 7 7 7 7 7 7 7 6 6 6 7 6 7 6 7 6 7 5 7 5 7 5 7 5 8 5 7 4 8 4 8 4 8 4 8 4 8 4 9 4 8 3 9 3 9 4 9 3 0 0 9 3 9 4 9 3 9 4 9 4 9 4 9 4 8 4 8 5 8 5 8 5 7 5 7 5 7 5 6 5 6 5 6 5 5 5 5 5 5 4 5 5 4 5 4 5 4 5 4 5 3 5 0 0 0 0 0 0 0 0 0 0 ]
CSI_DATA,AP,10:B4:1D:CC:60:E0,-36,11,1,7,1,1,1,1,0,0,1,-92,0,6,2,8437250,0,68,0,0,8.14667,384,[0 0 0 0 0 0 0 0 0 0 0 0 -9 -7 -9 -7 -9 -6 -9 -6 -9 -6 -9 -6 -9 -6 -9 -6 -9 -6 -9 -5 -9 -5 -9 -4 -9 -4 -10 -4 -10 -4 -9 -4 -10 -4 -10 -3 -10 -3 -10 -3 -10 -3 -10 -3 -10 -3 -11 -2 -11 -3 -11 -2 0 0 -11 -3 -11 -3 -11 -3 -11 -3 -11 -3 -10 -4 -10 -4 -10 -4 -10 -4 -10 -4 -10 -4 -10 -5 -9 -5 -9 -5 -9 -5 -8 -5 -8 -5 -8 -5 -7 -5 -7 -5 -7 -5 -6 -5 -6 -5 -6 -5 -6 -5 -5 -6 0 0 0 0 0 0 0 0 0 0 ]
CSI_DATA,AP,10:B4:1D:CC:60:E0,-36,11,1,7,1,1,1,1,0,0,1,-92,0,6,2,8527320,0,68,0,0,8.23673,384,[0 0 0 0 0 0 0 0 0 0 0 0 -8 7 -8 7 -8 7 -7 7 -7 7 -7 7 -7 7 -7 7 -6 8 -6 8 -6 8 -6 8 -5 8 -5 8 -5 8 -5 8 -4 8 -4 9 -4 9 -4 9 -4 9 -4 9 -4 9 -4 9 -4 9 -4 9 0 0 -4 10 -3 10 -4 10 -4 10 -4 10 -4 10 -4 9 -5 9 -5 9 -5 9 -5 8 -5 8 -5 8 -5 7 -5 7 -5 7 -5 7 -5 6 -5 6 -5 6 -5 5 -5 5 -5 5 -5 5 -6 4 -6 4 0 0 0 0 0 0 0 0 0 0 ]
CSI_DATA,AP,10:B4:1D:CC:60:E0,-36,11,1,7,1,1,1,1,0,0,1,-92,0,6,2,8617215,0,68,0,0,8.32664,384,[0 0 0 0 0 0 0 0 0 0 0 0 8 6 8 6 8 6 8 6 8 5 8 5 8 5 8 4 8 4 8 4 8 3 8 4 8 3 9 3 9 3 9 3 9 3 8 2 9 2 9 2 9 2 9 2 9 2 9 1 10 1 10 1 0 0 10 2 10 2 10 2 10 2 10 2 10 2 10 3 9 3 9 3 9 3 9 3 8 3 8 3 8 4 7 3 7 4 7 4 7 4 6 4 6 4 6 4 5 4 5 4 5 4 5 4 4 5 0 0 0 0 0 0 0 0 0 0 ]
CSI_DATA,AP,10:B4:1D:CC:60:E0,-36,11,1,7,1,1,1,1,0,0,1,-92,0,6,2,8708179,0,68,0,0,8.4176,384,[0 0 0 0 0 0 0 0 0 0 0 0 -2 10 -2 10 -1 10 -1 10 -1 10 -1 10 -1 10 0 9 0 9 0 9 0 9 0 9 0 9 1 9 1 9 2 9 1 9 2 9 2 9 2 9 2 8 3 9 3 9 3 9 3 9 3 9 0 0 3 9 3 9 3 9 3 10 3 10 3 10 3 10 2 9 2 9 2 9 1 9 1 9 1 9 1 9 1 8 0 8 0 8 0 8 0 8 0 7 -1 7 -1 7 -1 7 -2 7 -1 6 -2 6 0 0 0 0 0 0 0 0 0 0 ]
CSI_DATA,AP,10:B4:1D:CC:60:E0,-36,11,1,7,1,1,1,1,0,0,1,-92,0,6,2,8797214,0,68,0,0,8.50663,384,[0 0 0 0 0 0 0 0 0 0 0 0 0 -11 0 -11 0 -11 0 -11 -1 -11 -1 -11 0 -10 -1 -10 -1 -10 -2 -10 -2 -10 -2 -10 -2 -10 -2 -10 -2 -10 -3 -10 -3 -10 -3 -9 -3 -10 -3 -10 -3 -9 -3 -10 -4 -9 -4 -10 -4 -10 -4 -10 0 0 -4 -10 -4 -10 -4 -10 -4 -10 -4 -11 -4 -10 -3 -11 -3 -10 -3 -10 -2 -10 -2 -10 -2 -10 -2 -10 -1 -10 -1 -9 -1 -9 -1 -9 -1 -8 0 -8 0 -8 0 -8 0 -8 0 -8 1 -7 1 -7 1 -7 0 0 0 0 0 0 0 0 0 0 ]
CSI_DATA,AP,10:B4:1D:CC:60:E0,-36,11,1,7,1,1,1,1,0,0,1,-92,0,6,2,8887326,0,68,0,0,8.59674,384,[0 0 0 0 0 0 0 0 0 0 0 0 -10 -4 -10 -4 -10 -4 -10 -4 -10 -3 -10 -3 -9 -3 -9 -3 -9 -3 -9 -2 -9 -2 -10 -2 -10 -2 -10 -1 -10 -2 -9 -1 -10 -1 -9 -1 -10 -1 -9 0 -10 0 -10 0 -10 0 -10 0 -10 0 -10 0 0 0 -11 0 -10 0 -11 0 -10 0 -11 -1 -10 -1 -10 -1 -10 -1 -10 -1 -10 -2 -10 -2 -9 -2 -9 -2 -9 -2 -9 -2 -9 -2 -8 -3 -8 -3 -7 -3 -8 -3 -7 -3 -7 -3 -7 -3 -6 -3 -6 -4 -6 -4 0 0 0 0 0 0 0 0 0 0 ]
CSI_DATA,AP,10:B4:1D:CC:60:E0,-36,11,1,7,1,1,1,1,0,0,1,-92,0,6,2,8977243,0,68,0,0,8.68666,384,[0 0 0 0 0 0 0 0 0 0 0 0 6 8 5 8 6 8 6 8 6 7 6 7 5 7 6 7 6 7 6 6 6 6 6 6 7 6 7 6 7 5 7 5 7 5 7 5 7 5 8 5 7 5 7 5 8 4 8 4 8 4 8 4 0 0 8 5 8 5 8 5 8 5 8 5 8 5 8 6 7 5 7 6 7 6 7 5 7 6 6 6 6 6 5 6 5 6 5 6 4 5 4 6 4 5 4 6 3 6 3 5 3 5 3 6 2 5 0 0 0 0 0 0 0 0 0 0 ]
CSI_DATA,AP,10:B4:1D:CC:60:E0,-35,11,1,7,1,1,1,1,0,0,1,-92,0,6,2,9067217,0,68,0,0,8.77663,384,[0 0 0 0 0 0 0 0 0 0 0 0 -10 -6 -9 -5 -10 -6 -9 -5 -9 -5 -9 -5 -9 -5 -9 -5 -9 -5 -9 -4 -9 -4 -9 -4 -9 -3 -9 -3 -9 -3 -9 -3 -9 -3 -9 -3 -10 -2 -10 -3 -10 -2 -10 -2 -10 -2 -10 -2 -10 -2 -10 -2 0 0 -10 -2 -10 -2 -10 -2 -10 -3 -10 -3 -10 -3 -10 -3 -10 -3 -10 -3 -10 -4 -9 -3 -9 -4 -9 -4 -8 -4 -8 -4 -8 -4 -8 -4 -7 -4 -7 -4 -7 -4 -6 -5 -6 -5 -6 -5 -6 -5 -5 -5 -5 -5 0 0 0 0 0 0 0 0 0 0 ]
CSI_DATA,AP,10:B4:1D:CC:60:E0,-35,11,1,7,1,1,1,1,0,0,1,-92,0,6,2,9157239,0,68,0,0,8.86666,384,[0 0 0 0 0 0 0 0 0 0 0 0 0 -11 0 -11 -1 -11 0 -11 -1 -11 -1 -11 -1 -10 -1 -10 -1 -10 -2 -10 -2 -10 -2 -10 -3 -10 -3 -10 -3 -10 -3 -9 -3 -9 -3 -9 -4 -9 -4 -9 -4 -9 -4 -9 -4 -10 -4 -9 -4 -10 -4 -9 0 0 -4 -10 -5 -10 -4 -10 -4 -10 -4 -10 -4 -10 -3 -10 -3 -10 -3 -10 -3 -10 -3 -10 -3 -10 -2 -9 -2 -9 -1 -9 -1 -9 -1 -9 -1 -8 -1 -8 -1 -8 0 -8 0 -8 0 -7 0 -7 0 -7 1 -7 0 0 0 0 0 0 0 0 0 0 ]
CSI_DATA,AP,10:B4:1D:CC:60:E0,-35,11,1,7,1,1,1,1,0,0,1,-92,0,6,2,9247180,0,68,0,0,8.9566,384,[0 0 0 0 0 0 0 0 0 0 0 0 -1 10 0 10 0 10 0 10 0 9 0 9 0 9 1 9 1 9 1 9 1 8 1 8 2 8 2 9 2 8 2 8 2 8 2 8 3 8 3 8 3 8 3 8 3 8 3 8 3 8 3 8 0 0 3 8 3 9 3 9 3 9 3 9 3 9 2 9 2 9 2 8 2 8 1 8 1 8 1 8 1 8 0 8 0 7 0 8 0 7 -1 7 0 7 -1 6 -1 6 -1 6 -2 6 -2 6 -2 5 0 0 0 0 0 0 0 0 0 0 ]
CSI_DATA,AP,10:B4:1D:CC:60:E0,-35,11,1,7,1,1,1,1,0,0,1,-92,0,6,2,9337323,0,68,0,0,9.04674,384,[0 0 0 0 0 0 0 0 0 0 0 0 7 -9 6 -9 6 -9 6 -9 6 -9 6 -9 5 -9 5 -9 5 -9 5 -9 5 -9 4 -9 4 -9 4 -9 4 -9 3 -9 3 -9 3 -9 3 -10 3 -10 3 -10 3 -10 2 -10 2 -11 2 -10 2 -10 0 0 2 -10 3 -11 3 -11 2 -10 3 -11 3 -10 3 -10 3 -10 4 -9 4 -9 4 -9 4 -9 4 -9 4 -9 4 -8 4 -8 4 -7 4 -7 4 -7 4 -6 4 -6 4 -6 4 -6 4 -5 4 -5 5 -5 0 0 0 0 0 0 0 0 0 0 ]
CSI_DATA,AP,10:B4:1D:CC:60:E0,-34,11,1,7,1,1,1,1,0,0,1,-92,0,6,2,9427786,0,68,0,0,9.1372,384,[0 0 0 0 0 0 0 0 0 0 0 0 8 5 8 5 9 5 8 4 8 4 8 4 8 4 8 4 8 3 8 3 8 3 8 2 8 2 9 2 9 2 8 2 8 2 8 1 9 1 9 1 9 1 9 1 9 1 9 0 9 0 9 0 0 0 9 1 9 1 9 1 9 1 10 1 9 2 9 2 9 2 9 2 9 2 8 2 8 2 8 2 7 2 7 2 7 3 7 3 7 3 6 3 6 3 6 3 5 3 5 3 5 3 5 4 4 4 0 0 0 0 0 0 0 0 0 0 ]
CSI_DATA,AP,10:B4:1D:CC:60:E0,-34,11,1,7,1,1,1,1,0,0,1,-92,0,6,2,9517205,0,68,0,0,9.22663,384,[0 0 0 0 0 0 0 0 0 0 0 0 4 -10 4 -10 4 -10 4 -10 4 -10 3 -10 3 -10 3 -10 3 -10 2 -10 2 -10 2 -10 1 -10 1 -10 1 -10 1 -10 1 -10 1 -10 0 -10 0 -10 0 -10 0 -10 0 -10 0 -11 -1 -10 0 -10 0 0 0 -10 0 -11 0 -11 0 -11 0 -10 0 -11 1 -11 1 -10 1 -10 1 -10 1 -10 1 -10 2 -9 2 -9 2 -9 2 -8 2 -8 2 -8 2 -7 3 -7 3 -7 3 -7 3 -7 3 -6 3 -6 3 -6 0 0 0 0 0 0 0 0 0 0 ]
CSI_DATA,AP,10:B4:1D:CC:60:E0,-34,11,1,7,1,1,1,1,0,0,1,-92,0,6,2,9607248,0,68,0,0,9.31667,384,[0 0 0 0 0 0 0 0 0 0 0 0 2 -11 1 -11 1 -11 1 -10 1 -11 1 -10 1 -10 0 -10 1 -10 0 -10 0 -10 0 -10 -1 -10 -1 -10 -1 -10 -1 -10 -2 -9 -2 -10 -2 -9 -2 -10 -2 -10 -2 -10 -3 -10 -3 -10 -3 -10 -3 -10 0 0 -3 -10 -3 -10 -3 -10 -3 -10 -2 -10 -2 -10 -2 -10 -2 -10 -2 -10 -1 -10 -1 -10 -1 -10 -1 -9 -1 -9 -1 -9 -1 -8 0 -9 0 -8 0 -8 0 -8 1 -7 1 -7 1 -7 1 -7 1 -7 2 -6 0 0 0 0 0 0 0 0 0 0 ]
CSI_DATA,AP,10:B4:1D:CC:60:E0,-34,11,1,7,1,1,1,1,0,0,1,-92,0,6,2,9697249,0,68,0,0,9.40667,384,[0 0 0 0 0 0 0 0 0 0 0 0 6 -9 6 -9 6 -9 6 -9 5 -9 5 -9 5 -9 5 -9 5 -9 4 -9 4 -9 4 -9 4 -9 3 -9 3 -9 3 -9 3 -9 3 -9 3 -10 3 -9 2 -10 2 -10 2 -10 2 -10 2 -10 2 -10 0 0 2 -10 2 -10 2 -10 2 -10 3 -10 3 -10 3 -10 3 -10 3 -9 3 -9 4 -9 4 -9 4 -9 4 -8 4 -8 4 -8 4 -7 4 -7 4 -7 4 -6 4 -6 4 -6 4 -6 4 -5 4 -5 4 -4 0 0 0 0 0 0 0 0 0 0 ]
CSI_DATA,AP,10:B4:1D:CC:60:E0,-34,11,1,7,1,1,1,1,0,0,1,-92,0,6,2,9787332,0,68,0,0,9.49675,384,[0 0 0 0 0 0 0 0 0 0 0 0 -11 2 -11 2 -11 2 -11 2 -11 3 -10 3 -10 3 -10 2 -10 3 -10 3 -10 3 -9 3 -9 4 -9 4 -9 4 -9 4 -9 4 -9 4 -9 5 -9 5 -9 5 -9 5 -9 5 -9 5 -8 5 -9 5 0 0 -9 5 -9 5 -9 5 -9 5 -10 5 -10 5 -10 4 -10 4 -10 4 -10 4 -9 3 -9 4 -9 3 -9 3 -9 2 -8 2 -9 2 -8 2 -8 1 -8 1 -8 1 -8 1 -7 0 -7 0 -7 0 -7 -1 0 0 0 0 0 0 0 0 0 0 ]
CSI_DATA,AP,10:B4:1D:CC:60:E0,-34,11,1,7,1,1,1,1,0,0,1,-92,0,6,2,9877258,0,68,0,0,9.58667,384,[0 0 0 0 0 0 0 0 0 0 0 0 5 -10 5 -10 5 -10 5 -10 5 -10 4 -10 4 -10 4 -10 4 -9 4 -10 3 -9 3 -9 3 -10 2 -10 3 -10 2 -10 2 -10 2 -10 2 -10 1 -10 1 -10 1 -10 1 -10 1 -11 0 -11 1 -10 0 0 1 -11 1 -11 1 -11 1 -10 1 -10 1 -11 2 -10 2 -10 2 -10 2 -10 2 -10 2 -10 2 -9 3 -9 3 -9 3 -8 3 -8 3 -7 3 -7 3 -7 3 -7 3 -6 3 -6 4 -6 4 -6 4 -5 0 0 0 0 0 0 0 0 0 0 ]
CSI_DATA,AP,10:B4:1D:CC:60:E0,-34,11,1,7,1,1,1,1,0,0,1,-92,0,6,2,9967446,0,68,0,0,9.67686,384,[0 0 0 0 0 0 0 0 0 0 0 0 10 2 9 2 10 2 10 2 9 2 9 1 9 1 9 1 9 1 9 1 9 0 9 0 9 0 9 0 9 -1 9 -1 9 -1 9 -1 9 -1 9 -2 9 -2 9 -1 9 -2 9 -2 9 -2 9 -2 0 0 9 -2 9 -2 10 -2 9 -2 9 -2 10 -1 9 -1 9 -1 9 -1 9 0 9 0 9 0 9 0 8 0 8 0 8 1 8 1 7 1 7 1 7 1 7 1 6 2 6 2 6 2 6 2 5 3 0 0 0 0 0 0 0 0 0 0 ]
CSI_DATA,AP,10:B4:1D:CC:60:E0,-34,11,1,7,1,1,1,1,0,0,1,-92,0,6,2,10057336,0,68,0,0,9.76675,384,[0 0 0 0 0 0 0 0 0 0 0 0 -11 3 -11 2 -11 3 -11 3 -11 3 -10 3 -11 3 -10 3 -10 3 -10 4 -9 4 -9 4 -9 4 -9 5 -9 5 -9 5 -9 5 -9 5 -8 6 -8 6 -8 6 -8 6 -8 6 -8 6 -8 6 -8 6 0 0 -8 6 -9 7 -8 6 -9 6 -9 6 -9 6 -9 6 -9 6 -9 5 -9 5 -9 5 -9 5 -8 4 -8 4 -8 4 -8 3 -8 3 -8 3 -8 2 -8 2 -8 2 -7 2 -8 2 -7 1 -7 1 -7 0 0 0 0 0 0 0 0 0 0 0 ]
CSI_DATA,AP,10:B4:1D:CC:60:E0,-34,11,1,7,1,1,1,1,0,0,1,-92,0,6,2,10147351,0,68,0,0,9.85677,384,[0 0 0 0 0 0 0 0 0 0 0 0 -10 4 -10 4 -10 4 -10 4 -10 4 -9 4 -9 4 -9 5 -9 4 -9 5 -8 5 -8 5 -8 5 -8 5 -8 5 -8 5 -8 5 -7 6 -7 6 -7 6 -7 6 -7 7 -7 6 -7 7 -7 7 -7 7 0 0 -7 7 -7 7 -8 7 -8 7 -8 6 -8 6 -8 6 -8 6 -8 6 -8 5 -8 5 -8 5 -8 5 -8 4 -8 4 -8 4 -8 4 -8 3 -7 3 -7 3 -7 2 -7 2 -7 2 -7 1 -7 1 -7 1 0 0 0 0 0 0 0 0 0 0 ]
CSI_DATA,AP,10:B4:1D:CC:60:E0,-34,11,1,7,1,1,1,1,0,0,1,-92,0,6,2,10237941,0,68,0,0,9.94735,384,[0 0 0 0 0 0 0 0 0 0 0 0 4 -10 4 -10 4 -11 3 -10 3 -10 3 -10 3 -10 3 -10 3 -10 2 -10 2 -10 2 -10 2 -10 1 -10 1 -10 1 -10 1 -10 1 -10 0 -10 0 -10 1 -10 0 -10 0 -10 0 -11 0 -11 0 -11 0 0 0 -11 0 -11 0 -11 1 -11 1 -11 1 -11 1 -11 1 -11 2 -10 2 -10 2 -10 2 -10 2 -9 2 -9 3 -9 3 -8 3 -8 3 -8 3 -7 3 -7 3 -7 4 -7 3 -7 4 -6 4 -6 4 -5 0 0 0 0 0 0 0 0 0 0 ]
CSI_DATA,AP,10:B4:1D:CC:60:E0,-34,11,1,7,1,1,1,1,0,0,1,-92,0,6,2,10327226,0,68,0,0,10.0366,384,[0 0 0 0 0 0 0 0 0 0 0 0 8 -7 8 -7 8 -7 7 -7 7 -7 7 -7 7 -7 7 -7 6 -7 6 -7 6 -7 6 -8 6 -8 5 -8 5 -8 5 -8 5 -8 5 -8 5 -9 5 -9 4 -9 4 -9 4 -9 4 -9 4 -9 4 -9 0 0 5 -9 5 -9 4 -9 5 -9 5 -9 5 -9 5 -9 5 -9 5 -8 5 -8 5 -8 5 -8 5 -7 5 -7 6 -7 6 -6 5 -6 5 -6 5 -5 5 -5 5 -5 5 -5 5 -4 5 -4 5 -4 5 -3 0 0 0 0 0 0 0 0 0 0 ]
CSI_DATA,AP,10:B4:1D:CC:60:E0,-34,11,1,7,1,1,1,1,0,0,1,-92,0,6,2,10417220,0,68,0,0,10.1266,384,[0 0 0 0 0 0 0 0 0 0 0 0 7 -8 6 -8 6 -8 6 -8 6 -8 6 -8 6 -8 6 -8 5 -8 5 -8 5 -8 5 -8 4 -8 4 -8 4 -9 3 -9 4 -9 3 -9 3 -9 3 -9 3 -9 3 -9 3 -9 3 -9 3 -10 3 -9 0 0 3 -10 3 -10 3 -10 3 -10 3 -10 3 -10 4 -10 4 -9 4 -9 4 -9 4 -8 5 -8 4 -8 5 -8 4 -7 4 -7 5 -7 4 -6 5 -6 4 -6 5 -6 5 -5 5 -5 5 -5 5 -4 5 -4 0 0 0 0 0 0 0 0 0 0 ]
CSI_DATA,AP,10:B4:1D:CC:60:E0,-35,11,1,7,1,1,1,1,0,0,1,-92,0,6,2,10507344,0,68,0,0,10.2168,384,[0 0 0 0 0 0 0 0 0 0 0 0 5 9 5 8 5 8 5 8 5 8 5 8 5 8 5 7 5 7 5 7 5 7 6 7 6 7 6 6 6 6 6 6 6 6 6 6 7 6 7 6 7 6 7 6 7 5 8 6 7 6 7 6 0 0 8 6 8 6 8 6 7 6 7 6 7 6 7 6 7 7 7 7 6 7 6 7 6 7 5 7 5 7 5 7 4 6 4 7 4 6 3 6 3 6 3 6 2 6 2 6 2 6 2 6 1 6 0 0 0 0 0 0 0 0 0 0 ]
CSI_DATA,AP,10:B4:1D:CC:60:E0,-35,11,1,7,1,1,1,1,0,0,1,-92,0,6,2,10597360,0,68,0,0,10.3068,384,[0 0 0 0 0 0 0 0 0 0 0 0 9 -4 9 -4 9 -4 9 -4 9 -4 9 -4 9 -4 8 -5 8 -5 8 -5 8 -5 8 -5 8 -5 8 -5 7 -6 7 -6 7 -6 7 -6 7 -6 7 -7 7 -7 7 -7 7 -7 7 -7 7 -7 7 -7 0 0 7 -7 7 -8 7 -7 7 -7 7 -7 7 -7 7 -7 8 -6 7 -6 8 -6 8 -6 8 -5 7 -5 7 -5 7 -5 7 -4 7 -4 7 -4 7 -3 7 -3 7 -3 6 -3 6 -2 6 -2 6 -2 6 -1 0 0 0 0 0 0 0 0 0 0 ]
CSI_DATA,AP,10:B4:1D:CC:60:E0,-35,11,1,7,1,1,1,1,0,0,1,-92,0,6,2,10687341,0,68,0,0,10.3968,384,[0 0 0 0 0 0 0 0 0 0 0 0 7 -7 7 -7 7 -7 7 -8 6 -8 6 -7 6 -8 6 -8 6 -8 6 -8 5 -8 5 -8 5 -8 4 -8 5 -8 4 -8 4 -8 4 -8 4 -9 4 -9 3 -9 3 -9 3 -9 4 -10 3 -9 3 -9 0 0 4 -9 3 -10 4 -10 4 -9 4 -9 4 -10 4 -9 4 -9 4 -9 5 -9 5 -8 5 -8 5 -8 5 -7 5 -7 5 -7 5 -7 5 -6 5 -6 5 -6 5 -5 5 -5 5 -5 5 -5 5 -4 5 -4 0 0 0 0 0 0 0 0 0 0 ]
CSI_DATA,AP,10:B4:1D:CC:60:E0,-35,11,1,7,1,1,1,1,0,0,1,-92,0,6,2,10777419,0,68,0,0,10.4868,384,[0 0 0 0 0 0 0 0 0 0 0 0 -6 8 -6 8 -6 8 -5 8 -5 8 -5 8 -5 8 -5 8 -5 8 -4 8 -4 8 -4 8 -3 8 -3 8 -3 8 -3 8 -3 8 -2 8 -2 9 -2 9 -2 9 -2 9 -2 9 -1 9 -1 9 -2 9 0 0 -2 9 -1 10 -2 10 -2 9 -2 10 -2 10 -2 9 -2 9 -3 9 -3 9 -3 9 -3 9 -3 8 -3 8 -3 8 -3 7 -3 7 -4 7 -4 6 -4 6 -4 6 -4 6 -4 6 -4 5 -5 5 -5 4 0 0 0 0 0 0 0 0 0 0 ]
CSI_DATA,AP,10:B4:1D:CC:60:E0,-35,11,1,7,1,1,1,1,0,0,1,-92,0,6,2,10867232,0,68,0,0,10.5766,384,[0 0 0 0 0 0 0 0 0 0 0 0 7 -8 7 -8 7 -7 7 -8 7 -7 6 -8 6 -8 6 -8 6 -8 5 -8 5 -8 5 -8 5 -8 4 -8 5 -8 5 -8 4 -9 4 -9 4 -9 4 -9 4 -9 4 -9 4 -9 3 -10 3 -10 3 -9 0 0 4 -10 4 -10 3 -10 4 -10 4 -10 4 -10 4 -9 4 -9 5 -9 5 -9 5 -8 5 -9 5 -8 5 -8 5 -7 5 -7 5 -7 5 -6 5 -6 5 -6 5 -6 5 -5 5 -5 5 -5 5 -4 5 -4 0 0 0 0 0 0 0 0 0 0 ]
CSI_DATA,AP,10:B4:1D:CC:60:E0,-35,11,1,7,1,1,1,1,0,0,1,-92,0,6,2,10957095,0,68,0,0,10.6665,384,[0 0 0 0 0 0 0 0 0 0 0 0 8 5 8 5 8 5 8 5 8 5 8 5 8 4 8 4 8 4 8 4 8 3 8 3 8 3 8 3 8 2 9 2 8 2 9 2 9 2 9 2 9 2 9 2 9 1 10 1 9 1 9 1 0 0 9 1 10 1 9 1 10 1 10 1 10 2 10 2 9 2 9 2 9 2 9 2 9 2 8 2 8 3 8 3 7 3 7 3 7 3 6 3 6 3 6 3 5 4 5 4 5 4 5 4 4 4 0 0 0 0 0 0 0 0 0 0 ]
CSI_DATA,AP,10:B4:1D:CC:60:E0,-35,11,1,7,1,1,1,1,0,0,1,-92,0,6,2,11047217,0,68,0,0,10.7566,384,[0 0 0 0 0 0 0 0 0 0 0 0 7 7 7 7 7 6 7 6 7 6 7 6 7 6 7 6 7 5 7 5 7 5 7 5 7 5 8 4 8 4 8 4 8 4 8 3 9 3 8 3 8 3 8 3 9 3 9 3 9 3 9 3 0 0 9 3 9 3 9 3 9 3 9 3 9 3 9 3 9 4 8 4 8 4 8 4 8 4 7 4 7 4 7 4 7 4 6 4 6 4 6 4 5 4 5 4 5 5 4 5 4 5 4 5 4 5 0 0 0 0 0 0 0 0 0 0 ]
CSI_DATA,AP,10:B4:1D:CC:60:E0,-35,11,1,7,1,1,1,1,0,0,1,-92,0,6,2,11137325,0,68,0,0,10.8467,384,[0 0 0 0 0 0 0 0 0 0 0 0 -3 10 -3 10 -3 10 -3 10 -3 9 -3 9 -2 9 -2 9 -2 9 -2 9 -2 9 -1 9 -1 9 -1 9 -1 9 0 9 0 9 0 9 0 9 1 9 1 9 1 9 1 9 1 9 1 9 1 9 0 0 1 9 1 10 1 10 1 10 1 10 0 10 0 10 0 10 0 9 0 9 -1 9 -1 9 -1 9 -1 9 -1 8 -1 8 -2 8 -1 7 -2 7 -2 7 -2 7 -3 7 -3 7 -3 6 -3 6 -3 5 0 0 0 0 0 0 0 0 0 0 ]
CSI_DATA,AP,10:B4:1D:CC:60:E0,-35,11,1,7,1,1,1,1,0,0,1,-92,0,6,2,11227292,0,68,0,0,10.9367,384,[0 0 0 0 0 0 0 0 0 0 0 0 6 7 7 7 7 6 7 7 7 6 7 6 7 6 7 6 7 6 7 5 7 5 7 5 7 5 7 5 8 4 7 4 8 4 8 4 8 4 8 3 8 4 8 4 8 3 8 3 9 3 8 3 0 0 9 4 9 4 9 3 9 4 9 4 9 4 9 4 8 4 8 4 8 5 8 4 7 5 7 5 7 5 6 5 6 5 6 5 6 5 5 5 5 5 5 5 4 5 4 5 4 5 4 5 3 5 0 0 0 0 0 0 0 0 0 0 ]
CSI_DATA,AP,10:B4:1D:CC:60:E0,-35,11,1,7,1,1,1,1,0,0,1,-92,0,6,2,11317204,0,68,0,0,11.0266,384,[0 0 0 0 0 0 0 0 0 0 0 0 5 9 5 9 6 8 5 8 6 8 6 8 6 8 6 8 6 7 6 7 6 7 6 7 6 6 7 6 6 6 7 6 7 6 7 6 8 6 8 5 7 5 8 5 8 5 8 5 8 5 8 5 0 0 8 5 8 5 9 5 8 5 8 6 8 6 8 6 8 6 7 6 7 6 7 6 7 6 7 6 6 6 6 6 6 6 5 6 5 6 5 6 5 6 4 6 4 6 3 6 3 6 3 6 3 6 0 0 0 0 0 0 0 0 0 0 ]
CSI_DATA,AP,10:B4:1D:CC:60:E0,-35,11,1,7,1,1,1,1,0,0,1,-92,0,6,2,11407291,0,68,0,0,11.1167,384,[0 0 0 0 0 0 0 0 0 0 0 0 -11 -2 -11 -1 -11 -1 -11 -1 -11 -1 -11 -1 -11 -1 -10 -1 -10 0 -10 0 -10 0 -10 0 -10 0 -10 0 -10 1 -10 1 -10 1 -10 2 -10 2 -10 2 -10 2 -10 2 -10 2 -10 2 -10 2 -10 3 0 0 -10 2 -11 3 -10 2 -11 3 -11 2 -11 2 -11 2 -11 1 -10 1 -10 1 -10 1 -10 0 -10 0 -10 0 -9 0 -9 0 -9 -1 -9 0 -9 -1 -8 -1 -8 -1 -8 -1 -8 -2 -7 -2 -7 -2 -7 -3 0 0 0 0 0 0 0 0 0 0 ]
CSI_DATA,AP,10:B4:1D:CC:60:E0,-35,11,1,7,1,1,1,1,0,0,1,-92,0,6,2,11503062,0,68,0,0,11.2125,384,[0 0 0 0 0 0 0 0 0 0 0 0 -2 10 -2 9 -2 9 -2 9 -2 9 -2 9 -2 9 -1 9 -1 9 -1 9 -1 9 0 9 0 9 0 9 0 9 1 9 1 9 1 9 1 9 1 9 1 8 2 9 2 9 2 9 2 9 2 9 0 0 2 9 2 9 2 9 2 9 2 9 2 10 1 9 1 10 1 9 1 9 1 9 1 9 0 9 0 9 0 8 0 8 -1 8 -1 7 -1 7 -1 7 -1 7 -2 7 -2 7 -2 6 -2 6 -3 6 0 0 0 0 0 0 0 0 0 0 ]
CSI_DATA,AP,10:B4:1D:CC:60:E0,-35,11,1,7,1,1,1,1,0,0,1,-92,0,6,2,11587190,0,68,0,0,11.2966,384,[0 0 0 0 0 0 0 0 0 0 0 0 -10 4 -10 4 -9 4 -9 4 -9 4 -9 4 -9 4 -9 4 -9 4 -9 5 -8 5 -8 5 -8 5 -8 5 -8 5 -8 5 -8 5 -7 6 -7 6 -7 6 -7 6 -7 6 -7 6 -7 7 -7 6 -7 6 0 0 -8 6 -8 7 -8 7 -8 7 -8 6 -8 6 -8 6 -8 6 -8 6 -8 5 -8 5 -8 5 -8 4 -8 4 -8 4 -8 3 -8 3 -8 3 -8 2 -7 2 -7 2 -7 2 -7 1 -7 1 -7 1 -7 0 0 0 0 0 0 0 0 0 0 0 ]
CSI_DATA,AP,10:B4:1D:CC:60:E0,-35,11,1,7,1,1,1,1,0,0,1,-92,0,6,2,11677625,0,68,0,0,11.387,384,[0 0 0 0 0 0 0 0 0 0 0 0 -7 8 -7 7 -7 8 -7 8 -7 7 -6 8 -6 8 -6 7 -6 7 -6 8 -6 8 -5 8 -5 8 -5 8 -4 8 -4 8 -4 8 -4 8 -4 8 -4 8 -4 9 -4 9 -4 9 -4 9 -3 9 -3 9 0 0 -4 9 -4 9 -4 9 -4 9 -4 9 -5 9 -5 9 -5 9 -5 8 -5 8 -5 8 -5 8 -5 8 -5 7 -6 7 -5 6 -5 6 -5 6 -6 6 -6 5 -6 5 -6 5 -6 4 -6 4 -6 4 -6 3 0 0 0 0 0 0 0 0 0 0 ]
CSI_DATA,AP,10:B4:1D:CC:60:E0,-35,11,1,7,1,1,1,1,0,0,1,-92,0,6,2,11768564,0,68,0,0,11.478,384,[0 0 0 0 0 0 0 0 0 0 0 0 8 6 8 5 8 5 8 5 8 5 8 5 8 5 8 4 8 4 8 4 8 3 8 3 8 3 8 3 8 3 9 3 8 3 9 2 9 2 9 2 9 2 9 2 9 2 9 1 9 1 10 1 0 0 10 2 10 2 9 2 10 2 9 2 10 2 9 2 9 2 9 3 9 3 9 3 8 3 8 3 8 3 8 3 7 3 7 4 7 3 6 4 6 3 6 4 6 4 5 4 5 4 5 4 4 4 0 0 0 0 0 0 0 0 0 0 ]
CSI_DATA,AP,10:B4:1D:CC:60:E0,-35,11,1,7,1,1,1,1,0,0,1,-92,0,6,2,11857253,0,68,0,0,11.5667,384,[0 0 0 0 0 0 0 0 0 0 0 0 -11 -1 -11 0 -11 0 -11 0 -11 0 -11 0 -11 0 -11 0 -10 1 -10 1 -10 1 -10 1 -10 1 -10 2 -10 2 -10 2 -10 2 -9 3 -10 3 -10 3 -9 3 -10 3 -9 3 -10 4 -9 4 -10 4 0 0 -10 4 -10 4 -10 4 -10 4 -10 3 -10 3 -10 3 -10 3 -10 3 -10 2 -10 2 -10 2 -10 2 -10 1 -9 1 -9 1 -9 1 -9 1 -9 0 -8 0 -9 0 -8 0 -8 -1 -8 -1 -8 -1 -7 -2 0 0 0 0 0 0 0 0 0 0 ]
CSI_DATA,AP,10:B4:1D:CC:60:E0,-35,11,1,7,1,1,1,1,0,0,1,-92,0,6,2,11947309,0,68,0,0,11.6567,384,[0 0 0 0 0 0 0 0 0 0 0 0 9 3 9 3 10 3 10 2 9 2 9 2 9 2 9 2 9 2 9 1 9 1 9 1 9 1 9 1 9 0 9 0 9 0 9 0 9 -1 9 -1 9 -1 9 -1 10 -1 10 -1 10 -1 10 -1 0 0 10 -1 10 -1 10 -1 10 -1 10 -1 10 -1 10 -1 10 0 10 0 10 0 9 0 9 1 9 1 8 1 8 1 8 1 8 1 8 2 7 1 7 2 7 2 7 2 6 2 6 3 6 3 5 3 0 0 0 0 0 0 0 0 0 0 ]
CSI_DATA,AP,10:B4:1D:CC:60:E0,-34,11,1,7,1,1,1,1,0,0,1,-92,0,6,2,12037144,0,68,0,0,11.7466,384,[0 0 0 0 0 0 0 0 0 0 0 0 -11 -1 -11 -1 -11 -1 -11 -1 -11 -1 -11 -1 -11 0 -11 0 -11 0 -10 0 -10 1 -10 1 -10 1 -10 1 -10 1 -10 2 -10 2 -10 2 -10 2 -10 2 -10 2 -10 3 -10 3 -10 3 -10 3 -10 3 0 0 -10 3 -10 3 -11 3 -11 3 -11 3 -11 3 -11 2 -11 2 -11 2 -10 2 -10 2 -10 1 -10 1 -10 1 -10 0 -9 1 -9 0 -9 0 -9 0 -8 0 -8 -1 -8 -1 -8 -1 -8 -1 -8 -2 -7 -2 0 0 0 0 0 0 0 0 0 0 ]
CSI_DATA,AP,10:B4:1D:CC:60:E0,-34,11,1,7,1,1,1,1,0,0,1,-92,0,6,2,12127345,0,68,0,0,11.8368,384,[0 0 0 0 0 0 0 0 0 0 0 0 -9 5 -9 5 -9 5 -9 5 -8 5 -8 5 -8 5 -8 6 -8 5 -8 6 -7 6 -7 6 -7 6 -7 6 -7 6 -7 6 -6 7 -7 7 -6 7 -6 7 -6 7 -6 7 -6 8 -6 8 -6 8 -6 8 0 0 -6 8 -6 8 -6 8 -6 8 -6 8 -7 8 -7 8 -7 7 -7 7 -7 7 -7 7 -7 6 -7 6 -7 6 -7 5 -7 5 -7 5 -7 5 -7 4 -6 4 -7 4 -7 3 -7 3 -7 3 -7 3 -7 2 0 0 0 0 0 0 0 0 0 0 ]
CSI_DATA,AP,10:B4:1D:CC:60:E0,-34,11,1,7,1,1,1,1,0,0,1,-92,0,6,2,12217410,0,68,0,0,11.9268,384,[0 0 0 0 0 0 0 0 0 0 0 0 8 -7 8 -7 8 -7 8 -7 8 -7 8 -7 7 -7 7 -7 7 -7 7 -7 6 -7 6 -8 6 -8 6 -8 6 -8 6 -8 5 -8 5 -8 5 -9 5 -9 5 -9 5 -9 5 -9 5 -9 5 -9 5 -9 0 0 5 -9 5 -9 5 -9 5 -9 5 -9 6 -9 6 -9 6 -9 6 -8 6 -8 6 -8 6 -8 6 -7 6 -7 6 -6 6 -6 6 -6 6 -6 6 -5 6 -5 6 -5 6 -5 6 -4 6 -4 6 -4 6 -3 0 0 0 0 0 0 0 0 0 0 ]
CSI_DATA,AP,10:B4:1D:CC:60:E0,-34,11,1,7,1,1,1,1,0,0,1,-92,0,6,2,12307244,0,68,0,0,12.0167,384,[0 0 0 0 0 0 0 0 0 0 0 0 -11 2 -11 2 -11 2 -11 2 -11 3 -11 2 -10 2 -10 3 -10 3 -10 3 -10 3 -10 3 -10 4 -9 4 -9 4 -9 4 -9 4 -9 4 -9 5 -9 5 -9 5 -9 5 -9 5 -9 5 -9 5 -9 5 0 0 -10 5 -10 5 -10 5 -10 5 -10 5 -10 5 -10 5 -10 4 -10 4 -10 3 -10 3 -10 3 -10 3 -10 3 -9 2 -9 2 -9 2 -9 1 -9 1 -8 1 -8 0 -8 0 -8 0 -8 0 -8 -1 -7 -1 0 0 0 0 0 0 0 0 0 0 ]
CSI_DATA,AP,10:B4:1D:CC:60:E0,-34,11,1,7,1,1,1,1,0,0,1,-92,0,6,2,12397293,0,68,0,0,12.1067,384,[0 0 0 0 0 0 0 0 0 0 0 0 9 5 9 5 9 5 9 4 9 4 9 4 9 4 9 4 8 4 8 3 9 3 9 3 9 2 9 2 9 2 9 2 9 2 9 1 9 1 9 1 9 1 9 1 9 1 10 0 10 1 10 0 0 0 10 1 10 1 10 1 10 1 10 1 10 1 10 2 9 2 9 2 9 2 9 2 9 2 8 2 8 3 8 3 8 3 7 3 7 3 7 3 6 3 6 3 6 3 5 3 5 4 5 4 5 4 0 0 0 0 0 0 0 0 0 0 ]
CSI_DATA,AP,10:B4:1D:CC:60:E0,-34,11,1,7,1,1,1,1,0,0,1,-92,0,6,2,12490730,0,68,0,0,12.2001,384,[0 0 0 0 0 0 0 0 0 0 0 0 8 6 7 6 8 6 8 6 8 6 8 5 8 5 8 5 8 5 8 5 8 4 8 4 8 4 8 3 8 3 9 3 8 3 9 3 9 3 9 3 9 3 9 3 9 2 10 2 9 2 9 2 0 0 9 2 10 2 10 2 10 2 10 2 10 3 9 3 9 3 9 3 9 3 9 3 8 3 8 4 7 4 8 4 7 3 7 4 7 4 6 4 6 4 6 4 5 4 5 4 5 5 5 4 4 5 0 0 0 0 0 0 0 0 0 0 ]
CSI_DATA,AP,10:B4:1D:CC:60:E0,-34,11,1,7,1,1,1,1,0,0,1,-92,0,6,2,12577280,0,68,0,0,12.2867,384,[0 0 0 0 0 0 0 0 0 0 0 0 8 -7 8 -6 8 -6 7 -7 8 -7 7 -7 7 -7 7 -7 7 -7 7 -7 6 -7 6 -7 6 -8 6 -8 6 -8 6 -8 5 -8 5 -8 5 -8 5 -8 5 -8 5 -9 5 -9 5 -9 5 -9 5 -9 0 0 5 -9 5 -9 5 -9 6 -9 5 -9 6 -9 6 -9 6 -9 6 -8 6 -8 6 -8 6 -8 6 -7 6 -7 6 -7 6 -6 6 -6 6 -6 6 -5 6 -5 6 -5 6 -5 6 -5 6 -4 6 -3 6 -3 0 0 0 0 0 0 0 0 0 0 ]
CSI_DATA,AP,10:B4:1D:CC:60:E0,-34,11,1,7,1,1,1,1,0,0,1,-92,0,6,2,12667253,0,68,0,0,12.3767,384,[0 0 0 0 0 0 0 0 0 0 0 0 9 -6 9 -6 9 -6 9 -6 8 -6 8 -6 8 -6 8 -6 7 -6 7 -7 7 -7 7 -7 7 -7 7 -7 7 -7 6 -7 6 -8 6 -8 6 -8 6 -8 6 -8 6 -9 6 -8 6 -9 5 -9 5 -9 0 0 6 -9 6 -9 6 -9 6 -9 6 -9 6 -9 6 -9 6 -9 6 -8 6 -8 6 -8 6 -8 6 -7 6 -7 6 -6 6 -6 6 -6 6 -6 6 -5 6 -5 6 -5 6 -5 6 -4 6 -4 6 -4 6 -3 0 0 0 0 0 0 0 0 0 0 ]
CSI_DATA,AP,10:B4:1D:CC:60:E0,-34,11,1,7,1,1,1,1,0,0,1,-92,0,6,2,12757305,0,68,0,0,12.4667,384,[0 0 0 0 0 0 0 0 0 0 0 0 -8 -8 -8 -8 -8 -8 -8 -8 -8 -8 -8 -7 -8 -7 -8 -7 -8 -7 -8 -6 -9 -6 -9 -6 -9 -6 -9 -6 -9 -6 -9 -5 -9 -5 -9 -5 -10 -5 -10 -5 -10 -5 -10 -5 -10 -4 -10 -4 -10 -4 -10 -4 0 0 -10 -5 -10 -4 -10 -5 -10 -5 -10 -5 -10 -5 -10 -6 -10 -6 -10 -5 -9 -6 -9 -5 -9 -6 -9 -6 -8 -6 -8 -6 -8 -6 -7 -6 -7 -6 -7 -6 -6 -6 -6 -6 -6 -6 -5 -6 -5 -6 -5 -6 -4 -6 0 0 0 0 0 0 0 0 0 0 ]
CSI_DATA,AP,10:B4:1D:CC:60:E0,-34,11,1,7,1,1,1,1,0,0,1,-92,0,6,2,12847361,0,68,0,0,12.5568,384,[0 0 0 0 0 0 0 0 0 0 0 0 -10 6 -9 6 -10 6 -9 6 -9 6 -9 6 -9 6 -9 6 -8 6 -8 7 -8 6 -8 7 -8 7 -7 7 -7 7 -7 8 -7 7 -7 8 -6 8 -6 8 -6 8 -7 8 -6 8 -6 9 -6 9 -6 9 0 0 -6 9 -6 9 -6 9 -6 9 -6 9 -7 9 -7 9 -7 9 -7 8 -8 8 -7 8 -7 8 -7 7 -7 7 -7 7 -7 6 -7 6 -7 5 -7 5 -7 5 -7 5 -7 4 -7 4 -7 4 -7 3 -7 3 0 0 0 0 0 0 0 0 0 0 ]
CSI_DATA,AP,10:B4:1D:CC:60:E0,-34,11,1,7,1,1,1,1,0,0,1,-92,0,6,2,12937219,0,68,0,0,12.6466,384,[0 0 0 0 0 0 0 0 0 0 0 0 11 -2 11 -2 11 -2 11 -2 11 -2 11 -2 10 -2 10 -2 10 -3 10 -3 10 -3 10 -3 10 -4 9 -4 10 -4 9 -4 9 -4 9 -5 9 -5 10 -5 9 -5 9 -5 9 -6 9 -6 10 -6 9 -6 0 0 10 -6 10 -6 10 -6 10 -6 10 -6 10 -6 10 -5 10 -5 10 -4 10 -4 10 -4 10 -4 9 -4 9 -3 9 -3 9 -3 9 -2 9 -2 8 -2 8 -1 8 -1 8 -1 8 -1 7 -1 7 0 7 0 0 0 0 0 0 0 0 0 0 0 ]
CSI_DATA,AP,10:B4:1D:CC:60:E0,-34,11,1,7,1,1,1,1,0,0,1,-92,0,6,2,13027273,0,68,0,0,12.7367,384,[0 0 0 0 0 0 0 0 0 0 0 0 -6 -10 -5 -10 -6 -10 -6 -10 -6 -10 -6 -10 -6 -9 -6 -9 -6 -9 -6 -9 -7 -9 -7 -9 -7 -8 -8 -8 -8 -8 -8 -8 -7 -8 -8 -7 -8 -7 -8 -7 -8 -7 -9 -7 -9 -7 -9 -7 -9 -7 -9 -7 0 0 -9 -7 -9 -7 -10 -8 -9 -7 -9 -8 -9 -8 -9 -8 -9 -8 -8 -8 -8 -8 -8 -8 -8 -8 -7 -8 -7 -8 -7 -8 -6 -8 -6 -8 -6 -7 -5 -7 -5 -8 -5 -8 -4 -8 -4 -8 -4 -7 -4 -7 -3 -7 0 0 0 0 0 0 0 0 0 0 ]
CSI_DATA,AP,10:B4:1D:CC:60:E0,-34,11,1,7,1,1,1,1,0,0,1,-92,0,6,2,13117367,0,68,0,0,12.8268,384,[0 0 0 0 0 0 0 0 0 0 0 0 -1 11 0 11 0 10 0 11 0 10 0 10 0 10 0 10 0 10 1 10 1 10 2 10 2 10 2 10 2 10 2 9 2 10 3 9 3 10 3 9 3 10 3 10 4 9 4 10 4 10 4 10 0 0 4 10 4 10 4 10 4 10 4 10 4 10 3 10 3 10 2 10 2 10 2 10 2 10 2 10 2 10 1 9 1 9 1 9 0 9 0 8 0 8 0 8 -1 8 -1 8 -1 7 -1 7 -2 7 0 0 0 0 0 0 0 0 0 0 ]
CSI_DATA,AP,10:B4:1D:CC:60:E0,-31,11,1,7,0,1,1,1,0,0,1,-92,0,6,2,13207602,0,68,0,0,12.917,256,[0 0 0 0 0 0 0 0 0 0 0 0 -14 6 -13 6 -13 6 -13 6 -13 6 -12 6 -12 7 -12 7 -12 7 -12 7 -12 7 -11 7 -11 7 -11 8 -11 8 -11 8 -10 8 -10 9 -10 9 -10 9 -9 10 -9 10 -10 10 -10 10 -10 10 -10 10 0 0 -10 11 -10 11 -10 10 -10 10 -10 10 -10 10 -10 10 -10 10 -11 9 -11 9 -11 8 -11 8 -11 7 -10 7 -11 7 -10 6 -11 6 -10 6 -10 5 -10 5 -10 5 -10 4 -10 4 -10 3 -10 3 -10 2 0 0 0 0 0 0 0 0 0 0 ]
CSI_DATA,AP,10:B4:1D:CC:60:E0,-34,11,1,7,1,1,1,1,0,0,1,-92,0,6,2,13297227,0,68,0,0,13.0066,384,[0 0 0 0 0 0 0 0 0 0 0 0 -2 -11 -2 -11 -2 -11 -2 -11 -2 -11 -3 -11 -2 -11 -2 -10 -3 -11 -3 -10 -3 -10 -4 -10 -4 -10 -4 -10 -4 -10 -4 -10 -4 -10 -4 -9 -5 -10 -5 -10 -5 -10 -5 -10 -5 -9 -6 -9 -6 -9 -6 -10 0 0 -6 -10 -6 -10 -6 -10 -6 -10 -5 -10 -5 -11 -5 -10 -5 -10 -4 -10 -4 -10 -4 -10 -4 -10 -3 -10 -3 -10 -3 -9 -2 -9 -2 -9 -2 -9 -1 -9 -1 -9 -1 -8 -1 -8 -1 -8 0 -8 0 -8 0 -7 0 0 0 0 0 0 0 0 0 0 ]
CSI_DATA,AP,10:B4:1D:CC:60:E0,-34,11,1,7,1,1,1,1,0,0,1,-92,0,6,2,13387345,0,68,0,0,13.0968,384,[0 0 0 0 0 0 0 0 0 0 0 0 9 4 9 4 9 4 9 4 9 4 9 3 9 4 9 3 9 3 9 3 9 2 9 2 9 2 9 2 9 1 9 1 9 1 10 1 9 0 10 1 9 0 10 0 10 0 10 0 10 0 10 0 0 0 10 0 10 0 10 0 10 0 10 0 10 0 10 1 10 1 10 1 10 1 10 1 9 1 9 2 9 2 9 2 8 2 8 2 8 2 8 2 7 3 7 3 7 3 7 3 6 3 6 3 5 4 0 0 0 0 0 0 0 0 0 0 ]
CSI_DATA,AP,10:B4:1D:CC:60:E0,-34,11,1,7,1,1,1,1,0,0,1,-92,0,6,2,13477185,0,68,0,0,13.1866,384,[0 0 0 0 0 0 0 0 0 0 0 0 -10 -7 -10 -6 -10 -7 -10 -6 -10 -6 -10 -6 -10 -6 -10 -6 -10 -6 -10 -5 -10 -5 -10 -5 -10 -4 -10 -4 -10 -4 -10 -4 -10 -3 -11 -3 -10 -3 -11 -3 -10 -3 -11 -3 -11 -3 -11 -3 -11 -3 -11 -3 0 0 -11 -3 -12 -3 -11 -3 -12 -3 -11 -3 -12 -3 -11 -3 -11 -4 -11 -4 -11 -4 -10 -4 -10 -4 -10 -4 -9 -5 -9 -4 -9 -5 -9 -5 -8 -5 -8 -5 -8 -5 -8 -5 -7 -5 -7 -5 -6 -5 -6 -6 -6 -6 0 0 0 0 0 0 0 0 0 0 ]
CSI_DATA,AP,10:B4:1D:CC:60:E0,-34,11,1,7,1,1,1,1,0,0,1,-92,0,6,2,13567315,0,68,0,0,13.2767,384,[0 0 0 0 0 0 0 0 0 0 0 0 9 -7 8 -7 8 -7 8 -7 8 -7 8 -7 8 -7 8 -7 7 -7 7 -7 7 -8 7 -7 6 -8 6 -8 6 -8 6 -8 6 -8 6 -8 6 -9 6 -9 6 -8 6 -9 5 -9 5 -9 5 -9 5 -9 0 0 6 -9 6 -9 6 -9 6 -9 6 -9 6 -9 6 -9 6 -8 6 -8 6 -8 6 -8 6 -8 6 -7 6 -7 6 -6 6 -7 6 -6 6 -5 6 -5 6 -5 6 -4 6 -4 6 -4 6 -4 6 -4 6 -3 0 0 0 0 0 0 0 0 0 0 ]
CSI_DATA,AP,10:B4:1D:CC:60:E0,-34,11,1,7,1,1,1,1,0,0,1,-92,0,6,2,13657247,0,68,0,0,13.3667,384,[0 0 0 0 0 0 0 0 0 0 0 0 10 -1 10 -1 10 -1 10 -1 10 -1 10 -1 10 -2 10 -2 10 -2 10 -2 10 -2 9 -2 9 -2 9 -3 9 -3 9 -3 9 -3 9 -4 9 -4 9 -4 9 -4 9 -4 9 -5 9 -5 9 -5 9 -5 0 0 9 -5 9 -5 9 -5 9 -5 10 -5 10 -4 10 -4 10 -4 10 -4 10 -3 9 -3 9 -3 9 -3 9 -3 9 -2 9 -2 8 -2 8 -2 8 -2 8 -1 7 -1 7 -1 7 0 7 0 7 0 7 1 0 0 0 0 0 0 0 0 0 0 ]
CSI_DATA,AP,10:B4:1D:CC:60:E0,-34,11,1,7,1,1,1,1,0,0,1,-92,0,6,2,13747218,0,68,0,0,13.4566,384,[0 0 0 0 0 0 0 0 0 0 0 0 10 0 10 -1 10 -1 10 -1 10 -1 10 -1 10 -1 10 -1 9 -1 9 -2 9 -2 9 -2 9 -2 9 -3 9 -3 9 -3 9 -3 9 -3 9 -4 9 -4 9 -4 9 -4 9 -4 9 -5 9 -5 9 -4 0 0 10 -4 9 -4 10 -5 9 -4 10 -4 10 -4 10 -4 10 -3 10 -3 9 -3 9 -3 9 -3 9 -3 9 -2 9 -2 9 -2 8 -1 8 -1 8 0 8 0 8 0 7 0 7 0 7 0 7 1 7 1 0 0 0 0 0 0 0 0 0 0 ]
CSI_DATA,AP,10:B4:1D:CC:60:E0,-34,11,1,7,1,1,1,1,0,0,1,-92,0,6,2,13837172,0,68,0,0,13.5466,384,[0 0 0 0 0 0 0 0 0 0 0 0 10 2 9 2 10 2 9 2 9 2 9 2 9 2 9 1 9 1 9 1 9 1 9 0 9 0 9 0 9 0 9 -1 9 -1 9 -1 9 -1 9 -1 9 -1 9 -1 9 -2 10 -2 9 -2 9 -2 0 0 9 -2 10 -2 10 -2 10 -2 10 -1 10 -1 10 -1 10 -1 9 0 10 0 9 0 9 0 9 0 8 0 9 1 8 1 8 1 7 1 7 1 7 1 7 2 7 2 7 2 6 2 6 3 6 3 0 0 0 0 0 0 0 0 0 0 ]
CSI_DATA,AP,10:B4:1D:CC:60:E0,-34,11,1,7,1,1,1,1,0,0,1,-92,0,6,2,13927125,0,68,0,0,13.6365,384,[0 0 0 0 0 0 0 0 0 0 0 0 7 7 7 7 7 7 7 7 7 6 7 6 7 6 7 6 7 5 7 5 7 5 7 5 8 5 7 4 8 4 8 4 8 4 8 3 8 3 8 3 8 3 8 3 9 3 9 3 9 3 9 3 0 0 9 3 9 3 9 3 9 3 9 4 9 4 9 4 8 4 8 4 8 4 8 4 8 4 8 4 7 4 7 4 6 5 7 5 6 5 6 5 5 5 5 5 5 5 5 5 4 5 4 5 3 5 0 0 0 0 0 0 0 0 0 0 ]
CSI_DATA,AP,10:B4:1D:CC:60:E0,-33,11,1,7,1,1,1,1,0,0,1,-92,0,6,2,14017263,0,68,0,0,13.7267,384,[0 0 0 0 0 0 0 0 0 0 0 0 1 10 1 10 1 10 1 10 1 10 1 9 1 9 1 9 1 9 2 9 2 9 2 9 3 9 3 9 3 9 3 8 3 8 3 8 4 8 4 8 4 8 4 8 4 8 5 8 5 8 4 8 0 0 4 9 5 9 5 9 5 9 5 9 4 9 4 9 3 9 3 9 3 9 3 9 3 9 3 9 2 9 2 8 2 8 1 8 1 8 1 8 1 8 0 7 0 7 0 7 0 7 -1 7 -1 7 0 0 0 0 0 0 0 0 0 0 ]
CSI_DATA,AP,10:B4:1D:CC:60:E0,-34,11,1,7,1,1,1,1,0,0,1,-92,0,6,2,14107319,0,68,0,0,13.8167,384,[0 0 0 0 0 0 0 0 0 0 0 0 -6 -9 -6 -9 -6 -9 -6 -9 -6 -9 -6 -9 -6 -9 -6 -8 -6 -8 -7 -8 -7 -8 -7 -8 -7 -8 -7 -7 -7 -7 -8 -7 -7 -7 -8 -7 -8 -6 -8 -6 -8 -7 -8 -6 -8 -6 -9 -6 -9 -6 -9 -6 0 0 -9 -7 -9 -6 -9 -6 -9 -7 -9 -7 -9 -7 -9 -7 -9 -7 -8 -7 -8 -7 -8 -7 -8 -7 -7 -7 -7 -7 -7 -7 -7 -7 -6 -8 -6 -7 -6 -7 -5 -7 -5 -7 -5 -7 -5 -7 -4 -7 -4 -7 -3 -7 0 0 0 0 0 0 0 0 0 0 ]
CSI_DATA,AP,10:B4:1D:CC:60:E0,-34,11,1,7,1,1,1,1,0,0,1,-92,0,6,2,14197327,0,68,0,0,13.9067,384,[0 0 0 0 0 0 0 0 0 0 0 0 -5 10 -4 9 -4 10 -4 9 -4 10 -4 9 -4 9 -4 9 -3 9 -3 10 -3 9 -2 9 -2 9 -2 9 -2 9 -1 9 -1 9 -1 9 -1 9 0 10 -1 9 0 10 0 10 0 10 0 10 0 10 0 0 0 10 0 10 0 10 0 10 0 10 0 11 0 11 -1 10 -1 10 -1 10 -1 10 -2 10 -2 9 -2 9 -2 9 -2 8 -2 9 -3 8 -3 7 -3 7 -3 7 -3 7 -4 7 -4 6 -4 6 -4 6 0 0 0 0 0 0 0 0 0 0 ]
CSI_DATA,AP,10:B4:1D:CC:60:E0,-33,11,1,7,1,1,1,1,0,0,1,-92,0,6,2,14287222,0,68,0,0,13.9966,384,[0 0 0 0 0 0 0 0 0 0 0 0 -8 7 -7 7 -7 7 -7 7 -7 7 -7 7 -7 7 -7 7 -7 7 -6 7 -6 8 -6 8 -6 8 -5 8 -5 8 -5 8 -5 8 -5 8 -4 8 -4 8 -4 8 -4 9 -4 9 -4 9 -4 9 -4 9 0 0 -4 9 -4 10 -4 9 -4 9 -5 9 -5 9 -5 9 -5 9 -6 9 -6 9 -5 8 -6 8 -6 8 -6 7 -6 7 -6 7 -6 7 -6 6 -6 6 -6 5 -6 5 -6 5 -6 5 -6 4 -6 4 -7 3 0 0 0 0 0 0 0 0 0 0 ]
CSI_DATA,AP,10:B4:1D:CC:60:E0,-34,11,1,7,1,1,1,1,0,0,1,-92,0,6,2,14377290,0,68,0,0,14.0867,384,[0 0 0 0 0 0 0 0 0 0 0 0 -3 -11 -3 -11 -3 -11 -3 -10 -3 -10 -4 -10 -4 -10 -3 -10 -4 -10 -4 -10 -4 -10 -4 -9 -5 -9 -5 -9 -5 -9 -5 -9 -5 -9 -6 -9 -6 -9 -6 -9 -6 -9 -6 -9 -6 -9 -7 -9 -7 -9 -7 -9 0 0 -7 -9 -7 -9 -7 -9 -7 -9 -6 -10 -6 -10 -6 -10 -6 -10 -5 -10 -5 -10 -5 -10 -5 -10 -4 -10 -4 -10 -4 -9 -4 -9 -3 -9 -3 -9 -3 -9 -2 -8 -2 -9 -2 -9 -1 -8 -1 -8 -1 -8 0 -8 0 0 0 0 0 0 0 0 0 0 ]
CSI_DATA,AP,10:B4:1D:CC:60:E0,-34,11,1,7,1,1,1,1,0,0,1,-92,0,6,2,14467456,0,68,0,0,14.1769,384,[0 0 0 0 0 0 0 0 0 0 0 0 -9 -6 -9 -6 -9 -6 -10 -6 -9 -6 -10 -5 -9 -5 -9 -5 -9 -5 -9 -5 -10 -4 -9 -4 -10 -4 -10 -3 -10 -4 -10 -3 -10 -3 -10 -3 -10 -2 -10 -2 -10 -3 -10 -3 -10 -2 -11 -1 -11 -2 -11 -1 0 0 -11 -2 -11 -2 -11 -2 -11 -2 -11 -2 -11 -3 -11 -3 -11 -3 -11 -3 -11 -3 -11 -3 -10 -3 -10 -3 -10 -4 -9 -4 -9 -4 -9 -4 -9 -4 -8 -4 -8 -4 -8 -5 -7 -5 -7 -5 -7 -5 -7 -5 -6 -5 0 0 0 0 0 0 0 0 0 0 ]
CSI_DATA,AP,10:B4:1D:CC:60:E0,-34,11,1,7,1,1,1,1,0,0,1,-92,0,6,2,14557319,0,68,0,0,14.2667,384,[0 0 0 0 0 0 0 0 0 0 0 0 3 -11 3 -11 3 -11 2 -11 2 -10 2 -11 2 -10 1 -10 1 -10 1 -11 1 -10 1 -10 1 -10 0 -10 0 -10 0 -10 -1 -10 -1 -11 -1 -11 -1 -11 -1 -11 -2 -11 -2 -11 -2 -11 -2 -11 -2 -11 0 0 -2 -11 -2 -11 -2 -11 -2 -11 -2 -12 -2 -12 -2 -12 -1 -12 -1 -11 -1 -11 -1 -11 -1 -11 0 -11 0 -11 0 -10 0 -10 0 -10 0 -9 1 -9 1 -9 1 -9 1 -9 2 -8 2 -8 2 -8 2 -7 0 0 0 0 0 0 0 0 0 0 ]
CSI_DATA,AP,10:B4:1D:CC:60:E0,-33,11,1,7,1,1,1,1,0,0,1,-92,0,6,2,14647365,0,68,0,0,14.3568,384,[0 0 0 0 0 0 0 0 0 0 0 0 -4 9 -4 10 -4 9 -4 9 -4 9 -4 10 -4 9 -3 9 -3 9 -2 9 -2 9 -2 9 -2 9 -2 9 -1 10 -1 9 -1 9 -1 9 0 10 0 9 0 10 0 10 0 10 1 10 1 10 1 10 0 0 1 10 1 10 1 11 1 10 0 10 0 10 0 11 0 10 -1 10 -1 10 -1 10 -1 10 -1 10 -1 10 -2 9 -2 9 -2 9 -2 8 -2 8 -3 8 -3 8 -3 8 -3 7 -3 7 -4 7 -4 6 0 0 0 0 0 0 0 0 0 0 ]
CSI_DATA,AP,10:B4:1D:CC:60:E0,-34,11,1,7,1,1,1,1,0,0,1,-92,0,6,2,14738187,0,68,0,0,14.4476,384,[0 0 0 0 0 0 0 0 0 0 0 0 -3 10 -3 10 -3 10 -3 10 -3 10 -2 9 -2 9 -2 10 -2 9 -2 10 -1 9 -1 9 -1 9 -1 9 0 9 0 9 0 9 0 9 0 9 0 9 1 9 1 9 2 9 2 10 2 10 2 10 0 0 1 10 2 10 1 10 2 10 1 10 1 10 1 10 0 10 0 10 0 10 0 10 0 10 0 10 -1 9 -1 9 -1 9 -1 9 -1 8 -2 8 -2 8 -2 7 -3 7 -3 7 -3 7 -3 6 -3 6 0 0 0 0 0 0 0 0 0 0 ]
CSI_DATA,AP,10:B4:1D:CC:60:E0,-33,11,1,7,1,1,1,1,0,0,1,-92,0,6,2,14827271,0,68,0,0,14.5367,384,[0 0 0 0 0 0 0 0 0 0 0 0 -3 -11 -2 -11 -2 -11 -2 -11 -3 -11 -3 -11 -3 -10 -3 -10 -3 -10 -4 -10 -4 -10 -4 -10 -5 -9 -5 -9 -5 -9 -5 -9 -5 -9 -5 -9 -6 -9 -6 -9 -6 -9 -6 -9 -7 -9 -7 -9 -7 -8 -7 -9 0 0 -7 -9 -7 -9 -7 -9 -7 -9 -7 -9 -7 -10 -6 -10 -7 -10 -6 -10 -6 -9 -6 -9 -6 -9 -6 -10 -5 -10 -5 -9 -4 -9 -4 -9 -4 -9 -4 -9 -3 -8 -3 -9 -2 -9 -3 -8 -2 -8 -2 -8 -2 -8 0 0 0 0 0 0 0 0 0 0 ]
CSI_DATA,AP,10:B4:1D:CC:60:E0,-33,11,1,7,1,1,1,1,0,0,1,-92,0,6,2,14917187,0,68,0,0,14.6266,384,[0 0 0 0 0 0 0 0 0 0 0 0 -10 3 -10 3 -10 4 -10 3 -10 4 -10 4 -10 4 -10 4 -10 4 -9 4 -9 5 -9 5 -9 5 -9 5 -8 5 -8 6 -8 5 -8 6 -8 6 -8 6 -8 6 -8 6 -8 7 -8 7 -8 7 -8 7 0 0 -8 7 -8 7 -8 7 -9 7 -9 7 -9 6 -9 6 -9 6 -9 6 -9 5 -9 6 -9 5 -9 5 -9 4 -9 4 -9 4 -9 4 -9 3 -9 3 -8 2 -9 2 -8 2 -8 2 -8 1 -8 1 -8 0 0 0 0 0 0 0 0 0 0 0 ]
CSI_DATA,AP,10:B4:1D:CC:60:E0,-33,11,1,7,1,1,1,1,0,0,1,-92,0,6,2,15007204,0,68,0,0,14.7166,384,[0 0 0 0 0 0 0 0 0 0 0 0 -6 -11 -6 -10 -6 -10 -6 -10 -6 -10 -6 -10 -6 -10 -6 -9 -6 -9 -6 -9 -7 -9 -7 -9 -7 -9 -7 -8 -8 -8 -7 -8 -7 -8 -8 -7 -8 -8 -8 -7 -8 -7 -8 -7 -9 -7 -9 -7 -9 -7 -9 -7 0 0 -9 -7 -9 -8 -9 -8 -9 -7 -9 -8 -9 -8 -9 -8 -9 -8 -9 -8 -8 -8 -8 -9 -8 -8 -7 -9 -7 -8 -7 -8 -7 -8 -6 -8 -6 -8 -5 -8 -5 -8 -5 -8 -5 -8 -4 -8 -4 -8 -3 -8 -3 -8 0 0 0 0 0 0 0 0 0 0 ]
CSI_DATA,AP,10:B4:1D:CC:60:E0,-33,11,1,7,1,1,1,1,0,0,1,-92,0,6,2,15097385,0,68,0,0,14.8068,384,[0 0 0 0 0 0 0 0 0 0 0 0 9 4 9 3 10 3 9 3 9 3 10 3 9 2 9 2 9 2 9 2 10 2 9 1 9 1 9 1 9 1 9 0 9 0 9 0 10 0 10 -1 10 -1 10 -1 10 -1 10 -1 10 -1 10 -1 0 0 10 -1 11 -1 11 -1 11 -1 11 -1 11 -1 11 0 10 0 10 0 10 0 10 0 10 1 9 1 9 1 9 1 9 2 9 2 9 2 8 2 8 2 7 2 7 3 7 3 7 3 7 3 6 4 0 0 0 0 0 0 0 0 0 0 ]
CSI_DATA,AP,10:B4:1D:CC:60:E0,-33,11,1,7,1,1,1,1,0,0,1,-92,0,6,2,15187286,0,68,0,0,14.8967,384,[0 0 0 0 0 0 0 0 0 0 0 0 -11 -3 -11 -3 -12 -3 -11 -3 -11 -3 -11 -2 -11 -2 -11 -2 -11 -2 -11 -2 -11 -1 -11 -1 -11 -1 -11 0 -11 0 -11 0 -11 0 -11 1 -10 1 -11 1 -11 1 -11 1 -11 2 -11 2 -11 2 -12 2 0 0 -12 2 -12 2 -11 2 -12 2 -12 2 -12 2 -12 2 -12 1 -12 1 -12 1 -11 1 -11 1 -11 1 -11 0 -11 0 -10 0 -10 0 -10 -1 -10 -1 -10 -1 -9 -2 -9 -2 -9 -2 -9 -2 -9 -3 -8 -3 0 0 0 0 0 0 0 0 0 0 ]
CSI_DATA,AP,10:B4:1D:CC:60:E0,-33,11,1,7,1,1,1,1,0,0,1,-92,0,6,2,15277355,0,68,0,0,14.9868,384,[0 0 0 0 0 0 0 0 0 0 0 0 9 5 9 5 9 5 9 4 9 4 9 4 9 4 9 4 9 4 9 3 9 3 9 3 9 3 9 2 9 2 9 2 9 2 9 1 9 1 10 1 9 1 10 1 10 1 10 1 10 1 10 1 0 0 10 1 11 1 10 1 11 1 10 1 11 1 11 2 10 2 10 2 10 2 10 2 10 2 9 3 9 3 9 3 8 3 8 3 8 3 7 4 7 4 7 4 7 4 6 4 6 4 6 5 5 5 0 0 0 0 0 0 0 0 0 0 ]
CSI_DATA,AP,10:B4:1D:CC:60:E0,-33,11,1,7,1,1,1,1,0,0,1,-92,0,6,2,15367494,0,68,0,0,15.0769,384,[0 0 0 0 0 0 0 0 0 0 0 0 -8 8 -8 8 -8 8 -8 8 -8 8 -7 8 -7 8 -7 8 -7 8 -6 8 -6 8 -6 8 -6 9 -5 9 -5 9 -5 9 -5 9 -5 9 -4 10 -4 10 -4 10 -4 10 -4 10 -3 10 -3 10 -4 10 0 0 -3 11 -4 11 -4 11 -4 10 -4 11 -4 11 -4 11 -4 10 -5 10 -5 10 -5 9 -5 10 -5 9 -5 9 -5 8 -5 8 -5 8 -5 8 -5 7 -5 7 -6 7 -6 6 -6 6 -6 6 -6 5 -6 5 0 0 0 0 0 0 0 0 0 0 ]
CSI_DATA,AP,10:B4:1D:CC:60:E0,-32,11,1,7,1,1,1,1,0,0,1,-92,0,6,2,15460449,0,68,0,0,15.1699,384,[0 0 0 0 0 0 0 0 0 0 0 0 -4 9 -5 9 -4 10 -4 10 -4 9 -4 10 -4 9 -4 9 -3 9 -3 9 -3 9 -2 9 -2 10 -2 9 -2 9 -2 9 -1 9 -1 9 -1 10 -1 10 -1 10 -1 10 0 10 0 10 0 10 0 10 0 0 0 10 0 11 0 11 0 10 -1 11 -1 11 -1 11 -1 11 -1 10 -1 10 -2 10 -2 10 -2 10 -2 10 -2 9 -3 9 -3 9 -3 8 -3 8 -3 7 -4 7 -4 7 -4 7 -4 7 -4 6 -5 6 0 0 0 0 0 0 0 0 0 0 ]
CSI_DATA,AP,10:B4:1D:CC:60:E0,-32,11,1,7,1,1,1,1,0,0,1,-92,0,6,2,15547314,0,68,0,0,15.2567,384,[0 0 0 0 0 0 0 0 0 0 0 0 -9 -7 -9 -7 -9 -6 -9 -7 -9 -6 -9 -6 -9 -6 -9 -6 -9 -6 -9 -5 -9 -5 -9 -5 -9 -5 -9 -4 -9 -4 -9 -4 -10 -4 -10 -4 -10 -4 -10 -4 -10 -3 -10 -4 -10 -3 -10 -3 -10 -3 -10 -3 0 0 -11 -3 -11 -3 -11 -3 -11 -4 -11 -4 -10 -4 -10 -4 -10 -4 -10 -5 -10 -5 -10 -5 -9 -5 -9 -5 -9 -5 -8 -5 -8 -5 -8 -5 -8 -5 -7 -6 -7 -6 -7 -6 -6 -6 -6 -6 -6 -6 -5 -6 -5 -6 0 0 0 0 0 0 0 0 0 0 ]
CSI_DATA,AP,10:B4:1D:CC:60:E0,-32,11,1,7,1,1,1,1,0,0,1,-92,0,6,2,15637431,0,68,0,0,15.3469,384,[0 0 0 0 0 0 0 0 0 0 0 0 -4 -11 -4 -11 -5 -10 -5 -10 -5 -10 -5 -10 -5 -10 -5 -10 -5 -10 -5 -9 -5 -10 -5 -9 -5 -9 -6 -9 -6 -9 -6 -8 -6 -9 -7 -8 -7 -8 -7 -8 -7 -8 -7 -8 -7 -8 -8 -8 -8 -8 -8 -8 0 0 -8 -8 -8 -8 -8 -8 -8 -8 -8 -9 -8 -9 -7 -9 -7 -9 -7 -9 -6 -9 -6 -9 -6 -9 -5 -9 -5 -9 -5 -9 -5 -9 -4 -9 -4 -9 -4 -8 -3 -8 -3 -8 -3 -8 -2 -8 -2 -8 -2 -8 -1 -8 0 0 0 0 0 0 0 0 0 0 ]
CSI_DATA,AP,10:B4:1D:CC:60:E0,-32,11,1,7,1,1,1,1,0,0,1,-92,0,6,2,15727217,0,68,0,0,15.4366,384,[0 0 0 0 0 0 0 0 0 0 0 0 -3 10 -3 10 -3 10 -2 10 -2 9 -2 10 -2 9 -2 9 -1 9 -1 9 -1 9 -1 9 0 9 0 9 0 9 0 9 0 9 1 9 1 10 1 9 1 9 1 9 1 9 2 10 2 9 2 10 0 0 2 10 2 10 2 10 2 10 1 10 1 10 1 10 1 10 0 10 1 9 0 9 0 9 0 9 -1 9 -1 9 -1 8 -1 8 -1 8 -1 8 -2 7 -2 7 -2 7 -2 7 -3 7 -3 6 -3 6 0 0 0 0 0 0 0 0 0 0 ]

