--- Warning: GDB cannot open serial ports accessed as COMx
--- Using \\.\COM5 instead...
--- esp-idf-monitor 1.9.0 on \\.\COM5 115200
--- Quit: Ctrl+] | Menu: Ctrl+T | Help: Ctrl+T followed by Ctrl+H
Executing action: monitor
Running idf_monitor in directory C:\ESP32-CSI-Tool\active_ap
Executing "C:\Espressif\python_env\idf5.5_py3.11_env\Scripts\python.exe C:\Espressif\frameworks\esp-idf-v5.5.4-3\tools/idf_monitor.py -p COM5 -b 115200 --toolchain-prefix xtensa-esp32s3-elf- --target esp32s3 --revision 0 C:\ESP32-CSI-Tool\active_ap\build\active-ap.elf C:\ESP32-CSI-Tool\active_ap\build\bootloader\bootloader.elf --force-color -m 'C:\Espressif\python_env\idf5.5_py3.11_env\Scripts\python.exe' 'C:\Espressif\frameworks\esp-idf-v5.5.4-3\tools\idf.py' '-p' 'COM5'"...
ESP-ROM:esp32s3-20210327
Build:Mar 27 2021
rst:0x1 (POWERON),boot:0x8 (SPI_FAST_FLASH_BOOT)
SPIWP:0xee
mode:DIO, clock div:1
load:0x3fce2820,len:0x14f0
load:0x403c8700,len:0xd24
--- 0x403c8700: _stext at ??:?
load:0x403cb700,len:0x2ef0
entry 0x403c8924
--- 0x403c8924: call_start_cpu0 at C:/Espressif/frameworks/esp-idf-v5.5.4-3/components/bootloader/subproject/main/bootloader_start.c:27
I (24) boot: ESP-IDF v5.5.4 2nd stage bootloader
I (25) boot: compile time Jun 25 2026 19:04:14
I (25) boot: Multicore bootloader
I (25) boot: chip revision: v0.2
I (28) boot: efuse block revision: v1.3
I (31) boot.esp32s3: Boot SPI Speed : 80MHz
I (35) boot.esp32s3: SPI Mode       : DIO
I (39) boot.esp32s3: SPI Flash Size : 2MB
I (43) boot: Enabling RNG early entropy source...
I (47) boot: Partition Table:
I (50) boot: ## Label            Usage          Type ST Offset   Length
I (56) boot:  0 nvs              WiFi data        01 02 00009000 00006000
I (63) boot:  1 phy_init         RF data          01 01 0000f000 00001000
I (69) boot:  2 factory          factory app      00 00 00010000 00100000
I (76) boot: End of partition table
I (79) esp_image: segment 0: paddr=00010020 vaddr=3c0c0020 size=1e414h (123924) map
I (108) esp_image: segment 1: paddr=0002e43c vaddr=3fc9a400 size=01bdch (  7132) load
I (110) esp_image: segment 2: paddr=00030020 vaddr=42000020 size=b082ch (722988) map
I (239) esp_image: segment 3: paddr=000e0854 vaddr=3fc9bfdc size=03320h ( 13088) load
I (242) esp_image: segment 4: paddr=000e3b7c vaddr=40374000 size=1631ch ( 90908) load
I (263) esp_image: segment 5: paddr=000f9ea0 vaddr=50000000 size=00020h (    32) load
I (272) boot: Loaded app from partition at offset 0x10000
I (272) boot: Disabling RNG early entropy source...
I (282) cpu_start: Multicore app
I (291) cpu_start: GPIO 44 and 43 are used as console UART I/O pins
I (292) cpu_start: Pro cpu start user code
I (292) cpu_start: cpu freq: 160000000 Hz
I (293) app_init: Application information:
I (297) app_init: Project name:     active-ap
I (301) app_init: App version:      cce5b1a-dirty
I (305) app_init: Compile time:     Jul  2 2026 19:28:44
I (311) app_init: ELF file SHA256:  509764614...
I (315) app_init: ESP-IDF:          v5.5.4
I (319) efuse_init: Min chip rev:     v0.0
I (322) efuse_init: Max chip rev:     v0.99 
I (326) efuse_init: Chip rev:         v0.2
I (330) heap_init: Initializing. RAM available for dynamic allocation:
I (337) heap_init: At 3FCA4190 len 00045580 (277 KiB): RAM
I (342) heap_init: At 3FCE9710 len 00005724 (21 KiB): RAM
I (347) heap_init: At 3FCF0000 len 00008000 (32 KiB): DRAM
I (352) heap_init: At 600FE000 len 00001FE8 (7 KiB): RTCRAM
I (359) spi_flash: detected chip: generic
I (361) spi_flash: flash io: dio
W (364) spi_flash: Detected size(16384k) larger than the size in the binary image header(2048k). Using the size in the binary image header.
I (377) sleep_gpio: Configure to isolate all GPIO pins in sleep state
I (383) sleep_gpio: Enable automatic switching of GPIO sleep configuration
I (390) main_task: Started on CPU0
I (410) main_task: Calling app_main()








-----------------------
ESP32 CSI Tool Settings
-----------------------
PROJECT_NAME: ACTIVE_AP
CONFIG_ESPTOOLPY_MONITOR_BAUD: 115200
CONFIG_ESP_CONSOLE_UART_BAUDRATE: 115200
IDF_VER: v5.5.4
-----------------------
WIFI_CHANNEL: 6
ESP_WIFI_SSID: testopen
ESP_WIFI_PASSWORD: 
SHOULD_COLLECT_CSI: 1
SHOULD_COLLECT_ONLY_LLTF: 1
SEND_CSI_TO_SERIAL: 1
SEND_CSI_TO_SD: 0
-----------------------








I (460) pp: pp rom version: e7ae62f
I (460) net80211: net80211 rom version: e7ae62f
I (470) wifi:wifi driver task: 3fced484, prio:23, stack:6656, core=0
I (470) wifi:wifi firmware version: 0947e8b
I (470) wifi:wifi certification version: v7.0
I (470) wifi:config NVS flash: enabled
I (470) wifi:config nano formatting: disabled
I (480) wifi:Init data frame dynamic rx buffer num: 32
I (480) wifi:Init static rx mgmt buffer num: 5
I (490) wifi:Init management short buffer num: 32
I (490) wifi:Init dynamic tx buffer num: 32
I (500) wifi:Init static tx FG buffer num: 2
I (500) wifi:Init static rx buffer size: 2212
I (500) wifi:Init static rx buffer num: 10
I (510) wifi:Init dynamic rx buffer num: 32
I (510) wifi_init: rx ba win: 6
I (510) wifi_init: accept mbox: 6
I (520) wifi_init: tcpip mbox: 32
I (520) wifi_init: udp mbox: 6
I (520) wifi_init: tcp mbox: 6
I (530) wifi_init: tcp tx win: 5760
I (530) wifi_init: tcp rx win: 5760
I (530) wifi_init: tcp mss: 1440
I (540) wifi_init: WiFi IRAM OP enabled
I (540) wifi_init: WiFi RX IRAM OP enabled
W (550) wifi:Affected by the ESP-NOW encrypt num, set the max connection num to 10
I (550) phy_init: phy_version 711,97bcf0a2,Aug 25 2025,19:04:10
I (610) wifi:mode : softAP (10:b4:1d:cc:60:ad)
I (610) wifi:Total power save buffer number: 16
I (610) wifi:Init max length of beacon: 752/752
I (610) wifi:Init max length of beacon: 752/752
I (620) wifi:Set ps type: 0, coexist: 0
I (620) esp_netif_lwip: DHCP server started on interface WIFI_AP_DEF with IP: 192.168.4.1

I (630) Active CSI collection (AP): softap_init finished. SSID:testopen password:
type,role,mac,rssi,rate,sig_mode,mcs,bandwidth,smoothing,not_sounding,aggregation,stbc,fec_coding,sgi,noise_floor,ampdu_cnt,channel,secondary_channel,local_timestamp,ant,sig_len,rx_state,real_time_set,real_timestamp,len,CSI_DATA
I (660) main_task: Returned from app_main()
I (3110) wifi:new:<6,2>, old:<6,2>, ap:<6,2>, sta:<255,255>, prof:6, snd_ch_cfg:0x0
I (3110) wifi:station: 10:b4:1d:cc:60:e0 join, AID=1, bgn, 40D
I (3110) Active CSI collection (AP): station join, AID=1
CSI_DATA,AP,00:00:00:00:00:00,-21,11,0,0,0,0,0,0,0,0,0,-93,0,6,2,3111005,0,14,0,0,2.82179,128,[0 0 0 0 0 0 0 0 0 0 0 0 12 10 12 10 12 10 12 9 12 9 11 9 11 9 11 8 11 8 11 8 11 7 11 7 11 7 11 7 11 6 12 6 11 6 12 6 11 5 12 5 12 5 12 5 12 5 12 4 12 5 12 4 0 0 12 5 13 5 12 5 12 5 12 5 12 5 12 6 11 6 11 6 11 6 11 6 10 6 10 6 9 6 9 7 8 6 8 7 7 7 7 7 7 7 6 7 6 7 6 7 5 7 4 7 4 7 0 0 0 0 0 0 0 0 0 0 ]
CSI_DATA,AP,10:B4:1D:CC:60:E0,-21,11,0,0,0,0,0,0,0,0,0,-93,0,6,2,3134361,0,374,0,0,2.859,128,[0 0 0 0 0 0 0 0 0 0 0 0 -16 7 -15 7 -15 7 -15 7 -14 7 -14 7 -14 7 -14 7 -13 6 -13 7 -13 7 -13 7 -12 7 -12 7 -12 7 -11 7 -11 8 -11 8 -11 8 -11 8 -11 8 -11 8 -11 9 -10 9 -11 9 -11 9 0 0 -11 9 -11 9 -11 9 -11 9 -11 8 -12 8 -12 8 -12 8 -12 7 -12 7 -12 6 -11 6 -11 6 -11 5 -11 5 -11 4 -11 4 -11 3 -10 3 -10 3 -10 2 -10 2 -10 2 -10 1 -9 0 -9 0 0 0 0 0 0 0 0 0 0 0 ]
CSI_DATA,AP,00:00:00:00:00:00,-21,11,0,0,0,0,0,0,0,0,0,-93,0,6,2,3195894,0,14,0,0,2.90531,128,[0 0 0 0 0 0 0 0 0 0 0 0 -9 -14 -9 -14 -9 -14 -9 -13 -9 -13 -9 -13 -9 -13 -9 -12 -9 -12 -9 -12 -10 -12 -10 -11 -10 -11 -10 -11 -10 -10 -10 -10 -10 -10 -10 -9 -10 -9 -11 -9 -11 -9 -11 -9 -11 -9 -11 -9 -11 -9 -11 -9 0 0 -11 -9 -12 -9 -11 -9 -11 -9 -11 -9 -11 -9 -11 -9 -10 -10 -10 -10 -10 -10 -10 -10 -9 -10 -8 -10 -8 -9 -8 -9 -7 -9 -7 -9 -7 -9 -6 -9 -6 -9 -5 -9 -5 -9 -5 -9 -4 -9 -4 -9 -3 -9 0 0 0 0 0 0 0 0 0 0 ]
CSI_DATA,AP,10:B4:1D:CC:60:E0,-21,11,0,0,0,0,0,0,0,0,0,-93,0,6,2,3197422,0,374,0,0,2.9426,128,[0 0 0 0 0 0 0 0 0 0 0 0 -3 -17 -3 -16 -3 -17 -3 -16 -3 -16 -3 -15 -3 -15 -3 -15 -4 -15 -3 -15 -4 -14 -4 -14 -4 -14 -4 -14 -5 -13 -5 -13 -5 -13 -5 -13 -5 -13 -6 -13 -6 -13 -6 -13 -6 -13 -7 -13 -7 -13 -6 -13 0 0 -6 -13 -7 -13 -6 -12 -6 -13 -6 -13 -6 -13 -6 -13 -5 -13 -5 -13 -5 -13 -4 -13 -4 -12 -3 -12 -3 -12 -3 -12 -3 -11 -2 -12 -2 -11 -2 -11 -1 -11 -1 -10 -1 -10 0 -10 0 -10 1 -9 1 -9 0 0 0 0 0 0 0 0 0 0 ]
I (3280) esp_netif_lwip: DHCP server assigned IP to a client, IP is: 192.168.4.2
CSI_DATA,AP,00:00:00:00:00:00,-21,11,0,0,0,0,0,0,0,0,0,-93,0,6,2,3285163,0,14,0,0,2.99459,128,[0 0 0 0 0 0 0 0 0 0 0 0 1 -17 0 -17 0 -17 0 -17 0 -16 0 -16 0 -16 -1 -16 -1 -15 -1 -15 -1 -15 -1 -15 -2 -15 -2 -15 -2 -14 -2 -14 -3 -14 -3 -14 -3 -14 -4 -14 -4 -14 -4 -14 -4 -14 -4 -14 -4 -14 -4 -14 0 0 -4 -14 -4 -14 -4 -14 -4 -14 -3 -14 -3 -14 -3 -14 -3 -14 -2 -14 -2 -14 -2 -14 -1 -13 -1 -13 -1 -13 -1 -12 0 -12 0 -11 0 -11 1 -11 1 -11 1 -11 1 -10 2 -10 2 -10 3 -9 3 -9 0 0 0 0 0 0 0 0 0 0 ]
CSI_DATA,AP,10:B4:1D:CC:60:E0,-21,11,0,0,0,0,0,0,0,0,0,-93,0,6,2,3290627,0,66,0,0,3.03598,128,[0 0 0 0 0 0 0 0 0 0 0 0 15 7 14 6 14 6 14 6 14 6 13 5 13 5 13 5 13 5 13 4 13 4 13 4 13 4 13 3 13 3 13 3 13 3 13 2 13 2 13 2 13 2 13 2 13 1 13 1 13 1 13 1 0 0 13 2 14 2 13 2 13 2 13 2 13 2 13 3 13 3 12 3 12 3 12 4 12 4 11 4 11 4 10 4 10 4 9 5 9 5 8 5 8 5 8 5 7 5 7 5 6 6 6 6 5 6 0 0 0 0 0 0 0 0 0 0 ]
CSI_DATA,AP,10:B4:1D:CC:60:E0,-21,11,0,0,0,0,0,0,0,0,0,-93,0,6,2,3389680,0,66,0,0,3.09915,128,[0 0 0 0 0 0 0 0 0 0 0 0 8 14 8 14 8 14 8 13 8 13 8 12 8 12 8 12 8 12 8 11 8 11 8 11 8 11 8 10 8 10 9 10 8 9 9 9 9 9 9 9 9 9 10 9 9 9 10 8 10 9 10 9 0 0 10 9 10 9 10 9 10 9 9 9 9 9 9 9 9 10 8 10 8 10 7 10 7 10 7 10 6 9 6 9 6 9 5 9 5 9 4 9 4 9 4 9 3 9 3 9 2 9 2 8 1 8 0 0 0 0 0 0 0 0 0 0 ]
CSI_DATA,AP,10:B4:1D:CC:60:E0,-21,11,0,0,0,0,0,0,0,0,0,-93,0,6,2,3780523,0,66,0,0,3.49001,128,[0 0 0 0 0 0 0 0 0 0 0 0 -3 16 -3 16 -2 16 -2 16 -2 15 -2 15 -2 15 -1 15 -1 14 -1 14 0 14 0 14 0 14 0 14 0 13 1 13 1 13 1 13 1 13 2 13 2 13 2 13 3 13 3 13 3 13 3 13 0 0 3 13 3 13 2 13 2 13 2 13 2 13 2 13 1 13 1 13 1 12 1 13 1 12 0 12 0 12 -1 11 -1 11 -1 10 -1 10 -2 10 -2 10 -2 10 -3 9 -3 9 -3 9 -4 8 -4 8 0 0 0 0 0 0 0 0 0 0 ]
CSI_DATA,AP,10:B4:1D:CC:60:E0,-21,11,0,0,0,0,0,0,0,0,0,-93,0,6,2,4389923,0,66,0,0,4.0994,128,[0 0 0 0 0 0 0 0 0 0 0 0 -4 -17 -4 -16 -4 -16 -4 -16 -4 -16 -4 -15 -4 -15 -4 -15 -5 -15 -5 -14 -5 -14 -5 -14 -5 -13 -6 -13 -6 -13 -6 -13 -6 -13 -6 -13 -7 -12 -7 -12 -7 -12 -7 -12 -7 -12 -8 -12 -8 -12 -8 -12 0 0 -7 -12 -8 -12 -8 -12 -7 -12 -7 -13 -7 -13 -7 -13 -6 -13 -6 -12 -6 -13 -6 -12 -5 -12 -5 -12 -4 -12 -4 -12 -4 -11 -3 -11 -3 -11 -3 -11 -2 -11 -2 -10 -2 -10 -1 -10 -1 -10 0 -9 0 -9 0 0 0 0 0 0 0 0 0 0 ]
CSI_DATA,AP,10:B4:1D:CC:60:E0,-21,11,0,0,0,0,0,0,0,0,0,-93,0,6,2,4645922,0,66,0,0,4.35541,128,[0 0 0 0 0 0 0 0 0 0 0 0 -17 2 -16 1 -17 2 -16 2 -16 2 -15 2 -15 2 -15 2 -15 2 -15 3 -14 3 -14 3 -14 4 -14 4 -13 4 -13 4 -13 4 -13 4 -13 5 -13 4 -13 5 -13 5 -13 5 -13 6 -13 6 -13 6 0 0 -13 5 -13 6 -13 5 -14 6 -13 5 -13 4 -13 4 -13 4 -13 4 -13 4 -13 4 -12 3 -12 3 -12 2 -12 2 -11 2 -12 1 -11 1 -11 0 -11 0 -10 0 -10 -1 -10 -1 -10 -1 -9 -1 -9 -2 0 0 0 0 0 0 0 0 0 0 ]
CSI_DATA,AP,00:00:00:00:00:00,-21,11,0,0,0,0,0,0,0,0,0,-93,0,6,2,4678748,0,14,0,0,4.38818,128,[0 0 0 0 0 0 0 0 0 0 0 0 -9 13 -9 13 -9 13 -8 13 -8 13 -8 13 -8 12 -8 13 -8 12 -7 12 -6 12 -6 12 -6 12 -6 12 -5 12 -5 12 -5 12 -5 12 -4 12 -4 12 -4 12 -4 13 -4 13 -3 13 -3 13 -4 13 0 0 -4 13 -4 13 -4 13 -4 13 -4 13 -5 13 -5 12 -5 12 -5 12 -5 12 -5 11 -6 11 -6 11 -6 10 -6 10 -6 9 -6 9 -6 8 -7 8 -7 8 -7 7 -7 7 -7 7 -7 6 -7 6 -7 5 0 0 0 0 0 0 0 0 0 0 ]
CSI_DATA,AP,00:00:00:00:00:00,-22,9,0,0,0,0,0,0,0,0,0,-93,0,6,2,4678916,0,14,0,0,4.4252,128,[0 0 0 0 0 0 0 0 0 0 0 0 -15 -9 -15 -9 -14 -8 -15 -8 -14 -8 -14 -7 -14 -7 -14 -6 -14 -7 -14 -6 -13 -6 -14 -5 -14 -5 -14 -5 -14 -5 -13 -4 -14 -4 -13 -4 -14 -4 -14 -3 -14 -3 -14 -3 -14 -3 -14 -2 -14 -3 -14 -2 0 0 -14 -3 -14 -3 -14 -3 -14 -3 -14 -3 -14 -3 -14 -3 -13 -4 -13 -4 -13 -4 -13 -5 -12 -5 -12 -5 -12 -5 -11 -5 -11 -6 -10 -5 -10 -6 -10 -6 -9 -6 -9 -6 -9 -6 -8 -6 -8 -6 -7 -7 -6 -7 0 0 0 0 0 0 0 0 0 0 ]
CSI_DATA,AP,10:B4:1D:CC:60:E0,-21,11,0,0,0,0,0,0,0,0,0,-93,0,6,2,4679231,0,37,0,0,4.46848,128,[0 0 0 0 0 0 0 0 0 0 0 0 10 13 10 13 9 13 9 12 9 12 9 12 9 11 10 11 9 11 10 10 10 10 10 10 10 9 10 9 10 9 10 8 10 8 10 8 10 8 11 7 11 8 11 7 11 7 11 7 11 7 11 7 0 0 12 7 12 7 11 7 11 7 11 7 11 8 11 8 11 8 10 8 10 8 10 8 9 8 9 8 8 8 8 8 7 8 7 8 7 8 6 8 6 8 5 8 5 8 5 8 4 8 4 8 3 8 0 0 0 0 0 0 0 0 0 0 ]
CSI_DATA,AP,10:B4:1D:CC:60:E0,-21,11,0,0,0,0,0,0,0,0,0,-93,0,6,2,4680661,0,37,0,0,4.50293,128,[0 0 0 0 0 0 0 0 0 0 0 0 -1 -17 -1 -17 -1 -17 -1 -17 -1 -16 -1 -16 -1 -16 -2 -16 -2 -15 -3 -15 -3 -15 -3 -15 -3 -15 -3 -15 -3 -14 -3 -14 -4 -14 -4 -14 -4 -14 -5 -14 -5 -14 -5 -14 -5 -13 -6 -13 -6 -14 -6 -14 0 0 -5 -14 -6 -14 -5 -14 -5 -14 -5 -14 -5 -14 -4 -14 -4 -14 -4 -14 -4 -14 -3 -13 -3 -13 -2 -13 -2 -13 -2 -12 -2 -12 -1 -11 -1 -12 -1 -11 0 -11 0 -11 0 -10 0 -10 1 -10 1 -9 2 -9 0 0 0 0 0 0 0 0 0 0 ]
CSI_DATA,AP,10:B4:1D:CC:60:E0,-26,11,1,7,1,1,1,0,0,0,1,-93,0,6,2,4680862,0,68,0,0,4.54645,384,[0 0 0 0 0 0 0 0 0 0 0 0 -10 -7 -10 -7 -10 -6 -10 -6 -10 -6 -10 -6 -10 -6 -10 -6 -10 -5 -9 -5 -10 -5 -9 -4 -9 -4 -9 -4 -9 -4 -9 -3 -9 -3 -9 -3 -10 -3 -10 -3 -9 -3 -9 -2 -10 -2 -10 -2 -10 -2 -10 -2 0 0 -10 -2 -10 -2 -10 -2 -10 -2 -10 -3 -10 -3 -10 -3 -9 -3 -9 -3 -9 -3 -9 -3 -9 -4 -8 -4 -8 -4 -8 -4 -8 -4 -7 -4 -7 -4 -7 -4 -6 -4 -6 -4 -6 -4 -6 -5 -5 -5 -5 -5 -5 -5 0 0 0 0 0 0 0 0 0 0 ]
CSI_DATA,AP,10:B4:1D:CC:60:E0,-26,11,1,7,1,1,1,0,0,0,1,-93,0,6,2,4745230,0,68,0,0,4.5882,384,[0 0 0 0 0 0 0 0 0 0 0 0 11 -3 11 -4 10 -3 10 -3 9 -4 10 -4 9 -3 9 -4 9 -4 9 -4 9 -4 8 -4 8 -4 8 -5 8 -5 8 -5 8 -5 7 -5 8 -5 7 -5 7 -6 7 -6 7 -6 7 -6 7 -6 7 -6 0 0 7 -6 7 -6 7 -6 7 -6 7 -6 7 -6 7 -6 7 -5 8 -5 7 -5 7 -5 7 -5 7 -4 7 -4 7 -3 7 -4 7 -3 7 -3 7 -3 6 -2 6 -2 6 -2 6 -2 6 -1 6 -1 6 -1 0 0 0 0 0 0 0 0 0 0 ]
CSI_DATA,AP,10:B4:1D:CC:60:E0,-26,11,1,7,1,1,1,0,0,0,1,-93,0,6,2,4835072,0,68,0,0,4.62379,384,[0 0 0 0 0 0 0 0 0 0 0 0 5 10 5 10 5 9 5 9 5 9 5 9 5 8 5 9 5 8 5 8 5 8 5 7 6 7 6 7 6 7 6 7 6 7 6 6 6 6 6 7 6 6 6 6 6 6 7 6 7 6 7 6 0 0 7 6 6 6 6 6 7 6 6 6 6 7 6 7 6 7 5 7 5 7 5 7 5 7 5 7 4 7 4 7 4 7 3 7 3 6 3 6 3 6 2 6 2 6 2 6 1 6 1 6 1 6 0 0 0 0 0 0 0 0 0 0 ]
CSI_DATA,AP,10:B4:1D:CC:60:E0,-26,11,1,7,1,1,1,0,0,0,1,-93,0,6,2,4925044,0,68,0,0,4.65635,384,[0 0 0 0 0 0 0 0 0 0 0 0 0 -12 0 -12 0 -12 0 -12 0 -12 0 -11 0 -11 0 -11 0 -11 -1 -11 -1 -11 -1 -10 -1 -10 -1 -10 -2 -10 -2 -10 -2 -10 -2 -10 -3 -10 -3 -10 -3 -10 -3 -10 -3 -10 -3 -10 -3 -10 -3 -10 0 0 -3 -10 -3 -10 -3 -10 -3 -10 -3 -10 -3 -10 -2 -10 -2 -10 -2 -10 -2 -10 -2 -9 -1 -10 -1 -9 -1 -9 -1 -9 0 -9 0 -9 0 -8 0 -8 0 -8 0 -8 1 -7 1 -7 1 -7 2 -7 2 -6 0 0 0 0 0 0 0 0 0 0 ]
CSI_DATA,AP,00:00:00:00:00:00,-21,11,0,0,0,0,0,0,0,0,0,-93,0,6,2,4987028,0,14,0,0,4.69714,128,[0 0 0 0 0 0 0 0 0 0 0 0 16 2 16 2 15 1 15 1 15 1 15 1 15 1 14 0 14 0 14 0 14 0 14 0 14 -1 13 -1 13 -1 13 -2 13 -2 13 -2 13 -2 13 -3 13 -3 13 -3 13 -3 13 -3 13 -3 13 -3 0 0 13 -4 13 -4 13 -4 13 -3 13 -3 13 -3 13 -3 13 -3 13 -2 13 -2 13 -1 12 -1 12 -1 11 -1 11 -1 11 0 11 0 11 0 10 1 10 1 9 1 9 1 9 2 9 2 8 3 8 3 0 0 0 0 0 0 0 0 0 0 ]
I (5020) wifi:<ba-add>idx:2 (ifx:1, 10:b4:1d:cc:60:e0), tid:0, ssn:0, winSize:64
CSI_DATA,AP,10:B4:1D:CC:60:E0,-26,11,1,7,1,1,1,1,0,0,1,-93,0,6,2,5015151,0,68,0,0,4.74061,384,[0 0 0 0 0 0 0 0 0 0 0 0 -9 -9 -9 -8 -8 -8 -8 -8 -8 -8 -8 -8 -8 -7 -8 -7 -8 -7 -8 -7 -8 -6 -8 -6 -8 -6 -8 -6 -8 -6 -8 -6 -9 -5 -8 -5 -9 -5 -9 -5 -9 -5 -9 -5 -9 -4 -9 -5 -9 -5 -9 -4 0 0 -9 -5 -9 -5 -9 -5 -9 -5 -9 -5 -9 -5 -9 -5 -9 -5 -8 -5 -8 -6 -8 -6 -8 -6 -7 -6 -7 -6 -7 -6 -6 -6 -6 -6 -6 -6 -6 -6 -5 -6 -5 -6 -5 -6 -4 -6 -4 -6 -4 -6 -3 -6 0 0 0 0 0 0 0 0 0 0 ]
CSI_DATA,AP,10:B4:1D:CC:60:E0,-26,11,1,7,1,1,1,1,0,0,0,-93,0,6,2,5072242,0,68,0,0,4.78179,384,[0 0 0 0 0 0 0 0 0 0 0 0 -8 -9 -8 -9 -8 -9 -8 -8 -8 -8 -8 -8 -8 -8 -8 -7 -8 -7 -8 -7 -8 -7 -8 -7 -8 -6 -8 -6 -8 -6 -8 -6 -8 -5 -9 -5 -8 -5 -9 -5 -8 -5 -9 -5 -9 -5 -9 -5 -9 -5 -9 -5 0 0 -9 -5 -9 -5 -9 -5 -9 -5 -9 -5 -9 -5 -8 -5 -8 -6 -8 -6 -8 -6 -8 -6 -7 -6 -7 -6 -7 -6 -7 -6 -6 -6 -6 -6 -6 -6 -6 -6 -5 -6 -5 -6 -5 -6 -4 -6 -4 -6 -4 -6 -3 -6 0 0 0 0 0 0 0 0 0 0 ]
CSI_DATA,AP,10:B4:1D:CC:60:E0,-26,11,1,7,1,1,1,1,0,0,1,-93,0,6,2,5105285,0,68,0,0,4.81986,384,[0 0 0 0 0 0 0 0 0 0 0 0 -1 -12 -2 -11 -2 -12 -2 -11 -2 -11 -2 -11 -2 -11 -2 -10 -2 -10 -2 -10 -2 -10 -3 -10 -3 -10 -3 -10 -3 -10 -3 -10 -3 -9 -4 -9 -4 -9 -4 -9 -4 -9 -4 -9 -4 -9 -4 -9 -5 -9 -5 -9 0 0 -5 -9 -5 -9 -4 -9 -5 -9 -4 -9 -4 -9 -4 -9 -4 -9 -3 -9 -3 -9 -3 -9 -3 -9 -3 -9 -2 -9 -2 -9 -2 -8 -2 -8 -1 -8 -1 -8 -1 -7 -1 -7 0 -7 0 -7 0 -7 0 -7 1 -6 0 0 0 0 0 0 0 0 0 0 ]
CSI_DATA,AP,10:B4:1D:CC:60:E0,-26,11,1,7,1,1,1,1,0,0,1,-93,0,6,2,5195128,0,68,0,0,4.90454,384,[0 0 0 0 0 0 0 0 0 0 0 0 7 -8 8 -8 7 -8 7 -8 6 -8 7 -8 7 -8 6 -8 6 -8 6 -8 6 -8 5 -8 5 -8 4 -8 5 -9 5 -8 4 -9 4 -9 4 -9 4 -9 4 -9 4 -9 3 -9 3 -9 3 -9 3 -9 0 0 4 -9 3 -9 3 -9 3 -9 4 -9 4 -9 4 -9 4 -9 4 -8 4 -8 4 -8 4 -8 4 -8 4 -7 5 -7 5 -6 5 -6 5 -6 4 -6 5 -5 5 -5 5 -5 4 -5 5 -4 5 -4 5 -4 0 0 0 0 0 0 0 0 0 0 ]
CSI_DATA,AP,10:B4:1D:CC:60:E0,-26,11,1,7,1,1,1,1,0,0,1,-93,0,6,2,5285107,0,68,0,0,4.99452,384,[0 0 0 0 0 0 0 0 0 0 0 0 10 3 10 3 9 3 10 3 9 3 9 3 9 3 9 2 9 2 9 2 9 1 9 1 9 1 9 1 9 1 9 1 9 1 8 0 8 0 9 0 9 0 9 0 9 -1 9 -1 9 -1 9 -1 0 0 9 -1 9 -1 9 -1 9 -1 9 -1 9 -1 9 0 9 0 9 0 9 0 8 0 8 1 8 1 8 1 7 1 8 1 7 1 7 1 6 1 6 2 6 2 6 2 5 2 5 2 5 3 5 3 0 0 0 0 0 0 0 0 0 0 ]
CSI_DATA,AP,10:B4:1D:CC:60:E0,-26,11,1,7,1,1,1,1,0,0,1,-93,0,6,2,5376634,0,68,0,0,5.08604,384,[0 0 0 0 0 0 0 0 0 0 0 0 4 9 4 10 4 9 4 9 4 9 4 9 4 8 4 8 4 8 5 8 4 7 5 7 5 7 5 7 5 7 5 7 5 7 5 6 5 6 5 6 6 6 5 6 6 6 6 6 6 6 6 6 0 0 6 6 6 6 6 6 6 6 6 6 6 7 5 7 5 7 5 6 5 6 5 6 4 7 4 7 4 6 4 6 3 6 3 6 3 6 3 6 2 6 2 6 2 6 1 6 1 6 1 5 0 6 0 0 0 0 0 0 0 0 0 0 ]
CSI_DATA,AP,10:B4:1D:CC:60:E0,-21,11,0,0,0,0,0,0,0,0,0,-93,0,6,2,5389657,0,66,0,0,5.10772,128,[0 0 0 0 0 0 0 0 0 0 0 0 16 -1 15 -1 15 -1 15 -1 15 -1 14 -2 14 -2 14 -2 14 -2 13 -2 13 -3 13 -3 13 -3 13 -3 13 -4 12 -4 12 -4 12 -4 12 -5 12 -5 12 -5 12 -5 12 -5 12 -6 12 -6 12 -6 0 0 12 -6 12 -6 12 -6 12 -6 12 -5 12 -5 12 -5 12 -5 12 -4 12 -4 12 -4 12 -3 12 -3 11 -3 11 -2 11 -2 10 -2 10 -2 10 -1 10 -1 9 -1 9 0 9 0 9 1 8 1 8 1 0 0 0 0 0 0 0 0 0 0 ]
CSI_DATA,AP,10:B4:1D:CC:60:E0,-26,11,1,7,1,1,1,1,0,0,1,-93,0,6,2,5465335,0,68,0,0,5.17477,384,[0 0 0 0 0 0 0 0 0 0 0 0 5 -11 5 -10 5 -11 4 -10 4 -11 4 -10 4 -10 4 -10 4 -10 3 -10 3 -10 3 -10 2 -10 2 -10 2 -10 2 -10 2 -10 1 -10 1 -10 1 -10 1 -10 1 -10 1 -10 0 -10 0 -10 1 -10 0 0 1 -10 1 -10 1 -10 1 -10 1 -10 1 -10 2 -10 2 -10 2 -10 2 -9 2 -9 2 -9 2 -9 3 -8 3 -8 2 -8 3 -8 3 -7 3 -7 3 -7 3 -6 4 -6 3 -6 3 -6 4 -6 4 -5 0 0 0 0 0 0 0 0 0 0 ]
CSI_DATA,AP,10:B4:1D:CC:60:E0,-26,11,1,7,1,1,1,1,0,0,1,-93,0,6,2,5555084,0,68,0,0,5.2645,384,[0 0 0 0 0 0 0 0 0 0 0 0 -3 -12 -3 -12 -3 -12 -3 -11 -3 -11 -3 -11 -3 -11 -3 -11 -3 -10 -3 -10 -4 -10 -4 -10 -4 -10 -4 -10 -4 -9 -4 -9 -4 -9 -5 -9 -5 -9 -5 -9 -5 -9 -5 -9 -5 -8 -6 -8 -6 -9 -6 -8 0 0 -6 -9 -6 -9 -6 -9 -6 -9 -6 -9 -5 -9 -5 -9 -5 -9 -5 -9 -4 -9 -5 -9 -4 -9 -4 -9 -3 -9 -3 -8 -3 -8 -3 -8 -2 -8 -2 -8 -2 -7 -2 -8 -1 -8 -1 -7 -1 -7 -1 -7 0 -7 0 0 0 0 0 0 0 0 0 0 ]
CSI_DATA,AP,10:B4:1D:CC:60:E0,-26,11,1,7,1,1,1,1,0,0,1,-93,0,6,2,5645546,0,68,0,0,5.35496,384,[0 0 0 0 0 0 0 0 0 0 0 0 -10 5 -10 5 -10 5 -9 5 -10 5 -9 5 -9 5 -9 5 -9 5 -8 5 -8 5 -8 5 -8 5 -8 5 -7 6 -8 6 -7 5 -7 6 -7 6 -7 6 -7 6 -7 6 -7 6 -7 7 -7 7 -7 6 0 0 -7 6 -7 6 -7 6 -7 7 -7 6 -7 6 -7 6 -7 6 -8 5 -8 5 -8 5 -7 5 -7 4 -7 4 -8 4 -7 3 -7 3 -7 3 -7 2 -7 2 -7 2 -7 2 -7 1 -7 1 -7 1 -6 0 0 0 0 0 0 0 0 0 0 0 ]
CSI_DATA,AP,10:B4:1D:CC:60:E0,-27,11,1,7,1,1,1,1,0,0,1,-93,0,6,2,5735123,0,68,0,0,5.44453,384,[0 0 0 0 0 0 0 0 0 0 0 0 6 9 6 9 6 9 6 9 6 9 6 8 6 8 6 8 6 7 6 7 6 7 6 7 6 7 6 6 6 6 6 6 6 6 7 6 7 6 7 6 7 5 7 5 7 5 7 5 7 5 8 5 0 0 7 5 8 5 8 5 8 5 7 5 7 6 7 6 7 6 7 5 7 5 7 6 6 6 6 6 5 6 5 6 5 6 5 6 4 5 4 6 4 5 3 6 3 5 3 6 2 5 2 5 2 5 0 0 0 0 0 0 0 0 0 0 ]
CSI_DATA,AP,10:B4:1D:CC:60:E0,-27,11,1,7,1,1,1,1,0,0,1,-93,0,6,2,5825120,0,68,0,0,5.53453,384,[0 0 0 0 0 0 0 0 0 0 0 0 8 -9 7 -8 7 -9 6 -8 7 -8 6 -8 6 -8 6 -8 6 -8 5 -8 6 -8 5 -8 5 -8 5 -8 4 -8 4 -9 4 -8 4 -9 3 -9 4 -9 3 -9 3 -9 3 -9 3 -9 3 -9 3 -9 0 0 3 -9 3 -9 3 -9 3 -9 3 -9 3 -9 4 -9 4 -9 4 -8 4 -8 4 -8 4 -8 4 -8 4 -7 4 -7 4 -6 5 -7 4 -6 4 -6 5 -6 5 -5 4 -5 5 -5 5 -4 5 -4 5 -3 0 0 0 0 0 0 0 0 0 0 ]
CSI_DATA,AP,10:B4:1D:CC:60:E0,-26,11,1,7,1,1,1,1,0,0,1,-93,0,6,2,5915197,0,68,0,0,5.62462,384,[0 0 0 0 0 0 0 0 0 0 0 0 2 11 1 11 2 11 2 10 2 10 2 10 2 10 2 10 2 9 2 9 2 9 3 9 3 9 3 9 3 9 3 8 3 8 3 8 4 8 4 8 4 8 4 8 4 8 4 8 4 8 4 8 0 0 4 8 5 8 4 8 4 8 4 8 4 8 4 8 4 8 3 8 3 8 3 8 3 8 2 8 2 8 2 8 1 7 1 7 1 7 1 7 1 7 0 7 0 7 0 6 -1 6 -1 6 -1 6 0 0 0 0 0 0 0 0 0 0 ]
CSI_DATA,AP,10:B4:1D:CC:60:E0,-26,11,1,7,1,1,1,1,0,0,1,-93,0,6,2,6005159,0,68,0,0,5.71457,384,[0 0 0 0 0 0 0 0 0 0 0 0 10 3 10 3 10 3 10 3 10 3 10 3 10 3 9 3 9 2 9 2 9 2 9 1 9 1 9 1 9 1 9 0 9 0 9 0 9 0 9 0 9 0 9 0 9 -1 9 -1 9 -1 9 -1 0 0 9 -1 9 -1 9 -1 10 -1 9 -1 9 -1 9 0 9 0 9 0 9 0 9 0 8 0 8 1 8 1 8 1 7 1 7 1 7 1 7 1 7 2 7 2 6 2 6 2 6 2 5 3 5 3 0 0 0 0 0 0 0 0 0 0 ]
CSI_DATA,AP,10:B4:1D:CC:60:E0,-26,11,1,7,1,1,1,1,0,0,1,-93,0,6,2,6095202,0,68,0,0,5.80462,384,[0 0 0 0 0 0 0 0 0 0 0 0 -12 -3 -12 -3 -12 -3 -11 -3 -11 -3 -11 -2 -11 -2 -11 -2 -11 -2 -10 -2 -11 -1 -10 -1 -10 -2 -10 -1 -10 -1 -10 0 -10 0 -10 0 -10 0 -10 0 -10 0 -10 1 -10 1 -10 1 -10 1 -10 1 0 0 -10 1 -10 1 -10 1 -10 1 -10 1 -10 0 -10 0 -10 0 -10 0 -10 0 -10 -1 -9 -1 -9 -1 -9 -1 -9 -1 -9 -1 -9 -2 -8 -2 -8 -2 -8 -2 -8 -3 -7 -3 -7 -3 -7 -3 -7 -3 -6 -4 0 0 0 0 0 0 0 0 0 0 ]
CSI_DATA,AP,10:B4:1D:CC:60:E0,-27,11,1,7,1,1,1,1,0,0,1,-93,0,6,2,6185230,0,68,0,0,5.89464,384,[0 0 0 0 0 0 0 0 0 0 0 0 11 0 11 0 11 0 11 0 10 0 10 0 10 0 10 0 10 -1 9 -1 10 -1 9 -2 9 -2 9 -2 9 -2 9 -2 9 -2 9 -2 9 -3 9 -3 9 -3 9 -3 8 -3 8 -3 8 -4 9 -4 0 0 9 -3 8 -4 9 -3 9 -3 9 -3 9 -3 9 -2 9 -2 9 -2 9 -2 9 -2 8 -2 8 -1 8 -1 8 -1 8 -1 7 0 8 0 7 0 7 0 7 1 6 1 6 1 6 1 6 1 6 2 0 0 0 0 0 0 0 0 0 0 ]
CSI_DATA,AP,10:B4:1D:CC:60:E0,-27,11,1,7,1,1,1,1,0,0,1,-93,0,6,2,6279084,0,68,0,0,5.98849,384,[0 0 0 0 0 0 0 0 0 0 0 0 -6 10 -6 10 -6 10 -6 9 -5 9 -5 9 -5 9 -5 9 -5 9 -4 9 -4 9 -4 9 -4 9 -3 8 -3 9 -3 9 -3 8 -3 8 -2 9 -2 9 -2 9 -2 9 -2 9 -2 9 -1 9 -2 9 0 0 -2 9 -2 9 -2 9 -2 9 -2 9 -2 9 -2 9 -2 9 -3 8 -3 8 -3 8 -3 8 -3 8 -3 8 -4 7 -4 7 -4 7 -4 6 -4 6 -4 6 -4 6 -4 5 -5 5 -5 5 -5 4 -5 4 0 0 0 0 0 0 0 0 0 0 ]
CSI_DATA,AP,10:B4:1D:CC:60:E0,-27,11,1,7,1,1,1,1,0,0,1,-93,0,6,2,6365223,0,68,0,0,6.07463,384,[0 0 0 0 0 0 0 0 0 0 0 0 -2 11 -2 11 -2 11 -1 10 -1 10 -1 10 -1 10 -1 10 -1 10 0 9 0 9 0 9 0 9 1 9 1 9 1 9 1 9 1 9 1 9 1 9 1 9 1 9 2 8 2 9 2 9 2 9 0 0 2 9 2 9 2 9 2 9 2 9 1 9 1 9 1 9 0 9 1 8 1 8 1 8 0 8 0 8 -1 8 -1 8 -1 7 -1 7 -1 7 -1 6 -1 6 -2 6 -2 6 -2 6 -2 6 -3 5 0 0 0 0 0 0 0 0 0 0 ]
CSI_DATA,AP,10:B4:1D:CC:60:E0,-21,11,0,0,0,0,0,0,0,0,0,-93,0,6,2,6389638,0,66,0,0,6.09963,128,[0 0 0 0 0 0 0 0 0 0 0 0 3 -17 2 -17 2 -16 2 -16 2 -16 1 -16 1 -15 1 -15 1 -15 0 -15 1 -15 0 -14 0 -14 0 -14 -1 -14 -1 -14 -1 -14 -2 -14 -2 -14 -2 -14 -2 -14 -3 -14 -2 -14 -3 -14 -3 -14 -3 -14 0 0 -3 -14 -3 -14 -3 -14 -2 -14 -2 -14 -2 -14 -2 -14 -2 -14 -1 -14 -1 -14 0 -13 0 -13 0 -13 0 -13 0 -12 1 -12 1 -11 1 -11 1 -11 1 -11 1 -10 2 -10 2 -10 3 -9 3 -9 4 -8 0 0 0 0 0 0 0 0 0 0 ]
CSI_DATA,AP,10:B4:1D:CC:60:E0,-27,11,1,7,1,1,1,1,0,0,1,-93,0,6,2,6456125,0,68,0,0,6.16554,384,[0 0 0 0 0 0 0 0 0 0 0 0 -3 -12 -3 -11 -3 -11 -3 -11 -3 -11 -3 -11 -3 -11 -3 -10 -3 -10 -3 -10 -4 -10 -4 -9 -4 -10 -4 -9 -4 -9 -4 -9 -4 -9 -5 -9 -5 -9 -5 -9 -5 -9 -5 -9 -5 -8 -5 -9 -5 -9 -6 -8 0 0 -5 -9 -5 -9 -5 -9 -5 -9 -5 -9 -5 -9 -5 -9 -5 -9 -4 -9 -4 -9 -4 -8 -4 -9 -3 -9 -3 -9 -3 -9 -3 -8 -2 -8 -2 -8 -2 -8 -1 -7 -1 -7 -1 -7 -1 -7 0 -7 0 -7 0 -7 0 0 0 0 0 0 0 0 0 0 ]
CSI_DATA,AP,10:B4:1D:CC:60:E0,-27,11,1,7,1,1,1,1,0,0,1,-93,0,6,2,6545017,0,68,0,0,6.25442,384,[0 0 0 0 0 0 0 0 0 0 0 0 11 3 10 3 10 3 10 3 10 3 10 3 10 2 10 2 9 2 9 2 9 1 9 1 9 1 9 1 9 1 9 0 9 0 9 0 9 0 9 0 9 0 9 -1 9 -1 9 -1 9 -1 9 -1 0 0 9 -1 9 -1 9 -1 10 -1 9 -1 9 0 9 0 9 0 9 0 9 0 9 0 8 0 8 1 8 1 8 1 8 1 7 1 7 1 7 2 6 2 6 2 6 2 6 2 5 2 5 3 5 3 0 0 0 0 0 0 0 0 0 0 ]
CSI_DATA,AP,10:B4:1D:CC:60:E0,-26,11,1,7,1,1,1,1,0,0,1,-93,0,6,2,6635293,0,68,0,0,6.34471,384,[0 0 0 0 0 0 0 0 0 0 0 0 3 11 3 10 3 11 3 10 3 10 3 10 3 10 3 9 3 9 4 9 4 9 4 8 4 8 4 8 4 8 4 8 4 7 4 7 5 7 5 8 5 7 5 7 5 7 6 7 6 7 6 7 0 0 5 7 6 8 5 8 6 7 5 7 5 8 5 8 5 8 4 8 4 8 4 7 4 8 4 8 3 7 3 7 3 7 2 7 2 7 2 7 2 7 1 6 1 6 1 6 0 6 0 6 0 6 0 0 0 0 0 0 0 0 0 0 ]
CSI_DATA,AP,10:B4:1D:CC:60:E0,-26,11,1,7,1,1,1,1,0,0,1,-93,0,6,2,6725132,0,68,0,0,6.43454,384,[0 0 0 0 0 0 0 0 0 0 0 0 -2 11 -2 11 -2 11 -2 11 -2 10 -2 10 -2 10 -2 10 -2 10 -1 10 -1 9 -1 9 0 9 0 9 0 9 0 9 0 9 0 9 0 9 0 9 0 9 1 9 1 9 1 9 1 9 1 9 0 0 1 9 1 9 1 9 1 9 1 9 0 9 0 9 0 9 0 9 0 9 0 8 0 9 -1 9 -1 8 -1 8 -1 7 -2 7 -2 7 -2 7 -2 7 -3 6 -3 6 -3 6 -3 6 -3 5 -3 5 0 0 0 0 0 0 0 0 0 0 ]
CSI_DATA,AP,10:B4:1D:CC:60:E0,-27,11,1,7,1,1,1,1,0,0,1,-93,0,6,2,6815103,0,68,0,0,6.52452,384,[0 0 0 0 0 0 0 0 0 0 0 0 -5 -11 -5 -11 -5 -11 -5 -11 -5 -10 -5 -10 -5 -10 -5 -10 -5 -10 -5 -9 -5 -9 -5 -9 -6 -9 -6 -9 -6 -9 -6 -8 -6 -8 -6 -8 -6 -8 -6 -8 -6 -8 -7 -8 -7 -7 -7 -8 -7 -7 -7 -7 0 0 -7 -7 -7 -8 -7 -7 -7 -7 -7 -8 -7 -8 -7 -8 -6 -8 -6 -8 -6 -8 -6 -8 -6 -8 -5 -8 -5 -8 -5 -7 -4 -7 -4 -8 -4 -7 -3 -7 -3 -7 -3 -7 -3 -7 -2 -7 -2 -7 -2 -7 -1 -7 0 0 0 0 0 0 0 0 0 0 ]
CSI_DATA,AP,10:B4:1D:CC:60:E0,-27,11,1,7,1,1,1,1,0,0,1,-93,0,6,2,6905107,0,68,0,0,6.61452,384,[0 0 0 0 0 0 0 0 0 0 0 0 10 -5 10 -4 10 -5 9 -4 10 -5 9 -5 9 -4 9 -5 9 -5 8 -5 8 -5 8 -5 8 -5 8 -6 7 -6 8 -6 7 -6 7 -6 7 -6 7 -6 7 -6 7 -6 7 -7 6 -7 6 -7 7 -7 0 0 7 -7 7 -7 6 -7 7 -7 6 -7 7 -7 7 -6 7 -6 7 -6 7 -6 7 -6 7 -5 7 -5 7 -4 7 -4 6 -4 7 -4 6 -4 7 -3 6 -3 6 -3 6 -2 6 -2 6 -2 6 -1 6 -1 0 0 0 0 0 0 0 0 0 0 ]
CSI_DATA,AP,10:B4:1D:CC:60:E0,-27,11,1,7,1,1,1,1,0,0,1,-93,0,6,2,6995843,0,68,0,0,6.70525,384,[0 0 0 0 0 0 0 0 0 0 0 0 7 -9 7 -9 7 -9 6 -9 6 -9 6 -9 6 -9 6 -9 6 -9 5 -9 5 -9 5 -9 4 -9 4 -9 4 -9 4 -9 4 -9 3 -9 3 -9 3 -9 3 -9 3 -9 3 -9 3 -10 2 -10 3 -9 0 0 3 -10 3 -10 3 -10 3 -10 3 -10 3 -9 3 -9 4 -9 4 -9 4 -9 4 -8 4 -8 4 -8 4 -8 4 -7 4 -7 4 -7 4 -6 4 -6 4 -6 5 -5 5 -6 5 -5 5 -5 5 -4 5 -4 0 0 0 0 0 0 0 0 0 0 ]
CSI_DATA,AP,10:B4:1D:CC:60:E0,-27,11,1,7,1,1,1,1,0,0,1,-93,0,6,2,7085229,0,68,0,0,6.79463,384,[0 0 0 0 0 0 0 0 0 0 0 0 2 -11 2 -12 1 -11 2 -11 2 -11 1 -11 1 -11 1 -11 1 -10 1 -10 1 -10 0 -10 0 -10 0 -10 0 -10 0 -10 0 -10 -1 -10 -1 -10 -1 -10 -1 -10 -1 -10 -1 -10 -2 -10 -2 -10 -2 -10 0 0 -1 -10 -2 -10 -2 -10 -1 -10 -1 -10 -1 -10 -1 -10 -1 -10 -1 -10 0 -10 0 -9 0 -9 0 -9 0 -9 1 -8 1 -8 1 -8 1 -8 1 -8 2 -7 2 -7 2 -7 2 -7 2 -6 2 -6 3 -6 0 0 0 0 0 0 0 0 0 0 ]
CSI_DATA,AP,10:B4:1D:CC:60:E0,-27,11,1,7,1,1,1,1,0,0,1,-93,0,6,2,7175110,0,68,0,0,6.88452,384,[0 0 0 0 0 0 0 0 0 0 0 0 -12 -3 -12 -3 -12 -3 -11 -3 -11 -2 -11 -2 -11 -2 -11 -2 -11 -2 -11 -2 -11 -1 -10 -1 -10 -1 -10 0 -10 0 -10 0 -10 0 -10 0 -10 1 -10 0 -10 1 -10 1 -10 1 -10 1 -10 1 -10 2 0 0 -10 1 -10 1 -10 1 -10 1 -10 1 -10 1 -10 0 -10 0 -10 0 -10 0 -10 0 -9 0 -9 0 -9 -1 -9 -1 -9 -1 -9 -1 -8 -1 -8 -2 -8 -2 -8 -2 -7 -2 -7 -2 -7 -3 -7 -3 -6 -3 0 0 0 0 0 0 0 0 0 0 ]
CSI_DATA,AP,10:B4:1D:CC:60:E0,-27,11,1,7,1,1,1,1,0,0,1,-93,0,6,2,7265116,0,68,0,0,6.97452,384,[0 0 0 0 0 0 0 0 0 0 0 0 -10 -7 -10 -7 -10 -7 -10 -7 -10 -7 -10 -6 -10 -6 -9 -6 -9 -6 -9 -5 -10 -5 -9 -5 -10 -5 -9 -5 -9 -4 -10 -4 -9 -4 -10 -3 -10 -4 -10 -3 -10 -3 -10 -3 -10 -3 -10 -3 -10 -3 -10 -3 0 0 -10 -3 -10 -3 -10 -3 -10 -3 -10 -3 -10 -3 -10 -4 -10 -4 -9 -4 -9 -4 -9 -4 -9 -4 -9 -4 -8 -4 -8 -4 -8 -4 -7 -5 -7 -5 -7 -5 -7 -5 -6 -5 -6 -5 -6 -5 -5 -5 -5 -5 -5 -6 0 0 0 0 0 0 0 0 0 0 ]
CSI_DATA,AP,10:B4:1D:CC:60:E0,-27,11,1,7,1,1,1,1,0,0,1,-93,0,6,2,7355171,0,68,0,0,7.06458,384,[0 0 0 0 0 0 0 0 0 0 0 0 -9 7 -9 7 -9 7 -8 7 -8 7 -8 7 -8 7 -8 7 -7 7 -7 7 -7 7 -7 7 -6 7 -6 7 -6 7 -6 7 -6 7 -5 7 -5 8 -5 8 -5 8 -5 8 -5 8 -5 8 -5 8 -5 8 0 0 -5 8 -5 8 -5 8 -5 8 -5 8 -5 8 -5 8 -5 7 -6 7 -6 7 -6 7 -6 7 -6 6 -6 6 -6 6 -6 5 -6 5 -6 5 -6 5 -6 4 -6 4 -6 4 -6 3 -6 3 -6 3 -6 2 0 0 0 0 0 0 0 0 0 0 ]
CSI_DATA,AP,10:B4:1D:CC:60:E0,-21,11,0,0,0,0,0,0,0,0,0,-93,0,6,2,7389684,0,66,0,0,7.09916,128,[0 0 0 0 0 0 0 0 0 0 0 0 -7 15 -6 14 -6 14 -6 14 -6 14 -5 13 -5 13 -5 14 -5 13 -4 13 -4 13 -4 13 -4 13 -4 13 -3 13 -3 13 -3 13 -2 13 -2 12 -1 13 -1 13 -1 13 -1 13 -1 13 -1 13 -1 13 0 0 -1 13 -1 14 -1 13 -1 13 -2 13 -2 13 -2 13 -2 13 -2 13 -3 12 -3 12 -3 12 -4 11 -4 11 -4 11 -4 10 -4 10 -4 10 -4 9 -5 9 -5 9 -5 8 -5 8 -6 7 -6 7 -6 6 0 0 0 0 0 0 0 0 0 0 ]
CSI_DATA,AP,10:B4:1D:CC:60:E0,-26,11,1,7,1,1,1,1,0,0,1,-93,0,6,2,7445149,0,68,0,0,7.15455,384,[0 0 0 0 0 0 0 0 0 0 0 0 -7 8 -8 8 -7 8 -7 8 -7 8 -7 8 -7 7 -6 8 -6 7 -6 8 -6 8 -5 7 -5 8 -5 8 -5 8 -5 7 -4 8 -4 8 -4 8 -4 8 -4 8 -4 8 -4 8 -3 8 -3 8 -3 8 0 0 -4 8 -3 8 -4 8 -4 8 -4 8 -4 8 -4 8 -4 8 -5 8 -5 7 -5 7 -5 7 -5 7 -5 7 -5 6 -5 6 -5 6 -5 5 -5 5 -5 5 -5 4 -5 4 -5 4 -6 4 -6 3 -6 3 0 0 0 0 0 0 0 0 0 0 ]
CSI_DATA,AP,10:B4:1D:CC:60:E0,-27,11,1,7,1,1,1,1,0,0,1,-93,0,6,2,7535130,0,68,0,0,7.24454,384,[0 0 0 0 0 0 0 0 0 0 0 0 -3 11 -3 10 -2 11 -2 10 -2 10 -2 10 -2 10 -2 10 -2 10 -1 9 -1 9 -1 9 -1 9 -1 9 -1 9 0 9 0 9 0 9 0 9 0 9 0 9 1 9 1 9 1 9 1 9 1 9 0 0 1 9 1 9 1 9 1 9 0 9 0 9 0 9 0 9 -1 9 -1 9 -1 9 -1 9 -1 8 -1 8 -2 8 -2 7 -2 7 -2 7 -2 7 -3 6 -3 6 -3 6 -3 6 -3 5 -4 5 -4 5 0 0 0 0 0 0 0 0 0 0 ]
CSI_DATA,AP,10:B4:1D:CC:60:E0,-26,11,1,7,1,1,1,1,0,0,1,-93,0,6,2,7626478,0,68,0,0,7.33589,384,[0 0 0 0 0 0 0 0 0 0 0 0 8 7 8 7 8 7 7 6 8 7 8 6 8 6 8 6 8 6 8 6 8 5 8 5 8 5 8 4 8 5 8 4 8 4 8 4 8 3 8 4 8 4 8 3 8 3 8 3 8 3 8 3 0 0 9 3 8 3 8 3 9 3 8 3 8 4 8 4 8 4 8 4 8 4 7 4 7 4 7 4 6 4 7 4 6 4 6 4 5 4 5 4 5 4 5 5 4 5 4 5 4 5 3 5 3 5 0 0 0 0 0 0 0 0 0 0 ]
CSI_DATA,AP,10:B4:1D:CC:60:E0,-27,11,1,7,1,1,1,1,0,0,1,-93,0,6,2,7715396,0,68,0,0,7.4248,384,[0 0 0 0 0 0 0 0 0 0 0 0 6 -10 6 -10 5 -10 5 -9 5 -9 5 -9 5 -9 5 -9 5 -9 4 -9 4 -9 4 -9 4 -9 4 -9 3 -9 3 -9 3 -9 3 -9 3 -9 3 -9 2 -9 2 -9 2 -9 2 -9 2 -9 2 -9 0 0 2 -10 2 -10 2 -10 2 -9 2 -9 3 -10 3 -9 3 -9 3 -9 3 -9 3 -8 3 -8 3 -8 4 -8 4 -7 4 -7 4 -7 4 -6 4 -6 4 -6 4 -6 4 -5 4 -5 4 -5 4 -4 5 -4 0 0 0 0 0 0 0 0 0 0 ]
CSI_DATA,AP,10:B4:1D:CC:60:E0,-27,11,1,7,1,1,1,1,0,0,1,-93,0,6,2,7805172,0,68,0,0,7.51458,384,[0 0 0 0 0 0 0 0 0 0 0 0 -9 -8 -9 -8 -9 -8 -9 -8 -9 -7 -9 -7 -9 -7 -9 -7 -9 -6 -9 -6 -9 -6 -9 -6 -9 -6 -9 -5 -9 -5 -9 -5 -9 -5 -9 -4 -9 -4 -9 -4 -9 -4 -9 -4 -10 -4 -9 -4 -10 -4 -10 -3 0 0 -10 -3 -10 -4 -10 -4 -10 -4 -10 -4 -10 -4 -9 -4 -9 -4 -9 -4 -9 -4 -9 -4 -8 -5 -8 -5 -8 -5 -8 -5 -7 -5 -7 -5 -7 -5 -6 -5 -6 -5 -6 -5 -6 -5 -5 -6 -5 -6 -5 -6 -4 -6 0 0 0 0 0 0 0 0 0 0 ]
CSI_DATA,AP,10:B4:1D:CC:60:E0,-26,11,1,7,1,1,1,1,0,0,1,-93,0,6,2,7896383,0,68,0,0,7.60579,384,[0 0 0 0 0 0 0 0 0 0 0 0 11 -3 11 -3 10 -3 10 -3 10 -3 10 -3 10 -3 10 -3 9 -3 9 -4 9 -4 9 -4 8 -4 8 -4 8 -4 8 -5 8 -4 8 -5 8 -5 8 -5 8 -5 8 -5 8 -5 8 -6 8 -5 8 -6 0 0 8 -5 8 -5 8 -5 8 -5 8 -5 8 -5 8 -5 8 -5 8 -4 8 -4 8 -4 8 -4 8 -3 8 -3 8 -3 7 -2 7 -2 7 -2 7 -2 7 -1 7 -1 6 -1 6 -1 6 0 6 0 6 1 0 0 0 0 0 0 0 0 0 0 ]
CSI_DATA,AP,10:B4:1D:CC:60:E0,-27,11,1,7,1,1,1,1,0,0,1,-93,0,6,2,7985105,0,68,0,0,7.69451,384,[0 0 0 0 0 0 0 0 0 0 0 0 -11 3 -11 3 -10 3 -10 3 -10 3 -10 3 -10 3 -10 4 -10 3 -9 4 -9 4 -9 4 -9 4 -9 4 -9 4 -8 5 -8 4 -8 5 -8 5 -8 5 -8 5 -8 5 -8 5 -8 5 -8 6 -8 6 0 0 -8 6 -8 6 -8 5 -8 6 -8 5 -8 5 -8 5 -8 5 -8 4 -8 4 -8 4 -8 4 -8 4 -8 3 -8 3 -8 2 -8 2 -8 2 -7 2 -8 1 -8 1 -7 1 -7 1 -7 0 -7 0 -7 0 0 0 0 0 0 0 0 0 0 0 ]
CSI_DATA,AP,10:B4:1D:CC:60:E0,-26,11,1,7,1,1,1,1,0,0,1,-93,0,6,2,8075117,0,68,0,0,7.78453,384,[0 0 0 0 0 0 0 0 0 0 0 0 11 0 11 0 11 0 11 0 10 0 10 0 10 0 10 0 10 -1 10 -1 10 -1 9 -1 9 -1 9 -2 9 -2 9 -2 9 -2 9 -2 9 -2 9 -3 9 -2 9 -3 9 -3 9 -3 9 -3 9 -3 0 0 9 -3 9 -3 9 -3 9 -3 9 -3 9 -3 9 -2 9 -2 9 -2 9 -2 9 -2 8 -1 8 -1 8 -1 8 -1 8 0 7 0 7 0 7 0 7 1 7 1 6 1 6 1 6 1 6 2 6 2 0 0 0 0 0 0 0 0 0 0 ]
CSI_DATA,AP,10:B4:1D:CC:60:E0,-26,11,1,7,1,1,1,1,0,0,1,-93,0,6,2,8165209,0,68,0,0,7.87462,384,[0 0 0 0 0 0 0 0 0 0 0 0 7 8 7 8 7 8 7 8 7 8 7 7 7 7 7 7 7 7 7 6 7 6 7 6 7 6 7 6 7 6 7 5 7 5 7 5 7 5 8 5 8 5 8 5 8 4 8 4 8 4 8 4 0 0 8 4 8 4 8 5 8 4 8 5 8 5 7 5 7 5 7 5 7 5 7 5 7 5 6 5 6 5 6 6 5 5 5 6 5 5 4 5 4 5 4 5 3 6 3 6 3 5 3 6 2 5 0 0 0 0 0 0 0 0 0 0 ]
CSI_DATA,AP,10:B4:1D:CC:60:E0,-26,11,1,7,1,1,1,1,0,0,1,-93,0,6,2,8255159,0,68,0,0,7.96457,384,[0 0 0 0 0 0 0 0 0 0 0 0 9 -6 9 -6 9 -6 9 -6 9 -6 9 -6 8 -6 8 -6 8 -6 8 -6 7 -6 7 -6 7 -6 7 -7 6 -7 7 -7 6 -7 6 -7 6 -7 6 -7 6 -7 5 -7 6 -8 5 -8 5 -8 5 -8 0 0 6 -8 5 -8 5 -8 6 -8 6 -8 6 -8 6 -7 6 -7 6 -7 6 -7 6 -7 6 -7 6 -6 6 -6 6 -6 6 -5 6 -5 6 -5 6 -5 6 -4 6 -4 6 -4 5 -3 5 -3 6 -3 6 -2 0 0 0 0 0 0 0 0 0 0 ]
CSI_DATA,AP,10:B4:1D:CC:60:E0,-24,11,1,7,0,1,1,1,0,0,1,-93,0,6,2,8346116,0,68,0,0,8.05552,256,[0 0 0 0 0 0 0 0 0 0 0 0 -15 8 -15 8 -14 8 -14 8 -14 8 -14 8 -13 8 -13 8 -12 8 -12 8 -12 8 -12 8 -11 8 -11 9 -11 9 -11 9 -10 9 -10 9 -10 9 -10 9 -9 10 -10 9 -9 10 -9 10 -9 10 -9 10 0 0 -10 10 -10 10 -10 10 -10 10 -10 10 -10 10 -10 9 -10 9 -11 9 -11 8 -11 8 -10 8 -11 7 -11 7 -11 6 -11 6 -10 5 -10 5 -10 5 -10 4 -10 4 -10 3 -10 3 -10 2 -10 2 -10 1 0 0 0 0 0 0 0 0 0 0 ]
CSI_DATA,AP,10:B4:1D:CC:60:E0,-26,11,1,7,1,1,1,1,0,0,1,-93,0,6,2,8435182,0,68,0,0,8.1446,384,[0 0 0 0 0 0 0 0 0 0 0 0 10 -6 10 -6 10 -6 9 -6 9 -6 9 -6 9 -5 9 -6 9 -5 8 -6 8 -6 8 -6 8 -6 7 -6 7 -6 7 -6 7 -6 7 -6 7 -7 7 -7 7 -7 6 -7 7 -7 6 -7 6 -7 7 -7 0 0 7 -7 7 -7 7 -7 7 -7 7 -7 7 -7 7 -7 7 -6 7 -6 7 -6 7 -6 7 -6 7 -5 7 -5 7 -4 7 -4 7 -4 7 -3 7 -3 7 -3 7 -2 6 -3 6 -2 6 -2 6 -1 6 -1 0 0 0 0 0 0 0 0 0 0 ]
CSI_DATA,AP,10:B4:1D:CC:60:E0,-26,11,1,7,1,1,1,1,0,0,1,-93,0,6,2,8525717,0,68,0,0,8.23512,384,[0 0 0 0 0 0 0 0 0 0 0 0 11 -1 11 -1 10 -1 10 -1 10 -1 10 -1 10 -1 10 -2 10 -1 9 -2 9 -2 9 -2 9 -2 8 -3 9 -3 8 -3 9 -3 8 -3 8 -4 8 -4 8 -4 8 -4 8 -4 8 -4 8 -4 8 -5 0 0 8 -4 8 -4 8 -4 8 -4 8 -4 8 -4 9 -3 8 -3 9 -3 8 -3 8 -3 8 -3 8 -2 8 -2 7 -2 8 -2 7 -1 7 -1 7 -1 7 0 7 0 6 0 6 0 6 0 6 1 6 1 0 0 0 0 0 0 0 0 0 0 ]
CSI_DATA,AP,10:B4:1D:CC:60:E0,-26,11,1,7,1,1,1,1,0,0,1,-93,0,6,2,8615772,0,68,0,0,8.32518,384,[0 0 0 0 0 0 0 0 0 0 0 0 0 11 0 11 0 11 0 11 1 11 0 10 0 10 0 10 1 10 1 10 1 9 2 9 2 9 2 9 2 9 2 9 2 8 3 9 3 9 3 9 3 9 3 9 3 9 4 9 4 8 3 8 0 0 3 9 4 9 3 8 4 9 3 9 3 9 3 9 2 9 2 9 2 9 2 8 2 8 2 8 1 8 1 8 1 8 1 8 0 7 0 7 0 7 -1 7 -1 7 -1 7 -1 6 -1 6 -2 6 0 0 0 0 0 0 0 0 0 0 ]
CSI_DATA,AP,10:B4:1D:CC:60:E0,-26,11,1,7,1,1,1,1,0,0,1,-93,0,6,2,8705162,0,68,0,0,8.41457,384,[0 0 0 0 0 0 0 0 0 0 0 0 -12 -3 -12 -3 -12 -3 -11 -3 -11 -2 -11 -2 -11 -2 -11 -2 -11 -2 -10 -1 -11 -1 -11 -1 -10 -1 -10 -1 -10 0 -10 0 -10 0 -10 0 -10 1 -10 1 -10 1 -10 1 -10 1 -10 1 -10 1 -10 1 0 0 -10 1 -10 1 -10 1 -11 1 -10 1 -10 1 -10 1 -10 0 -10 0 -10 0 -10 0 -9 0 -9 -1 -9 -1 -9 -1 -9 -1 -9 -1 -9 -2 -8 -2 -8 -2 -8 -2 -7 -3 -7 -2 -7 -3 -7 -3 -6 -4 0 0 0 0 0 0 0 0 0 0 ]
CSI_DATA,AP,10:B4:1D:CC:60:E0,-26,11,1,7,1,1,1,1,0,0,1,-93,0,6,2,8795114,0,68,0,0,8.50452,384,[0 0 0 0 0 0 0 0 0 0 0 0 5 9 5 9 5 9 5 9 5 9 5 8 5 8 5 8 5 8 5 8 5 7 6 7 5 7 6 7 6 7 6 6 6 6 6 6 6 6 6 6 6 6 6 6 7 6 7 6 7 5 7 5 0 0 7 5 7 6 7 6 7 6 7 6 7 6 6 6 6 6 6 6 6 6 6 6 5 6 5 6 5 6 4 6 4 6 4 6 3 6 3 6 3 6 3 6 2 6 2 6 1 6 1 6 1 6 0 0 0 0 0 0 0 0 0 0 ]
CSI_DATA,AP,10:B4:1D:CC:60:E0,-26,11,1,7,1,1,1,1,0,0,1,-93,0,6,2,8885278,0,68,0,0,8.59468,384,[0 0 0 0 0 0 0 0 0 0 0 0 1 -12 0 -12 0 -12 0 -12 0 -12 0 -11 0 -11 0 -11 -1 -11 -1 -11 -1 -11 -1 -10 -1 -10 -1 -10 -2 -10 -2 -10 -2 -10 -2 -10 -3 -10 -3 -10 -3 -10 -3 -10 -3 -10 -3 -10 -3 -10 -3 -10 0 0 -3 -10 -3 -10 -4 -10 -3 -10 -3 -10 -3 -10 -3 -10 -3 -10 -2 -10 -2 -10 -2 -10 -2 -10 -1 -9 -1 -9 -1 -9 -1 -9 -1 -9 0 -8 0 -8 0 -8 0 -8 0 -8 1 -7 1 -7 1 -7 2 -6 0 0 0 0 0 0 0 0 0 0 ]
CSI_DATA,AP,10:B4:1D:CC:60:E0,-26,11,1,7,1,1,1,1,0,0,1,-93,0,6,2,8975208,0,68,0,0,8.68462,384,[0 0 0 0 0 0 0 0 0 0 0 0 -8 8 -8 8 -7 8 -7 8 -7 8 -7 8 -7 8 -6 8 -6 8 -6 8 -6 8 -5 8 -5 8 -5 8 -5 8 -5 8 -4 8 -4 8 -4 8 -4 8 -4 8 -3 8 -3 8 -3 9 -3 8 -3 8 0 0 -4 9 -3 9 -3 9 -4 9 -3 9 -4 9 -4 8 -4 8 -4 8 -5 8 -5 8 -4 7 -5 7 -5 7 -5 6 -5 6 -5 6 -5 6 -5 5 -5 5 -5 5 -5 5 -5 4 -5 4 -6 4 -5 3 0 0 0 0 0 0 0 0 0 0 ]
CSI_DATA,AP,10:B4:1D:CC:60:E0,-26,11,1,7,1,1,1,1,0,0,1,-93,0,6,2,9065034,0,68,0,0,8.77445,384,[0 0 0 0 0 0 0 0 0 0 0 0 -9 8 -8 7 -8 7 -8 7 -8 7 -8 7 -8 7 -7 7 -7 7 -7 7 -7 7 -7 7 -6 7 -6 7 -6 7 -6 7 -6 7 -5 7 -5 8 -5 8 -5 8 -5 8 -5 8 -4 8 -4 8 -4 8 0 0 -5 8 -4 8 -5 8 -5 8 -5 8 -5 8 -5 8 -5 8 -6 8 -6 7 -6 7 -5 7 -6 7 -6 6 -6 6 -6 5 -6 5 -6 5 -6 5 -6 4 -6 4 -6 4 -6 4 -6 3 -6 3 -6 2 0 0 0 0 0 0 0 0 0 0 ]
CSI_DATA,AP,10:B4:1D:CC:60:E0,-26,11,1,7,1,1,1,1,0,0,1,-93,0,6,2,9155240,0,68,0,0,8.86465,384,[0 0 0 0 0 0 0 0 0 0 0 0 -5 -11 -5 -11 -5 -10 -5 -10 -5 -10 -5 -10 -5 -10 -5 -9 -5 -9 -6 -9 -6 -9 -6 -9 -6 -9 -6 -8 -6 -8 -6 -8 -6 -8 -6 -7 -7 -8 -7 -7 -7 -7 -7 -7 -7 -7 -7 -7 -7 -7 -7 -7 0 0 -8 -7 -7 -7 -8 -7 -7 -7 -7 -7 -7 -8 -7 -8 -7 -8 -6 -8 -6 -7 -6 -7 -6 -8 -5 -8 -5 -8 -5 -7 -5 -7 -4 -7 -4 -7 -4 -7 -4 -7 -3 -7 -3 -7 -3 -7 -2 -7 -2 -7 -2 -6 0 0 0 0 0 0 0 0 0 0 ]
CSI_DATA,AP,10:B4:1D:CC:60:E0,-26,11,1,7,1,1,1,1,0,0,1,-93,0,6,2,9248635,0,68,0,0,8.95804,384,[0 0 0 0 0 0 0 0 0 0 0 0 -12 -5 -11 -4 -11 -4 -11 -4 -11 -4 -11 -4 -11 -4 -11 -4 -10 -3 -11 -3 -11 -3 -10 -2 -10 -2 -10 -2 -10 -2 -10 -1 -10 -1 -10 -1 -10 -1 -10 -1 -10 -1 -10 -1 -10 0 -10 0 -10 0 -10 0 0 0 -11 0 -10 0 -10 0 -11 0 -10 0 -10 -1 -10 -1 -10 -1 -10 -1 -10 -1 -10 -1 -9 -2 -9 -2 -9 -2 -9 -2 -9 -2 -8 -3 -8 -3 -8 -3 -8 -3 -7 -3 -7 -3 -7 -3 -6 -3 -6 -4 -6 -4 0 0 0 0 0 0 0 0 0 0 ]
CSI_DATA,AP,10:B4:1D:CC:60:E0,-26,11,1,7,1,1,1,1,0,0,1,-93,0,6,2,9335207,0,68,0,0,9.04462,384,[0 0 0 0 0 0 0 0 0 0 0 0 7 7 7 7 8 7 7 7 7 7 7 7 7 6 7 6 7 6 7 6 7 6 7 5 7 5 7 5 7 5 8 4 7 4 7 4 8 4 8 4 8 4 8 3 8 3 8 3 8 3 8 3 0 0 8 3 8 3 8 3 8 3 8 3 8 4 8 4 8 4 8 4 7 4 7 4 7 4 7 4 6 4 6 4 6 4 6 4 5 4 5 4 5 4 5 5 4 5 4 5 3 5 3 5 3 5 0 0 0 0 0 0 0 0 0 0 ]
CSI_DATA,AP,10:B4:1D:CC:60:E0,-27,11,1,7,1,1,1,1,0,0,1,-93,0,6,2,9425731,0,68,0,0,9.13514,384,[0 0 0 0 0 0 0 0 0 0 0 0 10 -4 10 -4 10 -4 10 -4 10 -4 10 -4 9 -4 9 -5 9 -5 8 -4 8 -5 8 -5 8 -5 8 -5 8 -5 7 -6 7 -6 7 -6 7 -6 7 -6 7 -6 7 -6 7 -7 7 -7 7 -7 7 -6 0 0 7 -7 7 -7 7 -7 7 -7 7 -7 7 -6 7 -6 7 -6 8 -5 8 -5 7 -5 7 -5 7 -4 7 -4 7 -4 7 -4 7 -3 7 -3 7 -3 7 -3 7 -2 6 -2 6 -2 6 -2 6 -1 6 -1 0 0 0 0 0 0 0 0 0 0 ]
CSI_DATA,AP,10:B4:1D:CC:60:E0,-26,11,1,7,1,1,1,1,0,0,1,-93,0,6,2,9517229,0,68,0,0,9.22665,384,[0 0 0 0 0 0 0 0 0 0 0 0 -2 11 -2 11 -2 11 -2 11 -2 10 -2 10 -2 10 -2 10 -1 10 -1 10 -1 10 -1 9 0 9 -1 9 0 9 0 9 0 9 0 9 1 9 1 9 1 9 1 9 1 9 1 9 1 9 1 9 0 0 1 9 1 9 1 9 1 9 1 10 1 9 1 9 0 9 0 9 0 9 0 9 0 9 -1 9 -1 8 -1 8 -1 8 -2 8 -2 7 -2 7 -2 7 -2 6 -3 6 -3 6 -3 6 -3 5 -3 5 0 0 0 0 0 0 0 0 0 0 ]
CSI_DATA,AP,10:B4:1D:CC:60:E0,-26,11,1,7,1,1,1,1,0,0,1,-93,0,6,2,9605202,0,68,0,0,9.31462,384,[0 0 0 0 0 0 0 0 0 0 0 0 -12 4 -11 4 -11 4 -11 4 -11 4 -10 4 -10 4 -10 4 -10 4 -9 4 -10 4 -9 4 -9 4 -9 5 -9 4 -9 5 -9 5 -8 5 -8 5 -8 5 -8 5 -8 5 -8 6 -8 6 -8 6 -8 6 0 0 -8 6 -8 6 -8 6 -9 6 -8 5 -8 5 -9 5 -8 5 -9 4 -9 4 -9 4 -8 4 -8 4 -8 3 -9 3 -8 2 -8 2 -8 2 -8 2 -8 1 -8 1 -7 1 -7 1 -7 0 -7 0 -7 -1 0 0 0 0 0 0 0 0 0 0 ]
CSI_DATA,AP,10:B4:1D:CC:60:E0,-26,11,1,7,1,1,1,1,0,0,1,-93,0,6,2,9695158,0,68,0,0,9.40457,384,[0 0 0 0 0 0 0 0 0 0 0 0 -4 -12 -4 -12 -4 -11 -4 -11 -4 -11 -5 -10 -5 -10 -5 -10 -5 -10 -5 -10 -5 -10 -5 -9 -5 -9 -5 -9 -6 -9 -6 -8 -6 -8 -6 -8 -6 -8 -6 -8 -6 -8 -6 -8 -7 -8 -7 -8 -7 -8 -7 -8 0 0 -7 -8 -7 -8 -7 -8 -7 -8 -7 -8 -7 -8 -7 -9 -6 -8 -6 -8 -6 -8 -5 -8 -5 -8 -5 -8 -5 -8 -5 -8 -4 -8 -4 -8 -4 -8 -4 -8 -3 -7 -3 -7 -2 -7 -2 -7 -2 -7 -2 -7 -1 -7 0 0 0 0 0 0 0 0 0 0 ]
CSI_DATA,AP,10:B4:1D:CC:60:E0,-26,11,1,7,1,1,1,1,0,0,1,-93,0,6,2,9785178,0,68,0,0,9.49459,384,[0 0 0 0 0 0 0 0 0 0 0 0 -4 -12 -4 -11 -4 -12 -4 -11 -4 -11 -4 -11 -4 -11 -4 -10 -4 -10 -4 -10 -4 -10 -4 -10 -5 -10 -5 -9 -5 -9 -5 -9 -5 -9 -6 -9 -6 -9 -6 -9 -6 -9 -6 -9 -6 -8 -6 -8 -6 -9 -6 -8 0 0 -6 -9 -6 -9 -6 -9 -6 -9 -6 -9 -6 -9 -5 -9 -5 -9 -5 -9 -5 -9 -4 -9 -4 -9 -4 -9 -3 -9 -3 -9 -3 -8 -3 -8 -3 -8 -2 -8 -2 -8 -2 -8 -1 -7 -1 -8 -1 -7 0 -7 0 -7 0 0 0 0 0 0 0 0 0 0 ]
CSI_DATA,AP,10:B4:1D:CC:60:E0,-26,11,1,7,1,1,1,1,0,0,1,-93,0,6,2,9875087,0,68,0,0,9.5845,384,[0 0 0 0 0 0 0 0 0 0 0 0 1 11 1 11 2 11 1 10 2 10 2 10 2 10 2 10 2 9 2 9 2 9 3 9 3 9 3 9 3 9 3 8 3 8 4 8 4 8 4 8 4 8 4 8 4 8 5 8 5 8 5 8 0 0 5 8 5 8 4 8 4 8 4 8 4 8 4 8 4 8 3 8 3 8 3 8 3 8 3 8 2 8 2 8 2 7 2 7 1 7 1 7 1 7 0 7 0 7 0 6 0 6 -1 6 -1 6 0 0 0 0 0 0 0 0 0 0 ]
CSI_DATA,AP,10:B4:1D:CC:60:E0,-26,11,1,7,1,1,1,1,0,0,1,-93,0,6,2,9965448,0,68,0,0,9.67485,384,[0 0 0 0 0 0 0 0 0 0 0 0 -4 -12 -4 -11 -4 -11 -4 -11 -4 -11 -4 -11 -4 -11 -4 -10 -4 -10 -4 -10 -4 -10 -4 -10 -5 -10 -5 -9 -5 -9 -5 -9 -5 -9 -5 -9 -6 -9 -6 -9 -6 -9 -6 -9 -6 -8 -6 -8 -6 -8 -6 -8 0 0 -6 -9 -6 -9 -6 -9 -6 -9 -6 -9 -6 -9 -6 -9 -5 -9 -5 -9 -5 -9 -5 -9 -4 -9 -4 -9 -4 -9 -3 -8 -3 -8 -3 -8 -3 -8 -2 -8 -2 -7 -2 -8 -1 -8 -1 -8 -1 -7 -1 -7 0 -7 0 0 0 0 0 0 0 0 0 0 ]
CSI_DATA,AP,10:B4:1D:CC:60:E0,-27,11,1,7,1,1,1,1,0,0,1,-93,0,6,2,10055184,0,68,0,0,9.7646,384,[0 0 0 0 0 0 0 0 0 0 0 0 10 4 10 4 10 4 9 4 9 4 9 4 9 4 9 4 9 3 9 3 9 3 9 2 9 2 9 2 9 2 9 1 9 1 9 1 9 1 9 1 9 1 9 1 9 0 9 0 9 0 9 0 0 0 10 0 9 0 9 0 9 0 9 0 9 1 9 1 9 1 9 1 9 1 9 1 8 1 8 2 8 2 8 2 7 2 7 2 7 2 7 2 6 3 6 3 6 3 5 3 5 3 5 3 4 3 0 0 0 0 0 0 0 0 0 0 ]
CSI_DATA,AP,10:B4:1D:CC:60:E0,-26,11,1,7,1,1,1,1,0,0,1,-93,0,6,2,10145231,0,68,0,0,9.85464,384,[0 0 0 0 0 0 0 0 0 0 0 0 11 -1 11 -2 10 -2 10 -2 10 -2 10 -2 10 -2 10 -2 10 -2 9 -2 9 -2 9 -2 9 -3 9 -3 9 -3 9 -3 9 -3 8 -4 8 -4 8 -4 8 -4 8 -4 8 -4 8 -4 8 -5 9 -5 0 0 9 -4 8 -4 8 -4 9 -4 8 -4 8 -4 9 -4 9 -3 9 -3 9 -3 8 -3 8 -2 8 -2 8 -2 8 -2 8 -2 8 -1 7 -1 7 -1 7 0 7 0 7 0 6 0 6 0 6 1 6 1 0 0 0 0 0 0 0 0 0 0 ]
CSI_DATA,AP,10:B4:1D:CC:60:E0,-26,11,1,7,1,1,1,1,0,0,1,-93,0,6,2,10236256,0,68,0,0,9.94583,384,[0 0 0 0 0 0 0 0 0 0 0 0 -11 6 -10 6 -10 5 -10 5 -9 6 -10 6 -10 5 -9 6 -9 5 -8 5 -9 6 -8 6 -8 6 -8 6 -8 6 -8 6 -7 6 -7 6 -7 7 -7 7 -7 7 -7 7 -7 7 -7 7 -6 7 -7 7 0 0 -7 7 -7 7 -7 7 -7 7 -7 7 -7 7 -7 7 -7 7 -8 6 -7 6 -8 6 -7 6 -7 5 -7 5 -7 4 -7 4 -7 4 -7 4 -7 3 -7 3 -7 2 -7 2 -7 2 -7 2 -7 1 -7 1 0 0 0 0 0 0 0 0 0 0 ]
CSI_DATA,AP,10:B4:1D:CC:60:E0,-27,11,1,7,1,1,1,1,0,0,1,-93,0,6,2,10325228,0,68,0,0,10.0346,384,[0 0 0 0 0 0 0 0 0 0 0 0 -12 -4 -11 -4 -11 -3 -11 -3 -11 -3 -11 -3 -11 -3 -11 -3 -11 -3 -10 -3 -11 -2 -10 -2 -10 -2 -10 -1 -10 -1 -10 -1 -10 -1 -10 -1 -10 -1 -10 -1 -10 -1 -10 0 -10 0 -10 0 -10 0 -10 0 0 0 -10 0 -10 0 -10 0 -11 0 -10 0 -10 -1 -10 -1 -10 -1 -10 -1 -10 -1 -10 -1 -9 -2 -9 -2 -9 -2 -9 -2 -8 -2 -8 -3 -8 -3 -8 -3 -7 -3 -7 -3 -7 -3 -7 -4 -6 -4 -6 -4 -6 -4 0 0 0 0 0 0 0 0 0 0 ]
CSI_DATA,AP,10:B4:1D:CC:60:E0,-26,11,1,7,1,1,1,1,0,0,1,-93,0,6,2,10416808,0,68,0,0,10.1262,384,[0 0 0 0 0 0 0 0 0 0 0 0 -1 11 0 11 -1 11 0 11 0 10 0 10 0 10 0 10 0 10 0 10 0 10 1 9 1 9 1 9 1 9 1 9 1 9 2 9 2 9 2 9 2 8 2 9 2 8 3 9 3 9 3 9 0 0 3 9 3 9 3 9 3 9 2 9 2 9 2 9 2 9 1 9 1 9 1 9 1 8 0 8 0 8 0 8 0 8 0 8 0 7 -1 7 -1 7 -1 7 -2 7 -2 6 -2 6 -2 6 -2 5 0 0 0 0 0 0 0 0 0 0 ]
CSI_DATA,AP,10:B4:1D:CC:60:E0,-26,11,1,7,1,1,1,1,0,0,1,-93,0,6,2,10505273,0,68,0,0,10.2147,384,[0 0 0 0 0 0 0 0 0 0 0 0 10 5 10 4 10 4 9 4 9 4 9 4 9 3 9 3 9 3 9 3 9 2 9 2 9 2 9 2 9 1 9 1 9 1 9 1 9 1 9 1 9 1 9 1 9 0 9 0 9 0 9 0 0 0 9 0 9 0 9 0 9 0 9 0 9 1 9 1 9 1 9 1 9 2 8 2 8 2 8 2 7 2 8 2 7 2 7 2 7 3 7 2 6 3 6 3 5 3 5 3 5 3 5 3 4 4 0 0 0 0 0 0 0 0 0 0 ]
CSI_DATA,AP,10:B4:1D:CC:60:E0,-27,11,1,7,1,1,1,1,0,0,1,-93,0,6,2,10596387,0,68,0,0,10.3058,384,[0 0 0 0 0 0 0 0 0 0 0 0 5 -11 5 -10 5 -11 5 -10 4 -10 4 -10 4 -10 4 -10 4 -10 3 -10 3 -10 3 -10 2 -10 2 -10 2 -10 2 -10 2 -10 1 -10 1 -10 1 -10 1 -10 1 -10 1 -10 0 -10 0 -10 0 -10 0 0 1 -10 0 -10 0 -10 1 -10 0 -10 1 -10 1 -10 1 -10 2 -10 1 -10 1 -9 1 -9 2 -9 2 -9 2 -8 2 -8 2 -8 2 -8 3 -7 3 -7 3 -7 3 -7 3 -6 3 -6 3 -6 3 -5 0 0 0 0 0 0 0 0 0 0 ]
CSI_DATA,AP,10:B4:1D:CC:60:E0,-27,11,1,7,1,1,1,1,0,0,1,-93,0,6,2,10685191,0,68,0,0,10.3946,384,[0 0 0 0 0 0 0 0 0 0 0 0 9 -7 9 -6 9 -7 9 -6 8 -6 8 -6 8 -6 8 -6 8 -6 7 -7 7 -7 7 -7 7 -7 6 -7 6 -7 6 -7 6 -7 6 -7 5 -7 6 -8 5 -8 5 -8 5 -8 5 -8 5 -8 5 -8 0 0 5 -8 5 -8 5 -8 5 -8 5 -8 6 -8 6 -8 6 -7 6 -7 6 -7 6 -7 6 -7 6 -7 6 -6 6 -6 6 -5 6 -5 6 -5 6 -5 6 -4 6 -4 6 -4 5 -4 5 -3 6 -3 5 -2 0 0 0 0 0 0 0 0 0 0 ]
CSI_DATA,AP,10:B4:1D:CC:60:E0,-27,11,1,7,1,1,1,1,0,0,1,-93,0,6,2,10775137,0,68,0,0,10.4846,384,[0 0 0 0 0 0 0 0 0 0 0 0 7 -9 6 -9 6 -9 6 -9 6 -9 6 -9 6 -9 6 -9 5 -9 5 -9 5 -9 5 -9 4 -9 4 -9 4 -9 4 -9 4 -9 4 -9 3 -9 3 -9 3 -9 3 -9 3 -9 3 -10 2 -9 3 -9 0 0 3 -9 3 -10 3 -10 3 -9 3 -10 4 -9 4 -9 4 -9 4 -8 4 -8 4 -8 4 -8 4 -7 4 -7 5 -7 5 -7 5 -7 5 -6 5 -6 5 -5 5 -5 5 -5 5 -5 5 -5 5 -4 5 -3 0 0 0 0 0 0 0 0 0 0 ]
CSI_DATA,AP,10:B4:1D:CC:60:E0,-27,11,1,7,1,1,1,1,0,0,1,-93,0,6,2,10865323,0,68,0,0,10.5747,384,[0 0 0 0 0 0 0 0 0 0 0 0 -8 -9 -8 -9 -8 -9 -7 -8 -8 -9 -7 -8 -8 -8 -8 -8 -7 -8 -8 -7 -8 -7 -8 -7 -8 -7 -8 -7 -8 -6 -8 -6 -8 -6 -8 -6 -8 -5 -8 -5 -8 -5 -8 -5 -9 -5 -9 -5 -8 -5 -9 -5 0 0 -9 -5 -9 -5 -8 -5 -9 -5 -8 -5 -8 -6 -8 -6 -8 -6 -8 -6 -8 -6 -7 -6 -7 -6 -7 -6 -6 -6 -6 -6 -6 -6 -6 -6 -6 -6 -5 -6 -5 -6 -5 -6 -4 -6 -4 -6 -3 -6 -3 -6 -3 -6 0 0 0 0 0 0 0 0 0 0 ]
CSI_DATA,AP,10:B4:1D:CC:60:E0,-27,11,1,7,1,1,1,1,0,0,1,-93,0,6,2,10955083,0,68,0,0,10.6645,384,[0 0 0 0 0 0 0 0 0 0 0 0 -2 11 -2 10 -1 10 -1 10 -1 10 -2 10 -1 10 -1 9 -1 9 -1 9 0 9 0 9 0 9 0 9 0 9 0 9 1 8 1 9 1 9 1 9 1 9 1 9 1 8 2 9 2 9 2 8 0 0 1 9 2 9 2 9 1 9 1 9 1 9 1 9 1 9 0 8 0 8 0 8 0 8 0 8 -1 8 -1 8 -1 7 -1 8 -1 7 -2 7 -2 6 -2 6 -2 6 -2 6 -3 6 -3 5 -3 5 0 0 0 0 0 0 0 0 0 0 ]
CSI_DATA,AP,10:B4:1D:CC:60:E0,-27,11,1,7,1,1,1,1,0,0,1,-93,0,6,2,11045200,0,68,0,0,10.7546,384,[0 0 0 0 0 0 0 0 0 0 0 0 1 11 1 11 1 11 1 10 1 10 1 10 1 10 1 10 1 9 2 9 2 9 2 9 2 9 2 9 2 9 3 8 2 8 3 8 3 8 3 8 3 8 3 8 4 8 4 8 4 8 4 8 0 0 4 8 4 8 4 8 4 8 4 8 3 9 3 8 3 8 3 8 3 8 3 8 2 8 2 8 2 8 1 7 1 7 1 7 1 7 0 7 0 7 0 7 0 7 -1 6 -1 6 -1 6 -2 6 0 0 0 0 0 0 0 0 0 0 ]
CSI_DATA,AP,10:B4:1D:CC:60:E0,-27,11,1,7,1,1,1,1,0,0,1,-93,0,6,2,11135314,0,68,0,0,10.8447,384,[0 0 0 0 0 0 0 0 0 0 0 0 -3 11 -2 10 -2 11 -2 10 -2 10 -2 10 -2 10 -1 10 -1 9 -1 10 -1 9 -1 9 -1 9 0 9 0 9 0 9 0 9 1 9 1 9 1 9 1 9 1 9 1 9 2 9 2 9 2 8 0 0 1 9 2 9 2 9 2 9 1 9 1 9 1 9 1 9 1 9 0 9 0 8 0 9 0 8 0 8 0 8 -1 7 -1 8 -1 7 -1 7 -1 6 -2 6 -2 7 -2 6 -2 6 -3 5 -3 5 0 0 0 0 0 0 0 0 0 0 ]
CSI_DATA,AP,10:B4:1D:CC:60:E0,-27,11,1,7,1,1,1,1,0,0,1,-93,0,6,2,11225194,0,68,0,0,10.9346,384,[0 0 0 0 0 0 0 0 0 0 0 0 -8 8 -8 8 -8 8 -7 8 -7 8 -7 8 -7 8 -7 8 -6 8 -6 8 -6 8 -6 8 -5 8 -5 8 -5 8 -5 8 -5 8 -4 8 -4 8 -4 8 -4 8 -4 8 -4 8 -3 9 -3 9 -3 9 0 0 -4 9 -3 9 -3 9 -4 9 -3 9 -4 9 -4 9 -4 9 -4 8 -4 8 -4 8 -4 8 -5 7 -5 7 -5 7 -5 6 -5 6 -5 6 -5 5 -5 5 -5 5 -5 5 -5 5 -5 4 -5 4 -5 3 0 0 0 0 0 0 0 0 0 0 ]
CSI_DATA,AP,10:B4:1D:CC:60:E0,-27,11,1,7,1,1,1,1,0,0,1,-93,0,6,2,11315795,0,68,0,0,11.0252,384,[0 0 0 0 0 0 0 0 0 0 0 0 6 9 6 9 6 9 6 9 6 8 6 8 6 8 6 8 6 8 6 8 6 7 6 7 6 7 6 6 6 7 7 6 6 6 7 6 7 6 7 6 7 6 7 6 7 5 8 6 7 5 7 5 0 0 7 5 8 5 8 5 8 5 7 6 7 6 7 6 7 6 7 6 7 6 6 6 6 6 6 6 5 6 5 6 5 6 4 6 4 6 4 6 4 6 3 6 3 6 3 6 2 6 2 6 2 6 0 0 0 0 0 0 0 0 0 0 ]
CSI_DATA,AP,10:B4:1D:CC:60:E0,-27,11,1,7,1,1,1,1,0,0,1,-93,0,6,2,11405180,0,68,0,0,11.1146,384,[0 0 0 0 0 0 0 0 0 0 0 0 -11 -6 -11 -6 -10 -5 -10 -5 -10 -5 -11 -5 -10 -5 -10 -5 -10 -4 -10 -4 -10 -4 -10 -4 -10 -3 -10 -3 -10 -3 -10 -3 -10 -2 -10 -2 -10 -2 -10 -2 -10 -2 -10 -1 -10 -1 -10 -1 -10 -1 -10 -1 0 0 -11 -1 -10 -1 -11 -1 -11 -1 -11 -1 -10 -2 -10 -2 -10 -2 -10 -2 -10 -2 -10 -2 -10 -2 -10 -3 -9 -3 -9 -3 -9 -3 -8 -3 -8 -3 -8 -4 -8 -4 -7 -4 -7 -4 -7 -4 -6 -4 -6 -4 -6 -5 0 0 0 0 0 0 0 0 0 0 ]
CSI_DATA,AP,10:B4:1D:CC:60:E0,-27,11,1,7,1,1,1,1,0,0,1,-93,0,6,2,11495146,0,68,0,0,11.2046,384,[0 0 0 0 0 0 0 0 0 0 0 0 -4 10 -4 10 -4 10 -3 10 -3 10 -3 10 -3 10 -3 10 -2 9 -2 10 -2 9 -2 9 -2 9 -1 9 -1 9 -1 9 -1 9 0 9 0 9 0 9 0 9 0 9 1 9 1 9 1 9 1 9 0 0 1 9 1 9 1 9 1 9 1 10 0 9 1 9 0 9 0 9 0 9 -1 9 -1 9 -1 9 -1 8 -1 8 -1 8 -1 8 -1 7 -2 7 -2 7 -2 7 -2 7 -3 6 -3 6 -3 6 -3 5 0 0 0 0 0 0 0 0 0 0 ]
CSI_DATA,AP,10:B4:1D:CC:60:E0,-27,11,1,7,1,1,1,1,0,0,1,-93,0,6,2,11585194,0,68,0,0,11.2946,384,[0 0 0 0 0 0 0 0 0 0 0 0 -7 -10 -7 -10 -7 -10 -7 -10 -7 -10 -7 -9 -6 -9 -7 -9 -6 -9 -7 -8 -7 -8 -7 -8 -7 -8 -7 -8 -7 -7 -7 -7 -7 -7 -8 -7 -8 -7 -8 -7 -8 -7 -8 -7 -8 -6 -9 -6 -8 -6 -9 -6 0 0 -8 -7 -8 -6 -8 -6 -8 -6 -8 -7 -8 -7 -8 -7 -8 -7 -8 -7 -7 -7 -7 -7 -7 -7 -7 -7 -6 -7 -6 -7 -6 -7 -5 -7 -5 -7 -5 -7 -5 -7 -4 -7 -4 -7 -4 -7 -3 -7 -3 -7 -2 -6 0 0 0 0 0 0 0 0 0 0 ]
CSI_DATA,AP,10:B4:1D:CC:60:E0,-27,11,1,7,1,1,1,1,0,0,1,-93,0,6,2,11675217,0,68,0,0,11.3846,384,[0 0 0 0 0 0 0 0 0 0 0 0 1 11 1 10 2 11 1 10 1 10 2 10 1 10 1 10 2 9 2 9 2 9 2 9 3 9 3 9 3 8 3 8 3 8 4 8 4 8 4 8 4 8 4 8 4 8 5 8 4 8 4 7 0 0 4 8 5 8 5 8 5 8 4 8 4 8 4 8 4 8 3 8 3 8 3 8 3 8 3 8 2 7 2 8 2 7 1 7 1 7 1 7 1 7 0 7 0 7 0 7 -1 6 -1 6 -1 6 0 0 0 0 0 0 0 0 0 0 ]
CSI_DATA,AP,10:B4:1D:CC:60:E0,-27,11,1,7,1,1,1,1,0,0,1,-93,0,6,2,11765089,0,68,0,0,11.4745,384,[0 0 0 0 0 0 0 0 0 0 0 0 -5 10 -5 9 -5 10 -5 10 -5 9 -4 9 -4 9 -4 9 -4 9 -4 9 -3 9 -3 9 -3 9 -2 9 -3 9 -2 9 -2 9 -2 9 -1 9 -2 9 -1 9 -1 9 -1 9 -1 9 -1 9 -1 9 0 0 -1 9 -1 9 -1 9 -1 9 -1 10 -1 9 -2 9 -2 9 -2 9 -2 9 -2 9 -2 9 -2 8 -3 8 -3 7 -3 7 -3 7 -3 7 -3 6 -3 6 -4 6 -4 6 -4 6 -4 5 -4 5 -5 4 0 0 0 0 0 0 0 0 0 0 ]
CSI_DATA,AP,10:B4:1D:CC:60:E0,-27,11,1,7,1,1,1,1,0,0,1,-93,0,6,2,11855089,0,68,0,0,11.5645,384,[0 0 0 0 0 0 0 0 0 0 0 0 6 -10 6 -9 6 -10 6 -9 6 -9 6 -9 5 -9 5 -9 5 -9 5 -9 5 -9 5 -9 4 -9 4 -9 4 -9 4 -9 3 -9 3 -9 3 -9 3 -9 3 -9 3 -9 3 -9 3 -10 2 -10 2 -10 0 0 3 -10 3 -10 2 -10 3 -10 3 -10 3 -10 4 -9 3 -9 4 -9 4 -9 4 -8 4 -8 4 -8 4 -8 4 -7 4 -7 4 -7 4 -6 4 -6 4 -6 5 -6 5 -5 5 -5 5 -5 5 -4 5 -4 0 0 0 0 0 0 0 0 0 0 ]
CSI_DATA,AP,10:B4:1D:CC:60:E0,-27,11,1,7,1,1,1,1,0,0,1,-93,0,6,2,11945068,0,68,0,0,11.6545,384,[0 0 0 0 0 0 0 0 0 0 0 0 -11 3 -12 3 -11 4 -11 3 -11 3 -11 3 -10 3 -10 3 -10 3 -9 4 -10 4 -9 4 -9 4 -9 4 -9 4 -8 4 -9 5 -8 4 -8 5 -8 5 -8 5 -8 5 -8 5 -8 6 -8 6 -8 6 0 0 -8 6 -8 5 -8 6 -8 5 -9 6 -9 5 -9 5 -8 4 -9 4 -8 4 -8 4 -8 4 -8 4 -9 3 -8 3 -9 3 -8 2 -8 2 -8 2 -8 1 -8 1 -8 1 -7 1 -7 0 -7 0 -7 -1 0 0 0 0 0 0 0 0 0 0 ]
CSI_DATA,AP,10:B4:1D:CC:60:E0,-27,11,1,7,1,1,1,1,0,0,1,-93,0,6,2,12035074,0,68,0,0,11.7445,384,[0 0 0 0 0 0 0 0 0 0 0 0 3 -11 2 -11 2 -11 2 -11 2 -11 2 -11 2 -11 2 -10 2 -10 1 -10 1 -10 1 -10 1 -10 0 -10 0 -10 0 -10 0 -9 0 -10 -1 -10 -1 -10 -1 -10 -1 -10 -1 -10 -1 -10 -1 -10 -1 -10 0 0 -1 -10 -1 -10 -1 -10 -1 -10 -1 -10 -1 -10 -1 -10 0 -10 0 -10 0 -10 0 -10 1 -10 1 -9 1 -9 1 -9 1 -8 1 -8 1 -8 2 -8 2 -7 2 -7 2 -7 2 -7 3 -6 3 -6 3 -5 0 0 0 0 0 0 0 0 0 0 ]

