--- Warning: GDB cannot open serial ports accessed as COMx
--- Using \\.\COM5 instead...
--- esp-idf-monitor 1.9.0 on \\.\COM5 115200
--- Quit: Ctrl+] | Menu: Ctrl+T | Help: Ctrl+T followed by Ctrl+H
Executing action: monitor
Running idf_monitor in directory C:\ESP32-CSI-Tool\active_ap
Executing "C:\Espressif\python_env\idf5.5_py3.11_env\Scripts\python.exe C:\Espressif\frameworks\esp-idf-v5.5.4-3\tools/idf_monitor.py -p COM5 -b 115200 --toolchain-prefix xtensa-esp32s3-elf- --target esp32s3 --revision 0 C:\ESP32-CSI-Tool\active_ap\build\active-ap.elf C:\ESP32-CSI-Tool\active_ap\build\bootloader\bootloader.elf --force-color -m 'C:\Espressif\python_env\idf5.5_py3.11_env\Scripts\python.exe' 'C:\Espressif\frameworks\esp-idf-v5.5.4-3\tools\idf.py' '-p' 'COM5'"...
ESP-ROM:esp32s3-20210327
Build:Mar 27 2021
rst:0x1 (POWERON),boot:0x8 (SPI_FAST_FLASH_BOOT)
SPIWP:0xee
mode:DIO, clock div:1
load:0x3fce2820,len:0x14f0
load:0x403c8700,len:0xd24
--- 0x403c8700: _stext at ??:?
load:0x403cb700,len:0x2ef0
entry 0x403c8924
--- 0x403c8924: call_start_cpu0 at C:/Espressif/frameworks/esp-idf-v5.5.4-3/components/bootloader/subproject/main/bootloader_start.c:27
I (24) boot: ESP-IDF v5.5.4 2nd stage bootloader
I (25) boot: compile time Jun 25 2026 19:04:14
I (25) boot: Multicore bootloader
I (25) boot: chip revision: v0.2
I (28) boot: efuse block revision: v1.3
I (31) boot.esp32s3: Boot SPI Speed : 80MHz
I (35) boot.esp32s3: SPI Mode       : DIO
I (39) boot.esp32s3: SPI Flash Size : 2MB
I (43) boot: Enabling RNG early entropy source...
I (47) boot: Partition Table:
I (50) boot: ## Label            Usage          Type ST Offset   Length
I (56) boot:  0 nvs              WiFi data        01 02 00009000 00006000
I (63) boot:  1 phy_init         RF data          01 01 0000f000 00001000
I (69) boot:  2 factory          factory app      00 00 00010000 00100000
I (76) boot: End of partition table
I (79) esp_image: segment 0: paddr=00010020 vaddr=3c0c0020 size=1e414h (123924) map
I (108) esp_image: segment 1: paddr=0002e43c vaddr=3fc9a400 size=01bdch (  7132) load
I (110) esp_image: segment 2: paddr=00030020 vaddr=42000020 size=b082ch (722988) map
I (239) esp_image: segment 3: paddr=000e0854 vaddr=3fc9bfdc size=03320h ( 13088) load
I (242) esp_image: segment 4: paddr=000e3b7c vaddr=40374000 size=1631ch ( 90908) load
I (263) esp_image: segment 5: paddr=000f9ea0 vaddr=50000000 size=00020h (    32) load
I (272) boot: Loaded app from partition at offset 0x10000
I (272) boot: Disabling RNG early entropy source...
I (282) cpu_start: Multicore app
I (291) cpu_start: GPIO 44 and 43 are used as console UART I/O pins
I (292) cpu_start: Pro cpu start user code
I (292) cpu_start: cpu freq: 160000000 Hz
I (293) app_init: Application information:
I (297) app_init: Project name:     active-ap
I (301) app_init: App version:      cce5b1a-dirty
I (305) app_init: Compile time:     Jul  2 2026 19:28:44
I (311) app_init: ELF file SHA256:  509764614...
I (315) app_init: ESP-IDF:          v5.5.4
I (319) efuse_init: Min chip rev:     v0.0
I (322) efuse_init: Max chip rev:     v0.99 
I (326) efuse_init: Chip rev:         v0.2
I (330) heap_init: Initializing. RAM available for dynamic allocation:
I (337) heap_init: At 3FCA4190 len 00045580 (277 KiB): RAM
I (342) heap_init: At 3FCE9710 len 00005724 (21 KiB): RAM
I (347) heap_init: At 3FCF0000 len 00008000 (32 KiB): DRAM
I (352) heap_init: At 600FE000 len 00001FE8 (7 KiB): RTCRAM
I (359) spi_flash: detected chip: generic
I (361) spi_flash: flash io: dio
W (364) spi_flash: Detected size(16384k) larger than the size in the binary image header(2048k). Using the size in the binary image header.
I (377) sleep_gpio: Configure to isolate all GPIO pins in sleep state
I (383) sleep_gpio: Enable automatic switching of GPIO sleep configuration
I (390) main_task: Started on CPU0
I (410) main_task: Calling app_main()








-----------------------
ESP32 CSI Tool Settings
-----------------------
PROJECT_NAME: ACTIVE_AP
CONFIG_ESPTOOLPY_MONITOR_BAUD: 115200
CONFIG_ESP_CONSOLE_UART_BAUDRATE: 115200
IDF_VER: v5.5.4
-----------------------
WIFI_CHANNEL: 6
ESP_WIFI_SSID: testopen
ESP_WIFI_PASSWORD: 
SHOULD_COLLECT_CSI: 1
SHOULD_COLLECT_ONLY_LLTF: 1
SEND_CSI_TO_SERIAL: 1
SEND_CSI_TO_SD: 0
-----------------------








I (460) pp: pp rom version: e7ae62f
I (460) net80211: net80211 rom version: e7ae62f
I (470) wifi:wifi driver task: 3fced484, prio:23, stack:6656, core=0
I (470) wifi:wifi firmware version: 0947e8b
I (470) wifi:wifi certification version: v7.0
I (470) wifi:config NVS flash: enabled
I (470) wifi:config nano formatting: disabled
I (480) wifi:Init data frame dynamic rx buffer num: 32
I (480) wifi:Init static rx mgmt buffer num: 5
I (490) wifi:Init management short buffer num: 32
I (490) wifi:Init dynamic tx buffer num: 32
I (500) wifi:Init static tx FG buffer num: 2
I (500) wifi:Init static rx buffer size: 2212
I (500) wifi:Init static rx buffer num: 10
I (510) wifi:Init dynamic rx buffer num: 32
I (510) wifi_init: rx ba win: 6
I (510) wifi_init: accept mbox: 6
I (520) wifi_init: tcpip mbox: 32
I (520) wifi_init: udp mbox: 6
I (520) wifi_init: tcp mbox: 6
I (530) wifi_init: tcp tx win: 5760
I (530) wifi_init: tcp rx win: 5760
I (530) wifi_init: tcp mss: 1440
I (540) wifi_init: WiFi IRAM OP enabled
I (540) wifi_init: WiFi RX IRAM OP enabled
W (550) wifi:Affected by the ESP-NOW encrypt num, set the max connection num to 10
I (550) phy_init: phy_version 711,97bcf0a2,Aug 25 2025,19:04:10
I (610) wifi:mode : softAP (10:b4:1d:cc:60:ad)
I (610) wifi:Total power save buffer number: 16
I (610) wifi:Init max length of beacon: 752/752
I (610) wifi:Init max length of beacon: 752/752
I (620) wifi:Set ps type: 0, coexist: 0
I (620) esp_netif_lwip: DHCP server started on interface WIFI_AP_DEF with IP: 192.168.4.1

I (630) Active CSI collection (AP): softap_init finished. SSID:testopen password:
type,role,mac,rssi,rate,sig_mode,mcs,bandwidth,smoothing,not_sounding,aggregation,stbc,fec_coding,sgi,noise_floor,ampdu_cnt,channel,secondary_channel,local_timestamp,ant,sig_len,rx_state,real_time_set,real_timestamp,len,CSI_DATA
I (660) main_task: Returned from app_main()
I (3100) wifi:new:<6,2>, old:<6,2>, ap:<6,2>, sta:<255,255>, prof:6, snd_ch_cfg:0x0
I (3100) wifi:station: 10:b4:1d:cc:60:e0 join, AID=1, bgn, 40D
I (3100) Active CSI collection (AP): station join, AID=1
CSI_DATA,AP,00:00:00:00:00:00,-31,11,0,0,0,0,0,0,0,0,0,-93,0,6,2,3103409,0,14,0,0,2.81416,128,[0 0 0 0 0 0 0 0 0 0 0 0 3 15 3 15 3 15 3 14 3 14 3 14 3 13 4 14 4 13 4 13 4 13 4 12 5 12 5 12 5 12 6 12 6 11 6 11 6 11 6 11 7 11 7 11 7 11 7 11 7 11 8 12 0 0 7 12 8 12 8 12 7 12 7 12 7 12 7 12 6 12 6 12 6 12 5 12 5 12 4 12 5 12 4 11 4 11 3 11 3 11 3 11 2 10 2 10 2 10 1 10 1 10 0 10 0 9 0 0 0 0 0 0 0 0 0 0 ]
CSI_DATA,AP,10:B4:1D:CC:60:E0,-30,11,0,0,0,0,0,0,0,0,0,-93,0,6,2,3128909,0,374,0,0,2.85218,128,[0 0 0 0 0 0 0 0 0 0 0 0 -15 -7 -14 -6 -15 -6 -14 -5 -14 -6 -14 -5 -14 -5 -14 -4 -14 -4 -14 -4 -14 -4 -14 -4 -14 -4 -14 -3 -14 -3 -14 -3 -13 -2 -14 -2 -14 -2 -14 -1 -14 -1 -14 -1 -14 -1 -14 -1 -15 -1 -15 -1 0 0 -15 -1 -15 -1 -14 -1 -15 -1 -15 -2 -15 -2 -15 -2 -14 -2 -15 -2 -15 -3 -14 -3 -13 -3 -13 -4 -13 -4 -12 -4 -12 -4 -12 -4 -11 -4 -11 -4 -11 -5 -10 -5 -10 -5 -10 -5 -9 -6 -9 -6 -8 -6 0 0 0 0 0 0 0 0 0 0 ]
CSI_DATA,AP,00:00:00:00:00:00,-31,11,0,0,0,0,0,0,0,0,0,-93,0,6,2,3193685,0,14,0,0,2.90307,128,[0 0 0 0 0 0 0 0 0 0 0 0 -12 -11 -13 -10 -12 -10 -12 -10 -12 -10 -12 -9 -12 -9 -12 -9 -12 -9 -12 -8 -12 -8 -12 -8 -12 -7 -12 -7 -13 -7 -13 -7 -12 -6 -13 -6 -13 -6 -13 -5 -13 -6 -13 -6 -13 -5 -13 -5 -14 -5 -14 -5 0 0 -14 -5 -14 -6 -14 -6 -14 -6 -14 -6 -13 -6 -14 -6 -13 -7 -13 -7 -13 -7 -13 -7 -12 -7 -12 -8 -11 -7 -11 -8 -10 -8 -10 -8 -10 -8 -9 -8 -8 -8 -8 -8 -8 -8 -8 -8 -7 -8 -6 -8 -6 -9 0 0 0 0 0 0 0 0 0 0 ]
CSI_DATA,AP,10:B4:1D:CC:60:E0,-31,11,0,0,0,0,0,0,0,0,0,-93,0,6,2,3195492,0,374,0,0,2.9403,128,[0 0 0 0 0 0 0 0 0 0 0 0 6 -14 6 -14 6 -14 6 -14 5 -14 5 -14 5 -14 4 -14 4 -14 3 -13 3 -14 3 -14 2 -14 2 -14 2 -14 2 -14 2 -13 1 -14 1 -13 1 -14 0 -14 0 -14 0 -14 0 -14 0 -14 -1 -14 0 0 -1 -15 -1 -15 0 -14 0 -15 0 -15 0 -15 1 -15 1 -14 1 -14 1 -14 1 -14 1 -13 2 -13 2 -13 2 -12 2 -12 2 -12 2 -11 3 -11 3 -11 3 -11 4 -10 4 -10 4 -9 4 -9 5 -8 0 0 0 0 0 0 0 0 0 0 ]
I (3270) esp_netif_lwip: DHCP server assigned IP to a client, IP is: 192.168.4.2
CSI_DATA,AP,00:00:00:00:00:00,-31,11,0,0,0,0,0,0,0,0,0,-92,0,6,2,3275908,0,14,0,0,2.9853,128,[0 0 0 0 0 0 0 0 0 0 0 0 -16 3 -16 3 -15 3 -15 4 -15 4 -15 4 -14 4 -14 4 -14 4 -13 5 -14 5 -13 5 -13 5 -13 6 -13 6 -12 6 -12 7 -12 6 -12 7 -12 7 -12 7 -12 7 -12 7 -12 8 -12 8 -12 8 0 0 -12 8 -12 8 -12 8 -12 8 -13 8 -13 7 -13 7 -13 7 -13 7 -13 6 -13 6 -12 6 -12 5 -12 5 -12 5 -12 4 -12 4 -11 3 -11 3 -11 3 -11 2 -11 2 -11 1 -10 1 -11 1 -10 0 0 0 0 0 0 0 0 0 0 0 ]
CSI_DATA,AP,10:B4:1D:CC:60:E0,-31,11,0,0,0,0,0,0,0,0,0,-92,0,6,2,3276707,0,66,0,0,3.0268,128,[0 0 0 0 0 0 0 0 0 0 0 0 14 3 14 3 14 3 14 2 14 2 14 2 13 2 14 2 14 2 13 1 13 0 13 0 13 0 13 0 13 0 13 -1 12 -1 13 -1 13 -1 13 -1 13 -2 13 -2 13 -2 13 -3 13 -3 13 -3 0 0 13 -2 13 -3 13 -2 13 -2 14 -2 14 -2 14 -1 13 -1 13 -1 13 -1 13 -1 13 0 12 0 12 0 11 0 11 1 11 1 11 1 10 1 10 2 10 2 9 2 9 3 9 3 8 3 8 4 0 0 0 0 0 0 0 0 0 0 ]
CSI_DATA,AP,10:B4:1D:CC:60:E0,-30,11,0,0,0,0,0,0,0,0,0,-92,0,6,2,3646066,0,66,0,0,3.35552,128,[0 0 0 0 0 0 0 0 0 0 0 0 -10 12 -9 12 -9 12 -9 12 -9 12 -9 11 -9 12 -8 12 -8 12 -7 12 -7 12 -7 12 -6 12 -6 12 -6 12 -5 12 -5 12 -5 12 -5 12 -4 13 -4 12 -4 12 -4 13 -4 13 -4 13 -4 13 0 0 -4 13 -4 14 -4 13 -4 14 -5 13 -5 13 -5 13 -5 13 -5 12 -6 12 -6 12 -6 11 -6 11 -6 11 -6 11 -6 10 -6 10 -7 9 -7 9 -7 8 -7 8 -7 8 -7 8 -7 7 -7 6 -7 6 0 0 0 0 0 0 0 0 0 0 ]
CSI_DATA,AP,10:B4:1D:CC:60:E0,-30,11,0,0,0,0,0,0,0,0,0,-92,0,6,2,3775223,0,66,0,0,3.48466,128,[0 0 0 0 0 0 0 0 0 0 0 0 -16 -3 -16 -3 -16 -3 -16 -2 -16 -2 -15 -2 -15 -2 -15 -2 -15 -2 -14 -1 -14 0 -15 0 -14 0 -14 0 -14 0 -14 1 -14 1 -14 1 -14 1 -14 1 -14 1 -14 2 -14 2 -14 2 -14 3 -14 3 0 0 -14 2 -15 3 -14 2 -15 2 -15 2 -15 1 -15 1 -15 1 -14 0 -14 0 -14 0 -14 0 -14 0 -13 -1 -13 -1 -13 -1 -12 -2 -12 -2 -12 -2 -11 -3 -11 -3 -10 -3 -10 -3 -10 -3 -10 -4 -9 -4 0 0 0 0 0 0 0 0 0 0 ]
CSI_DATA,AP,10:B4:1D:CC:60:E0,-30,11,0,0,0,0,0,0,0,0,0,-92,0,6,2,4645447,0,66,0,0,4.35489,128,[0 0 0 0 0 0 0 0 0 0 0 0 -1 -16 -2 -16 -2 -16 -2 -16 -2 -15 -2 -15 -2 -15 -2 -15 -3 -15 -3 -14 -3 -14 -3 -14 -4 -14 -4 -14 -4 -14 -4 -14 -4 -13 -5 -13 -5 -13 -5 -13 -5 -13 -6 -13 -6 -13 -6 -13 -6 -13 -6 -13 0 0 -6 -14 -6 -13 -6 -14 -6 -14 -6 -14 -5 -14 -5 -14 -5 -14 -5 -14 -4 -14 -4 -14 -3 -13 -3 -13 -3 -13 -2 -13 -2 -12 -2 -12 -2 -12 -1 -12 -1 -11 0 -11 0 -11 0 -11 1 -10 1 -10 2 -10 0 0 0 0 0 0 0 0 0 0 ]
CSI_DATA,AP,10:B4:1D:CC:60:E0,-30,11,0,0,0,0,0,0,0,0,0,-92,0,6,2,4661365,0,66,0,0,4.38951,128,[0 0 0 0 0 0 0 0 0 0 0 0 5 -15 5 -15 4 -15 4 -15 4 -14 4 -15 4 -14 3 -14 3 -14 3 -14 3 -14 3 -14 2 -14 2 -14 1 -14 1 -14 1 -14 0 -14 0 -14 0 -14 0 -14 0 -14 0 -14 0 -14 0 -14 -1 -14 0 0 -1 -14 0 -14 0 -15 0 -14 0 -15 0 -14 1 -14 1 -14 2 -14 2 -14 2 -14 2 -13 2 -13 2 -13 3 -12 3 -12 3 -11 3 -11 3 -11 4 -10 4 -10 4 -10 4 -9 5 -9 5 -8 5 -8 0 0 0 0 0 0 0 0 0 0 ]
CSI_DATA,AP,00:00:00:00:00:00,-30,11,0,0,0,0,0,0,0,0,0,-92,0,6,2,4722592,0,14,0,0,4.43198,128,[0 0 0 0 0 0 0 0 0 0 0 0 -15 -5 -16 -4 -15 -4 -15 -4 -14 -3 -15 -3 -14 -3 -14 -3 -14 -3 -14 -2 -14 -2 -14 -2 -14 -1 -14 -1 -14 -1 -13 -1 -14 -1 -13 0 -14 0 -14 0 -14 0 -14 0 -13 1 -14 1 -14 1 -14 1 0 0 -14 1 -14 1 -14 0 -14 0 -14 0 -14 0 -14 0 -14 -1 -14 -1 -13 -1 -14 -2 -13 -2 -13 -2 -13 -2 -12 -3 -12 -3 -11 -3 -11 -3 -11 -3 -11 -4 -10 -4 -10 -4 -9 -4 -9 -5 -9 -5 -8 -5 0 0 0 0 0 0 0 0 0 0 ]
CSI_DATA,AP,00:00:00:00:00:00,-32,9,0,0,0,0,0,0,0,0,0,-92,0,6,2,4722751,0,14,0,0,4.47194,128,[0 0 0 0 0 0 0 0 0 0 0 0 9 -13 9 -13 9 -13 8 -13 8 -13 8 -13 8 -12 7 -13 7 -12 7 -12 7 -12 6 -13 6 -13 5 -13 5 -13 5 -13 5 -13 5 -13 4 -13 4 -13 4 -13 4 -13 4 -13 4 -14 3 -14 4 -14 0 0 4 -14 4 -14 4 -14 4 -14 4 -14 4 -14 5 -13 5 -13 5 -13 5 -13 5 -13 6 -12 6 -12 6 -11 6 -11 6 -11 6 -10 6 -10 6 -9 6 -9 7 -9 7 -8 7 -8 7 -7 7 -7 7 -6 0 0 0 0 0 0 0 0 0 0 ]
CSI_DATA,AP,10:B4:1D:CC:60:E0,-31,11,0,0,0,0,0,0,0,0,0,-92,0,6,2,4723731,0,37,0,0,4.51052,128,[0 0 0 0 0 0 0 0 0 0 0 0 -10 -13 -10 -13 -10 -13 -10 -13 -10 -12 -10 -12 -10 -11 -10 -11 -10 -11 -10 -10 -10 -10 -10 -10 -11 -10 -11 -10 -11 -9 -11 -9 -11 -9 -11 -9 -11 -9 -11 -8 -12 -8 -12 -8 -12 -8 -12 -8 -12 -8 -13 -8 0 0 -13 -8 -12 -8 -13 -8 -12 -8 -12 -8 -12 -9 -12 -9 -12 -9 -11 -9 -11 -9 -11 -9 -10 -9 -10 -9 -10 -9 -9 -9 -9 -10 -8 -9 -8 -9 -7 -9 -7 -9 -7 -9 -6 -9 -6 -9 -5 -9 -5 -9 -4 -9 0 0 0 0 0 0 0 0 0 0 ]
CSI_DATA,AP,10:B4:1D:CC:60:E0,-36,11,1,7,1,1,1,0,0,0,1,-92,0,6,2,4724481,0,68,0,0,4.55508,384,[0 0 0 0 0 0 0 0 0 0 0 0 3 9 3 8 3 9 3 8 4 8 4 8 4 8 3 8 4 8 4 8 4 7 4 7 4 7 5 7 5 7 5 7 5 6 5 6 5 6 5 6 5 6 5 6 6 6 6 6 6 6 6 6 0 0 6 6 6 6 6 6 6 6 6 6 6 7 5 7 5 7 5 6 5 7 4 6 4 7 4 7 4 7 4 6 3 6 3 7 3 6 2 6 2 6 2 6 2 6 1 6 1 6 1 6 0 5 0 0 0 0 0 0 0 0 0 0 ]
CSI_DATA,AP,10:B4:1D:CC:60:E0,-31,11,0,0,0,0,0,0,0,0,0,-92,0,6,2,4724623,0,37,0,0,4.58575,128,[0 0 0 0 0 0 0 0 0 0 0 0 10 -12 10 -12 9 -12 9 -13 8 -12 9 -12 8 -12 8 -12 8 -12 7 -12 7 -12 6 -12 6 -12 6 -12 6 -13 6 -12 6 -13 5 -12 5 -13 5 -12 5 -13 5 -13 4 -13 4 -13 4 -14 4 -14 0 0 4 -14 4 -13 4 -14 5 -13 5 -14 5 -13 6 -13 6 -13 6 -13 6 -12 6 -12 6 -12 6 -12 7 -11 6 -10 7 -10 6 -9 7 -10 7 -9 7 -8 7 -8 7 -8 7 -7 7 -7 7 -7 7 -6 0 0 0 0 0 0 0 0 0 0 ]
CSI_DATA,AP,10:B4:1D:CC:60:E0,-36,11,1,7,1,1,1,0,0,0,1,-92,0,6,2,4760755,0,68,0,0,4.62494,384,[0 0 0 0 0 0 0 0 0 0 0 0 1 10 1 10 1 10 1 9 1 10 1 9 1 9 1 9 1 9 1 9 2 9 2 8 2 8 2 8 3 8 3 8 3 8 3 7 4 8 4 8 4 8 4 8 4 8 4 8 4 8 4 7 0 0 4 8 5 8 4 8 4 8 4 8 4 8 4 8 4 8 4 8 3 8 3 8 2 8 2 8 2 8 2 7 2 7 1 7 1 7 1 7 1 7 1 6 0 7 0 7 0 6 -1 6 -1 6 0 0 0 0 0 0 0 0 0 0 ]
CSI_DATA,AP,10:B4:1D:CC:60:E0,-36,11,1,7,1,1,1,0,0,0,1,-92,0,6,2,4850515,0,68,0,0,4.65618,384,[0 0 0 0 0 0 0 0 0 0 0 0 5 -10 5 -9 5 -10 4 -9 4 -10 4 -9 4 -9 4 -9 4 -9 3 -9 3 -9 3 -9 3 -9 2 -9 2 -9 2 -9 2 -9 2 -9 2 -9 1 -9 1 -9 1 -9 1 -9 1 -10 1 -10 1 -9 0 0 1 -10 1 -10 1 -10 1 -10 1 -10 2 -10 2 -10 2 -10 2 -9 3 -9 2 -9 3 -9 3 -9 3 -8 3 -8 3 -7 3 -8 3 -7 3 -7 3 -7 4 -6 4 -6 4 -6 4 -6 4 -5 4 -5 0 0 0 0 0 0 0 0 0 0 ]
CSI_DATA,AP,10:B4:1D:CC:60:E0,-38,11,1,7,1,1,1,0,0,0,1,-92,0,6,2,4940587,0,68,0,0,4.69255,384,[0 0 0 0 0 0 0 0 0 0 0 0 4 8 4 8 5 8 5 8 5 8 5 7 5 7 5 7 5 7 5 7 5 6 5 6 5 6 6 6 6 6 6 5 6 5 6 5 7 5 7 5 7 5 7 5 7 5 7 5 7 5 7 5 0 0 7 5 7 5 7 5 7 5 7 5 7 5 7 5 7 5 7 5 7 5 6 5 6 6 6 6 5 6 5 5 5 5 4 6 4 5 4 5 4 5 4 5 3 6 3 6 2 6 2 6 2 6 0 0 0 0 0 0 0 0 0 0 ]
CSI_DATA,AP,00:00:00:00:00:00,-33,11,0,0,0,0,0,0,0,0,0,-92,0,6,2,5015875,0,14,0,0,4.72554,128,[0 0 0 0 0 0 0 0 0 0 0 0 13 -6 13 -6 13 -7 13 -7 12 -7 12 -7 12 -7 12 -7 11 -7 11 -7 11 -8 11 -8 10 -8 10 -8 10 -8 10 -8 10 -9 9 -9 9 -9 9 -9 9 -10 9 -10 9 -10 8 -10 9 -11 9 -11 0 0 9 -11 9 -11 9 -11 9 -11 10 -11 10 -10 10 -10 10 -10 10 -10 10 -10 10 -9 10 -9 10 -8 10 -8 10 -7 10 -7 10 -7 9 -6 9 -6 9 -6 9 -5 10 -5 9 -5 9 -4 9 -3 9 -3 0 0 0 0 0 0 0 0 0 0 ]
I (5050) wifi:<ba-add>idx:2 (ifx:1, 10:b4:1d:cc:60:e0), tid:0, ssn:0, winSize:64
CSI_DATA,AP,10:B4:1D:CC:60:E0,-38,11,1,7,1,1,1,1,0,0,1,-92,0,6,2,5030703,0,68,0,0,4.76996,384,[0 0 0 0 0 0 0 0 0 0 0 0 -6 8 -6 8 -6 8 -6 8 -5 8 -5 8 -4 8 -5 8 -5 8 -4 8 -4 8 -4 7 -4 8 -3 8 -4 8 -3 8 -3 8 -3 8 -2 8 -2 8 -2 8 -2 8 -2 8 -2 9 -2 9 -2 9 0 0 -2 9 -1 9 -2 9 -2 9 -2 9 -2 9 -3 9 -3 9 -3 9 -4 9 -3 8 -4 9 -3 8 -4 8 -4 7 -4 7 -4 7 -4 7 -4 6 -4 6 -4 6 -4 6 -5 6 -5 5 -5 5 -5 4 0 0 0 0 0 0 0 0 0 0 ]
CSI_DATA,AP,10:B4:1D:CC:60:E0,-40,11,1,6,1,1,1,1,0,0,0,-92,0,6,2,5097117,0,68,0,0,4.80654,384,[0 0 0 0 0 0 0 0 0 0 0 0 -10 2 -10 2 -9 3 -9 3 -9 3 -9 3 -9 3 -9 3 -9 3 -8 3 -8 4 -8 4 -8 4 -8 4 -8 4 -8 4 -8 5 -7 4 -7 5 -7 5 -7 5 -7 5 -7 5 -7 6 -7 6 -7 6 0 0 -8 6 -7 6 -8 6 -8 6 -8 6 -8 6 -8 5 -8 5 -8 5 -8 5 -8 5 -8 5 -8 4 -8 4 -8 3 -8 3 -8 3 -8 3 -8 3 -8 2 -8 2 -7 2 -7 2 -7 1 -8 1 -7 0 0 0 0 0 0 0 0 0 0 0 ]
CSI_DATA,AP,10:B4:1D:CC:60:E0,-38,11,1,7,1,1,1,1,0,0,1,-92,0,6,2,5120836,0,68,0,0,4.84073,384,[0 0 0 0 0 0 0 0 0 0 0 0 9 -3 9 -4 9 -4 8 -3 9 -4 8 -4 8 -4 8 -4 8 -4 8 -4 8 -4 7 -4 8 -4 7 -5 7 -5 7 -5 7 -5 7 -6 6 -6 7 -6 6 -6 6 -6 6 -6 6 -6 6 -6 7 -6 0 0 7 -7 6 -7 7 -7 7 -7 7 -6 7 -6 7 -6 7 -6 7 -6 8 -5 7 -5 7 -5 7 -5 7 -4 7 -4 7 -4 7 -4 6 -3 7 -3 7 -3 6 -3 6 -3 6 -2 6 -2 6 -1 6 -1 0 0 0 0 0 0 0 0 0 0 ]
CSI_DATA,AP,10:B4:1D:CC:60:E0,-38,11,1,7,1,1,1,1,0,0,1,-92,0,6,2,5210625,0,68,0,0,4.92,384,[0 0 0 0 0 0 0 0 0 0 0 0 -4 8 -4 9 -4 9 -4 9 -4 8 -3 9 -3 9 -3 9 -3 8 -2 8 -2 8 -2 8 -2 8 -1 8 -1 8 -1 8 -1 8 -1 8 0 8 0 8 0 8 0 8 0 8 0 9 0 9 0 9 0 0 0 9 0 9 0 9 0 9 0 9 0 9 0 9 0 9 -1 9 -1 8 -1 9 -1 9 -2 8 -2 8 -2 8 -2 7 -2 8 -2 7 -3 7 -2 6 -3 6 -3 6 -3 6 -3 6 -4 6 -4 5 0 0 0 0 0 0 0 0 0 0 ]
CSI_DATA,AP,10:B4:1D:CC:60:E0,-38,11,1,7,1,1,1,1,0,0,1,-92,0,6,2,5300547,0,68,0,0,5.00992,384,[0 0 0 0 0 0 0 0 0 0 0 0 8 -7 7 -7 7 -7 7 -6 7 -7 6 -6 6 -6 7 -7 6 -7 6 -7 5 -7 6 -7 5 -7 5 -7 5 -7 5 -8 4 -8 4 -8 4 -8 4 -8 4 -8 4 -9 4 -8 4 -9 3 -9 4 -9 0 0 4 -9 4 -9 3 -9 4 -9 4 -9 4 -9 4 -9 4 -9 5 -8 5 -8 5 -8 5 -8 5 -8 5 -7 5 -7 5 -7 5 -7 5 -6 5 -6 5 -5 5 -5 5 -5 5 -5 5 -4 5 -4 5 -4 0 0 0 0 0 0 0 0 0 0 ]
CSI_DATA,AP,10:B4:1D:CC:60:E0,-38,11,1,7,1,1,1,1,0,0,1,-92,0,6,2,5392841,0,68,0,0,5.10221,384,[0 0 0 0 0 0 0 0 0 0 0 0 -8 6 -8 7 -7 7 -8 6 -7 6 -7 7 -7 6 -7 7 -7 7 -6 7 -6 7 -6 7 -6 7 -5 7 -5 8 -5 7 -5 8 -5 7 -4 8 -4 8 -4 8 -4 8 -4 8 -4 9 -4 8 -4 8 0 0 -4 9 -4 9 -4 9 -4 8 -4 9 -4 9 -5 9 -5 9 -5 8 -5 8 -5 8 -5 8 -5 7 -5 7 -5 7 -6 7 -5 6 -6 6 -6 6 -6 6 -6 5 -6 5 -6 5 -6 5 -6 4 -6 3 0 0 0 0 0 0 0 0 0 0 ]
CSI_DATA,AP,10:B4:1D:CC:60:E0,-39,11,1,7,1,1,1,1,0,0,1,-92,0,6,2,5480893,0,68,0,0,5.19028,384,[0 0 0 0 0 0 0 0 0 0 0 0 -10 1 -10 1 -10 1 -10 1 -10 1 -9 1 -9 1 -9 1 -9 1 -9 2 -9 2 -9 2 -9 2 -8 3 -8 3 -8 3 -8 3 -8 3 -8 3 -8 4 -8 3 -8 4 -8 4 -8 4 -8 4 -8 4 0 0 -8 4 -8 5 -8 5 -9 5 -8 4 -9 4 -9 4 -9 4 -9 4 -9 4 -9 3 -9 3 -9 3 -8 3 -9 3 -8 2 -8 2 -8 2 -8 1 -8 1 -8 1 -8 1 -8 0 -8 0 -8 0 -7 -1 0 0 0 0 0 0 0 0 0 0 ]
CSI_DATA,AP,10:B4:1D:CC:60:E0,-38,11,1,7,1,1,1,1,0,0,1,-92,0,6,2,5570698,0,68,0,0,5.28006,384,[0 0 0 0 0 0 0 0 0 0 0 0 8 5 8 5 7 5 8 5 7 5 8 5 7 5 7 5 7 5 7 4 7 3 8 3 7 3 8 3 8 3 8 3 8 3 8 3 8 2 8 3 8 2 8 2 8 2 9 1 9 1 9 1 0 0 9 2 9 2 9 2 8 2 9 2 9 2 9 3 8 3 8 3 8 3 8 3 8 3 8 3 7 3 7 3 7 4 6 4 6 3 6 4 5 4 6 4 5 4 5 4 5 4 5 4 4 5 0 0 0 0 0 0 0 0 0 0 ]
CSI_DATA,AP,10:B4:1D:CC:60:E0,-32,11,0,0,0,0,0,0,0,0,0,-92,0,6,2,5645244,0,66,0,0,5.35469,128,[0 0 0 0 0 0 0 0 0 0 0 0 15 -1 15 -1 14 -1 14 -1 14 -1 14 -2 14 -2 14 -1 14 -2 13 -2 13 -3 13 -3 13 -3 12 -3 13 -4 12 -4 12 -4 12 -4 12 -5 12 -5 12 -5 12 -5 12 -6 12 -6 12 -6 13 -6 0 0 13 -6 13 -6 13 -6 13 -6 13 -6 13 -5 13 -5 13 -5 13 -4 12 -4 13 -4 12 -4 12 -3 12 -3 12 -2 12 -2 11 -2 11 -2 11 -1 11 -1 10 0 10 0 10 0 10 0 9 1 9 2 0 0 0 0 0 0 0 0 0 0 ]
CSI_DATA,AP,10:B4:1D:CC:60:E0,-38,11,1,7,1,1,1,1,0,0,1,-92,0,6,2,5660654,0,68,0,0,5.38462,384,[0 0 0 0 0 0 0 0 0 0 0 0 8 -7 8 -7 8 -7 8 -7 7 -6 7 -7 7 -7 7 -7 7 -7 6 -7 6 -7 6 -8 6 -7 5 -7 5 -7 5 -8 5 -7 5 -8 5 -8 5 -8 5 -8 5 -8 5 -9 4 -9 4 -9 5 -9 0 0 4 -9 5 -9 5 -9 5 -9 5 -9 5 -9 5 -9 5 -9 5 -8 5 -8 5 -8 5 -8 5 -8 5 -7 6 -7 6 -7 6 -7 6 -6 6 -6 6 -6 6 -5 6 -5 6 -5 5 -4 6 -4 6 -3 0 0 0 0 0 0 0 0 0 0 ]
CSI_DATA,AP,10:B4:1D:CC:60:E0,-39,11,1,7,1,1,1,1,0,0,1,-92,0,6,2,5752804,0,68,0,0,5.46218,384,[0 0 0 0 0 0 0 0 0 0 0 0 -2 -10 -2 -10 -3 -10 -3 -10 -3 -10 -3 -9 -3 -9 -3 -9 -3 -9 -4 -9 -4 -9 -4 -8 -4 -8 -4 -8 -4 -8 -5 -8 -5 -8 -5 -8 -5 -8 -6 -8 -5 -8 -6 -8 -6 -8 -6 -8 -6 -8 -6 -8 0 0 -6 -8 -7 -8 -7 -8 -7 -8 -6 -8 -6 -9 -6 -9 -6 -9 -6 -8 -6 -8 -5 -8 -5 -8 -5 -8 -4 -8 -5 -8 -4 -8 -4 -8 -4 -8 -3 -8 -3 -7 -3 -8 -3 -8 -2 -8 -2 -8 -2 -7 -1 -7 0 0 0 0 0 0 0 0 0 0 ]
CSI_DATA,AP,10:B4:1D:CC:60:E0,-38,11,1,7,1,1,1,1,0,0,1,-92,0,6,2,5843093,0,68,0,0,5.55246,384,[0 0 0 0 0 0 0 0 0 0 0 0 -10 -2 -10 -2 -10 -2 -10 -2 -10 -2 -10 -2 -10 -2 -10 -1 -10 -1 -10 -1 -9 0 -9 0 -9 0 -9 0 -9 0 -9 0 -9 1 -9 1 -9 1 -9 1 -9 1 -9 1 -9 2 -9 2 -9 2 -10 2 0 0 -10 2 -10 2 -10 2 -9 2 -10 2 -9 2 -10 1 -10 1 -10 1 -9 1 -9 1 -9 1 -9 0 -9 0 -9 0 -9 0 -8 0 -8 0 -8 -1 -8 -1 -8 -1 -8 -1 -7 -1 -7 -1 -7 -2 -7 -2 0 0 0 0 0 0 0 0 0 0 ]
CSI_DATA,AP,10:B4:1D:CC:60:E0,-38,11,1,7,1,1,1,1,0,0,1,-92,0,6,2,5930621,0,68,0,0,5.63998,384,[0 0 0 0 0 0 0 0 0 0 0 0 -7 -8 -7 -8 -7 -7 -7 -7 -7 -7 -7 -7 -8 -7 -7 -7 -7 -7 -7 -6 -7 -6 -7 -6 -8 -6 -8 -5 -8 -5 -8 -5 -8 -4 -8 -4 -9 -5 -9 -4 -9 -4 -8 -4 -8 -4 -9 -4 -9 -4 -9 -4 0 0 -9 -4 -9 -4 -9 -4 -9 -4 -9 -4 -9 -4 -9 -5 -9 -5 -9 -4 -8 -5 -9 -5 -8 -5 -8 -5 -7 -6 -7 -5 -7 -5 -7 -5 -7 -5 -6 -5 -6 -5 -6 -5 -5 -5 -5 -6 -5 -6 -5 -6 -4 -6 0 0 0 0 0 0 0 0 0 0 ]
CSI_DATA,AP,10:B4:1D:CC:60:E0,-38,11,1,7,1,1,1,1,0,0,1,-92,0,6,2,6020587,0,68,0,0,5.72995,384,[0 0 0 0 0 0 0 0 0 0 0 0 -3 9 -3 9 -2 10 -2 9 -2 9 -2 9 -2 9 -2 8 -2 9 -2 9 -1 8 -1 8 -1 9 -1 8 0 9 0 8 0 8 0 8 0 8 0 9 0 8 1 9 0 8 1 9 1 9 1 9 0 0 1 9 1 9 1 9 1 9 1 9 0 9 0 9 0 9 0 9 -1 9 -1 9 -1 9 -1 8 -1 8 -2 8 -2 7 -2 8 -2 7 -2 7 -2 7 -2 6 -3 7 -3 6 -3 6 -3 6 -4 5 0 0 0 0 0 0 0 0 0 0 ]
CSI_DATA,AP,10:B4:1D:CC:60:E0,-37,11,1,7,1,1,1,1,0,0,1,-92,0,6,2,6112089,0,68,0,0,5.82146,384,[0 0 0 0 0 0 0 0 0 0 0 0 -6 8 -6 8 -6 8 -5 8 -5 8 -5 8 -5 9 -5 8 -5 8 -4 8 -4 8 -4 8 -4 8 -4 8 -3 8 -3 8 -3 8 -3 8 -2 9 -3 8 -2 8 -2 9 -2 9 -2 9 -2 9 -2 9 0 0 -2 9 -2 9 -2 9 -3 9 -2 9 -3 9 -3 9 -3 9 -3 9 -4 9 -4 8 -4 8 -4 8 -4 8 -4 7 -4 7 -4 7 -4 6 -4 6 -5 6 -4 5 -5 5 -5 5 -5 5 -5 4 -5 4 0 0 0 0 0 0 0 0 0 0 ]
CSI_DATA,AP,10:B4:1D:CC:60:E0,-37,11,1,7,1,1,1,1,0,0,1,-92,0,6,2,6200742,0,68,0,0,5.91011,384,[0 0 0 0 0 0 0 0 0 0 0 0 -10 -6 -10 -6 -10 -6 -10 -6 -9 -5 -9 -6 -9 -5 -9 -5 -9 -5 -9 -5 -9 -4 -9 -4 -9 -4 -9 -4 -9 -4 -9 -3 -9 -3 -9 -3 -9 -3 -9 -3 -9 -3 -10 -2 -10 -2 -10 -2 -10 -2 -10 -2 0 0 -11 -2 -10 -2 -10 -3 -10 -2 -10 -3 -10 -3 -10 -3 -10 -3 -10 -3 -9 -4 -9 -3 -9 -4 -9 -4 -8 -4 -8 -4 -8 -4 -7 -4 -7 -4 -7 -4 -7 -4 -7 -5 -6 -5 -6 -5 -6 -5 -6 -5 -5 -6 0 0 0 0 0 0 0 0 0 0 ]
CSI_DATA,AP,10:B4:1D:CC:60:E0,-37,11,1,7,1,1,1,1,0,0,1,-92,0,6,2,6290623,0,68,0,0,5.99999,384,[0 0 0 0 0 0 0 0 0 0 0 0 -7 -9 -7 -9 -7 -9 -6 -8 -7 -9 -7 -8 -6 -8 -7 -8 -7 -8 -7 -8 -7 -7 -7 -7 -7 -7 -7 -7 -7 -7 -7 -7 -7 -6 -7 -6 -7 -6 -7 -7 -8 -6 -8 -6 -8 -6 -8 -6 -8 -6 -8 -6 0 0 -8 -7 -8 -6 -8 -7 -8 -6 -8 -7 -7 -7 -7 -7 -7 -7 -7 -7 -7 -7 -7 -7 -6 -7 -6 -7 -6 -7 -5 -7 -5 -7 -5 -7 -5 -7 -4 -7 -4 -7 -4 -7 -3 -7 -3 -7 -3 -7 -3 -7 -2 -7 0 0 0 0 0 0 0 0 0 0 ]
CSI_DATA,AP,10:B4:1D:CC:60:E0,-37,11,1,7,1,1,1,1,0,0,1,-92,0,6,2,6380735,0,68,0,0,6.0901,384,[0 0 0 0 0 0 0 0 0 0 0 0 1 -11 1 -11 0 -10 0 -11 0 -10 0 -10 0 -10 0 -10 0 -10 -1 -10 -1 -10 -1 -9 -1 -9 -2 -9 -2 -9 -1 -9 -1 -9 -2 -9 -2 -9 -2 -9 -3 -9 -3 -9 -3 -9 -3 -9 -3 -10 -3 -9 0 0 -3 -10 -3 -10 -3 -10 -3 -9 -3 -10 -3 -10 -2 -10 -2 -10 -2 -9 -2 -9 -2 -9 -2 -9 -1 -9 -1 -9 -1 -8 -1 -8 0 -8 0 -8 0 -8 0 -7 0 -8 1 -7 0 -7 1 -7 1 -7 1 -6 0 0 0 0 0 0 0 0 0 0 ]
CSI_DATA,AP,10:B4:1D:CC:60:E0,-39,11,1,7,1,1,1,1,0,0,1,-92,0,6,2,6470752,0,68,0,0,6.18013,384,[0 0 0 0 0 0 0 0 0 0 0 0 9 -6 8 -6 8 -6 8 -6 8 -6 8 -6 8 -6 7 -6 7 -6 7 -6 7 -6 7 -6 6 -6 6 -7 6 -7 6 -7 6 -7 6 -7 5 -7 5 -7 5 -8 5 -8 5 -8 5 -8 5 -8 5 -8 0 0 5 -8 5 -8 5 -8 5 -8 5 -8 5 -8 5 -8 5 -8 6 -8 6 -7 6 -7 6 -7 6 -7 6 -6 6 -6 6 -6 6 -6 6 -5 6 -5 6 -5 6 -4 6 -4 6 -4 5 -4 6 -3 6 -3 0 0 0 0 0 0 0 0 0 0 ]
CSI_DATA,AP,10:B4:1D:CC:60:E0,-37,11,1,7,1,1,1,1,0,0,1,-92,0,6,2,6561321,0,68,0,0,6.27069,384,[0 0 0 0 0 0 0 0 0 0 0 0 -8 -8 -7 -8 -8 -8 -7 -8 -8 -8 -8 -7 -8 -7 -7 -7 -8 -7 -7 -7 -8 -6 -8 -6 -8 -6 -8 -6 -8 -6 -8 -5 -8 -5 -8 -5 -8 -5 -8 -5 -8 -5 -9 -5 -9 -5 -9 -4 -9 -4 -9 -4 0 0 -9 -5 -9 -5 -9 -5 -9 -5 -9 -5 -9 -6 -8 -6 -8 -5 -8 -5 -8 -5 -8 -5 -7 -6 -7 -6 -7 -6 -7 -6 -6 -5 -6 -6 -6 -5 -6 -6 -5 -6 -5 -6 -4 -6 -4 -6 -4 -6 -4 -6 -3 -6 0 0 0 0 0 0 0 0 0 0 ]
CSI_DATA,AP,10:B4:1D:CC:60:E0,-32,11,0,0,0,0,0,0,0,0,0,-92,0,6,2,6645238,0,66,0,0,6.35468,128,[0 0 0 0 0 0 0 0 0 0 0 0 -16 2 -16 2 -15 3 -15 3 -15 3 -15 3 -14 3 -14 4 -14 4 -14 4 -13 4 -13 4 -13 4 -13 4 -13 5 -12 5 -12 6 -12 6 -12 6 -12 6 -12 6 -12 7 -12 7 -12 7 -12 7 -12 7 0 0 -12 7 -12 7 -12 7 -12 7 -12 7 -12 7 -12 6 -12 6 -13 6 -12 6 -12 5 -12 4 -12 4 -12 4 -12 3 -11 3 -11 3 -11 3 -11 2 -11 2 -10 2 -10 2 -10 1 -10 0 -10 0 -10 0 0 0 0 0 0 0 0 0 0 0 ]
CSI_DATA,AP,10:B4:1D:CC:60:E0,-37,11,1,7,1,1,1,1,0,0,1,-92,0,6,2,6650765,0,68,0,0,6.38529,384,[0 0 0 0 0 0 0 0 0 0 0 0 -8 -8 -8 -8 -8 -8 -8 -7 -8 -7 -8 -7 -8 -7 -8 -7 -8 -6 -8 -6 -8 -6 -8 -6 -8 -6 -8 -5 -9 -5 -9 -5 -8 -5 -9 -4 -9 -4 -9 -4 -9 -4 -9 -4 -9 -4 -9 -4 -9 -4 -9 -4 0 0 -9 -4 -9 -4 -9 -4 -10 -4 -9 -4 -9 -4 -9 -4 -9 -5 -9 -4 -9 -5 -8 -4 -8 -5 -8 -5 -8 -5 -7 -5 -7 -5 -7 -5 -7 -5 -6 -5 -6 -5 -6 -5 -6 -5 -5 -5 -5 -5 -5 -5 -4 -5 0 0 0 0 0 0 0 0 0 0 ]
CSI_DATA,AP,10:B4:1D:CC:60:E0,-37,11,1,7,1,1,1,1,0,0,1,-92,0,6,2,6740623,0,68,0,0,6.45,384,[0 0 0 0 0 0 0 0 0 0 0 0 4 -10 4 -10 3 -10 3 -10 3 -10 3 -9 3 -9 3 -9 2 -9 2 -9 2 -9 2 -9 2 -9 1 -9 1 -9 1 -9 1 -9 0 -9 0 -9 0 -9 0 -9 0 -10 0 -9 0 -10 -1 -9 0 -10 0 0 0 -9 -1 -10 -1 -10 0 -10 0 -10 0 -10 0 -10 0 -9 0 -9 1 -9 1 -9 1 -9 1 -9 1 -8 2 -8 2 -8 2 -8 2 -7 2 -7 2 -7 2 -7 2 -6 2 -7 3 -6 3 -6 3 -5 0 0 0 0 0 0 0 0 0 0 ]
CSI_DATA,AP,10:B4:1D:CC:60:E0,-37,11,1,7,1,1,1,1,0,0,1,-92,0,6,2,6831590,0,68,0,0,6.54096,384,[0 0 0 0 0 0 0 0 0 0 0 0 2 9 3 9 3 9 3 9 3 9 3 9 3 8 3 8 3 8 3 8 3 8 4 7 3 7 4 7 4 7 4 7 4 7 4 7 5 7 5 6 5 7 5 7 5 6 5 6 5 7 5 6 0 0 5 6 5 7 5 7 5 7 5 7 5 7 5 7 5 7 4 7 4 7 4 7 4 7 3 7 3 7 3 6 2 6 2 7 2 6 2 6 2 6 1 6 1 6 1 6 0 6 0 6 0 6 0 0 0 0 0 0 0 0 0 0 ]
CSI_DATA,AP,10:B4:1D:CC:60:E0,-37,11,1,7,1,1,1,1,0,0,1,-92,0,6,2,6920583,0,68,0,0,6.62995,384,[0 0 0 0 0 0 0 0 0 0 0 0 9 5 8 5 8 5 8 4 8 4 8 4 8 4 8 4 8 4 8 3 8 3 8 3 8 3 8 2 8 2 8 2 8 2 8 2 8 2 8 1 8 1 8 1 9 1 8 1 9 1 9 1 0 0 9 1 9 1 9 1 9 1 9 1 9 1 9 1 8 2 9 2 8 2 8 2 8 2 8 2 7 3 7 2 7 2 7 3 6 3 6 3 6 3 6 3 5 3 5 3 4 3 5 3 4 4 0 0 0 0 0 0 0 0 0 0 ]
CSI_DATA,AP,10:B4:1D:CC:60:E0,-37,11,1,7,1,1,1,1,0,0,1,-92,0,6,2,7010642,0,68,0,0,6.72001,384,[0 0 0 0 0 0 0 0 0 0 0 0 -11 -4 -11 -4 -11 -4 -10 -4 -11 -4 -10 -4 -10 -3 -10 -3 -10 -3 -10 -3 -10 -3 -10 -3 -10 -2 -10 -2 -10 -2 -10 -1 -10 -1 -10 -1 -10 -1 -10 -1 -10 -1 -10 -1 -10 -1 -10 -1 -10 0 -10 -1 0 0 -10 -1 -10 -1 -10 -1 -10 -1 -10 -1 -10 -1 -10 -2 -10 -2 -10 -2 -10 -2 -10 -2 -9 -2 -9 -3 -9 -3 -9 -3 -8 -3 -8 -3 -8 -3 -8 -3 -8 -3 -7 -4 -7 -4 -7 -4 -6 -4 -6 -4 -6 -5 0 0 0 0 0 0 0 0 0 0 ]
CSI_DATA,AP,10:B4:1D:CC:60:E0,-37,11,1,7,1,1,1,1,0,0,1,-92,0,6,2,7100723,0,68,0,0,6.81009,384,[0 0 0 0 0 0 0 0 0 0 0 0 4 -10 4 -10 4 -10 4 -10 4 -9 4 -10 4 -9 4 -9 3 -9 3 -9 2 -9 2 -9 2 -9 2 -10 2 -9 2 -9 2 -9 1 -9 1 -9 1 -9 1 -9 1 -9 1 -9 0 -10 0 -9 0 -10 0 0 0 -10 0 -10 0 -10 0 -9 0 -10 1 -10 1 -10 1 -10 2 -9 2 -9 1 -9 1 -9 2 -9 2 -8 2 -8 2 -8 2 -7 2 -7 3 -7 3 -7 3 -6 3 -6 3 -6 3 -6 3 -6 3 -5 0 0 0 0 0 0 0 0 0 0 ]
CSI_DATA,AP,10:B4:1D:CC:60:E0,-37,11,1,7,1,1,1,1,0,0,1,-92,0,6,2,7190699,0,68,0,0,6.90007,384,[0 0 0 0 0 0 0 0 0 0 0 0 -10 -5 -10 -5 -10 -4 -10 -4 -10 -4 -10 -4 -9 -4 -9 -4 -9 -4 -9 -3 -9 -3 -9 -3 -9 -3 -9 -2 -9 -2 -9 -2 -9 -2 -9 -1 -10 -1 -9 -1 -9 -1 -9 -1 -9 -1 -10 -1 -10 -1 -10 -1 0 0 -10 -1 -9 -1 -10 -1 -10 -1 -10 -1 -10 -1 -10 -1 -9 -2 -10 -1 -10 -2 -9 -2 -9 -2 -8 -2 -8 -2 -8 -2 -8 -2 -8 -3 -7 -3 -7 -3 -7 -3 -7 -3 -6 -3 -6 -3 -6 -4 -6 -4 -6 -4 0 0 0 0 0 0 0 0 0 0 ]
CSI_DATA,AP,10:B4:1D:CC:60:E0,-37,11,1,7,1,1,1,1,0,0,1,-92,0,6,2,7282163,0,68,0,0,6.99153,384,[0 0 0 0 0 0 0 0 0 0 0 0 9 2 9 2 9 2 9 2 9 1 9 1 9 1 9 1 9 1 9 1 9 1 9 0 8 0 8 0 8 0 8 0 8 -1 8 -1 8 -1 8 -1 8 -1 8 -1 9 -2 8 -2 8 -2 8 -2 0 0 9 -2 9 -2 9 -2 9 -2 9 -1 9 -1 9 -1 8 -1 8 -1 9 -1 8 -1 8 -1 8 0 7 0 7 0 8 0 7 0 7 0 7 1 6 1 6 1 6 1 6 1 6 2 6 2 5 2 0 0 0 0 0 0 0 0 0 0 ]
CSI_DATA,AP,10:B4:1D:CC:60:E0,-37,11,1,7,1,1,1,1,0,0,1,-92,0,6,2,7370637,0,68,0,0,7.08,384,[0 0 0 0 0 0 0 0 0 0 0 0 -6 8 -6 8 -5 9 -5 8 -5 9 -5 8 -5 8 -5 8 -4 8 -4 8 -4 8 -4 8 -4 8 -3 8 -3 8 -3 8 -3 8 -3 8 -2 8 -2 8 -2 8 -2 8 -2 8 -2 9 -2 8 -2 8 0 0 -2 8 -2 9 -2 9 -2 9 -2 9 -2 9 -3 8 -3 9 -3 8 -3 8 -3 8 -3 8 -3 7 -4 7 -4 7 -3 6 -4 7 -4 6 -4 6 -4 6 -4 5 -4 5 -4 5 -5 5 -5 4 -5 4 0 0 0 0 0 0 0 0 0 0 ]
CSI_DATA,AP,10:B4:1D:CC:60:E0,-37,11,1,7,1,1,1,1,0,0,1,-92,0,6,2,7460583,0,68,0,0,7.16995,384,[0 0 0 0 0 0 0 0 0 0 0 0 -3 9 -3 9 -3 9 -3 9 -3 9 -3 9 -3 9 -2 9 -3 8 -2 8 -2 8 -1 8 -1 8 -1 8 -1 9 -1 8 -1 8 -1 8 0 9 0 8 0 8 -1 8 0 8 0 9 0 9 0 8 0 0 0 9 0 9 0 9 0 9 -1 9 -1 9 -1 9 -1 9 -1 8 -1 8 -1 8 -2 8 -2 8 -2 8 -2 7 -3 7 -3 7 -3 6 -3 6 -3 5 -3 6 -4 5 -3 5 -3 5 -4 5 -4 4 0 0 0 0 0 0 0 0 0 0 ]
CSI_DATA,AP,10:B4:1D:CC:60:E0,-37,11,1,7,1,1,1,1,0,0,1,-92,0,6,2,7550602,0,68,0,0,7.25997,384,[0 0 0 0 0 0 0 0 0 0 0 0 10 -3 10 -3 10 -3 9 -3 9 -3 9 -3 9 -3 9 -3 8 -4 8 -4 8 -4 8 -5 8 -4 8 -5 7 -4 8 -5 7 -5 8 -5 7 -5 7 -6 7 -6 7 -6 7 -6 7 -6 7 -6 7 -6 0 0 7 -6 7 -6 7 -6 7 -6 7 -6 7 -6 8 -6 7 -5 8 -6 8 -5 7 -5 7 -5 7 -4 7 -4 7 -4 7 -4 7 -3 7 -3 7 -3 7 -3 6 -2 6 -2 6 -2 6 -2 6 -1 6 -1 0 0 0 0 0 0 0 0 0 0 ]
CSI_DATA,AP,10:B4:1D:CC:60:E0,-37,11,1,7,1,1,1,1,0,0,1,-92,0,6,2,7640618,0,68,0,0,7.34999,384,[0 0 0 0 0 0 0 0 0 0 0 0 -2 -11 -2 -11 -2 -11 -2 -10 -3 -10 -2 -10 -2 -10 -3 -10 -3 -9 -3 -10 -3 -9 -3 -9 -4 -9 -4 -9 -4 -9 -4 -9 -4 -9 -4 -8 -5 -8 -5 -9 -5 -8 -5 -9 -5 -8 -5 -8 -5 -9 -6 -8 0 0 -5 -9 -5 -9 -5 -9 -5 -9 -5 -9 -5 -9 -5 -10 -4 -9 -4 -9 -4 -9 -4 -9 -4 -9 -3 -9 -3 -9 -3 -8 -2 -8 -2 -8 -2 -8 -2 -8 -2 -7 -1 -7 -1 -7 -1 -7 -1 -7 -1 -7 0 -6 0 0 0 0 0 0 0 0 0 0 ]
CSI_DATA,AP,10:B4:1D:CC:60:E0,-31,11,0,0,0,0,0,0,0,0,0,-92,0,6,2,7645329,0,66,0,0,7.38139,128,[0 0 0 0 0 0 0 0 0 0 0 0 11 -11 10 -11 10 -11 10 -11 10 -11 9 -11 9 -11 9 -11 8 -11 8 -11 8 -11 8 -11 7 -11 7 -11 7 -11 7 -12 6 -12 6 -12 6 -12 5 -12 5 -12 5 -12 5 -13 5 -12 5 -13 5 -13 0 0 5 -13 5 -13 5 -13 5 -13 6 -13 5 -13 6 -13 6 -12 6 -12 7 -12 7 -11 7 -11 7 -10 7 -10 7 -10 7 -9 7 -9 7 -8 7 -8 7 -8 7 -8 7 -7 7 -7 7 -6 7 -6 7 -5 0 0 0 0 0 0 0 0 0 0 ]
CSI_DATA,AP,10:B4:1D:CC:60:E0,-37,11,1,7,1,1,1,1,0,0,1,-92,0,6,2,7730849,0,68,0,0,7.44023,384,[0 0 0 0 0 0 0 0 0 0 0 0 -11 -3 -11 -2 -11 -3 -11 -3 -11 -2 -11 -2 -10 -2 -10 -2 -10 -2 -10 -2 -10 -1 -10 -1 -10 -1 -10 0 -10 0 -10 0 -9 0 -10 1 -9 0 -10 1 -10 1 -10 1 -10 1 -10 1 -10 1 -10 2 0 0 -10 1 -10 2 -10 1 -10 1 -10 1 -10 1 -10 1 -10 0 -10 0 -10 0 -10 0 -9 0 -9 0 -9 -1 -9 -1 -9 -1 -9 -1 -8 -1 -8 -2 -8 -2 -8 -2 -7 -2 -7 -2 -7 -2 -7 -2 -6 -3 0 0 0 0 0 0 0 0 0 0 ]
CSI_DATA,AP,10:B4:1D:CC:60:E0,-37,11,1,7,1,1,1,1,0,0,1,-92,0,6,2,7820787,0,68,0,0,7.53015,384,[0 0 0 0 0 0 0 0 0 0 0 0 -10 -4 -10 -4 -10 -3 -10 -4 -10 -3 -10 -3 -10 -3 -10 -3 -10 -3 -10 -2 -10 -2 -9 -2 -9 -2 -10 -2 -9 -2 -9 -1 -10 -1 -9 -1 -9 -1 -9 -1 -9 -1 -10 -1 -10 0 -10 0 -10 -1 -10 0 0 0 -10 0 -10 0 -10 0 -10 0 -10 -1 -10 -1 -10 -1 -10 -2 -10 -1 -10 -2 -10 -2 -9 -2 -9 -2 -9 -2 -9 -3 -8 -3 -8 -3 -8 -3 -7 -3 -7 -3 -7 -3 -7 -4 -6 -4 -6 -4 -6 -4 -6 -4 0 0 0 0 0 0 0 0 0 0 ]
CSI_DATA,AP,10:B4:1D:CC:60:E0,-37,11,1,7,1,1,1,1,0,0,1,-92,0,6,2,7910760,0,68,0,0,7.62013,384,[0 0 0 0 0 0 0 0 0 0 0 0 -8 -8 -8 -7 -8 -7 -8 -7 -8 -7 -8 -7 -8 -7 -8 -6 -8 -6 -8 -6 -8 -6 -8 -6 -8 -6 -8 -5 -8 -5 -8 -5 -8 -5 -8 -5 -9 -5 -9 -4 -9 -4 -9 -4 -9 -4 -9 -4 -9 -4 -9 -4 0 0 -9 -4 -9 -4 -9 -4 -9 -4 -9 -5 -9 -5 -9 -5 -8 -5 -9 -5 -8 -5 -8 -5 -8 -5 -8 -6 -7 -5 -7 -5 -6 -5 -6 -5 -6 -5 -6 -5 -6 -5 -5 -5 -5 -6 -5 -5 -4 -5 -4 -6 -4 -5 0 0 0 0 0 0 0 0 0 0 ]
CSI_DATA,AP,10:B4:1D:CC:60:E0,-37,11,1,7,1,1,1,1,0,0,1,-92,0,6,2,8000714,0,68,0,0,7.71008,384,[0 0 0 0 0 0 0 0 0 0 0 0 3 -10 3 -11 3 -10 3 -11 3 -10 2 -10 3 -10 3 -10 2 -10 2 -10 1 -10 1 -10 1 -10 1 -10 1 -10 1 -10 1 -10 0 -9 0 -10 0 -10 0 -10 0 -10 0 -10 -1 -10 -1 -10 -1 -10 0 0 -1 -10 -1 -10 -1 -11 -1 -10 -1 -11 0 -10 0 -10 0 -10 0 -10 1 -10 1 -10 1 -9 1 -9 1 -9 1 -8 2 -8 1 -8 2 -8 2 -8 2 -7 2 -7 2 -7 3 -7 2 -6 3 -6 3 -6 0 0 0 0 0 0 0 0 0 0 ]
CSI_DATA,AP,10:B4:1D:CC:60:E0,-37,11,1,7,1,1,1,1,0,0,1,-92,0,6,2,8090657,0,68,0,0,7.80002,384,[0 0 0 0 0 0 0 0 0 0 0 0 8 5 8 6 8 6 8 5 8 6 8 5 8 5 8 5 8 5 8 4 8 4 8 4 8 3 8 3 8 3 8 3 8 2 8 3 8 2 9 2 8 2 9 2 9 2 9 2 9 2 9 1 0 0 9 2 9 2 9 2 9 2 9 2 9 2 9 3 9 3 8 3 8 3 8 3 8 3 7 3 7 3 7 3 7 3 6 4 6 4 6 3 6 4 5 4 5 4 5 4 4 4 4 4 4 4 0 0 0 0 0 0 0 0 0 0 ]
CSI_DATA,AP,10:B4:1D:CC:60:E0,-37,11,1,7,1,1,1,1,0,0,1,-92,0,6,2,8180740,0,68,0,0,7.89011,384,[0 0 0 0 0 0 0 0 0 0 0 0 4 -10 4 -10 4 -10 4 -10 3 -10 4 -9 3 -9 3 -10 3 -9 2 -10 2 -9 2 -9 1 -9 1 -10 1 -10 1 -9 1 -9 1 -10 0 -10 0 -10 0 -10 0 -10 0 -10 -1 -10 -1 -10 0 -10 0 0 0 -10 0 -11 0 -10 0 -10 0 -10 0 -10 0 -10 0 -10 1 -10 1 -10 1 -9 1 -9 1 -9 1 -9 2 -9 1 -8 2 -8 2 -8 2 -7 2 -7 2 -7 3 -7 3 -7 2 -6 3 -6 3 -6 0 0 0 0 0 0 0 0 0 0 ]
CSI_DATA,AP,10:B4:1D:CC:60:E0,-37,11,1,7,1,1,1,1,0,0,1,-92,0,6,2,8270644,0,68,0,0,7.98001,384,[0 0 0 0 0 0 0 0 0 0 0 0 -3 9 -3 10 -2 10 -2 10 -2 9 -2 9 -2 9 -2 9 -2 9 -1 9 -1 9 -1 9 -1 9 0 9 0 9 0 9 0 9 0 8 1 9 1 9 0 9 0 9 1 9 1 9 1 9 1 9 0 0 1 9 1 9 1 9 1 9 1 10 0 9 0 9 0 9 0 9 -1 9 0 9 -1 8 -1 8 -1 8 -1 8 -1 7 -2 7 -2 7 -2 7 -2 7 -2 6 -3 6 -3 6 -3 6 -3 5 -3 5 0 0 0 0 0 0 0 0 0 0 ]
CSI_DATA,AP,10:B4:1D:CC:60:E0,-37,11,1,7,1,1,1,1,0,0,1,-92,0,6,2,8362170,0,68,0,0,8.07154,384,[0 0 0 0 0 0 0 0 0 0 0 0 7 -9 6 -9 6 -9 6 -8 6 -9 6 -9 6 -9 6 -8 6 -9 5 -9 5 -8 4 -9 4 -9 4 -9 4 -9 4 -9 4 -9 3 -9 3 -9 3 -9 3 -9 3 -10 3 -9 2 -10 2 -10 3 -10 0 0 3 -9 3 -10 3 -10 3 -10 3 -10 3 -10 4 -10 4 -9 4 -9 4 -9 4 -8 4 -9 4 -8 4 -8 4 -8 4 -7 5 -7 4 -6 4 -6 4 -6 5 -5 5 -5 5 -5 5 -5 5 -4 5 -4 0 0 0 0 0 0 0 0 0 0 ]
CSI_DATA,AP,10:B4:1D:CC:60:E0,-37,11,1,7,1,1,1,1,0,0,1,-92,0,6,2,8450665,0,68,0,0,8.16003,384,[0 0 0 0 0 0 0 0 0 0 0 0 -7 8 -7 8 -7 8 -6 7 -6 8 -6 8 -6 8 -6 7 -6 7 -5 7 -6 7 -5 7 -5 8 -4 8 -4 8 -4 8 -4 8 -4 8 -3 8 -4 8 -3 8 -3 8 -3 8 -3 9 -3 8 -3 9 0 0 -3 9 -3 9 -3 8 -3 9 -3 9 -4 9 -4 8 -4 8 -4 8 -4 8 -4 8 -4 8 -4 7 -4 7 -5 6 -5 6 -5 6 -5 6 -5 5 -5 5 -5 5 -5 5 -5 5 -5 4 -5 4 -5 3 0 0 0 0 0 0 0 0 0 0 ]
CSI_DATA,AP,10:B4:1D:CC:60:E0,-37,11,1,7,1,1,1,1,0,0,1,-92,0,6,2,8540774,0,68,0,0,8.25014,384,[0 0 0 0 0 0 0 0 0 0 0 0 10 1 10 0 10 0 10 1 10 0 10 0 10 0 10 0 9 0 9 -1 9 -1 9 -1 9 -1 9 -1 9 -1 9 -2 9 -2 9 -2 9 -2 9 -2 8 -3 9 -3 9 -3 9 -2 9 -3 9 -3 0 0 9 -3 9 -3 9 -2 9 -3 9 -2 9 -2 9 -2 9 -2 9 -2 9 -1 9 -1 9 -1 8 -1 8 0 8 0 8 0 8 0 7 0 7 0 7 1 7 1 6 1 6 1 6 1 6 2 5 2 0 0 0 0 0 0 0 0 0 0 ]
CSI_DATA,AP,10:B4:1D:CC:60:E0,-37,11,1,7,1,1,1,1,0,0,1,-92,0,6,2,8630721,0,68,0,0,8.34009,384,[0 0 0 0 0 0 0 0 0 0 0 0 -11 -3 -11 -2 -11 -2 -11 -2 -10 -2 -10 -2 -10 -1 -10 -1 -10 -1 -10 -2 -10 -1 -10 -1 -10 -1 -10 0 -9 0 -10 0 -9 0 -9 0 -10 1 -9 1 -9 1 -10 1 -10 1 -9 1 -9 1 -10 1 0 0 -10 1 -10 1 -10 1 -10 1 -10 1 -10 1 -10 1 -10 0 -10 0 -10 -1 -10 0 -9 -1 -9 -1 -9 -1 -9 -1 -9 -1 -8 -1 -8 -2 -8 -2 -7 -2 -7 -2 -7 -3 -7 -3 -7 -3 -7 -3 -6 -3 0 0 0 0 0 0 0 0 0 0 ]
CSI_DATA,AP,10:B4:1D:CC:60:E0,-37,11,1,7,1,1,1,1,0,0,1,-92,0,6,2,8720739,0,68,0,0,8.43011,384,[0 0 0 0 0 0 0 0 0 0 0 0 -4 -10 -4 -10 -4 -10 -4 -10 -4 -10 -4 -10 -4 -9 -4 -9 -4 -9 -4 -9 -4 -9 -5 -8 -5 -8 -5 -8 -5 -8 -5 -8 -5 -8 -5 -8 -6 -8 -6 -8 -5 -8 -6 -8 -6 -8 -6 -7 -6 -7 -6 -7 0 0 -6 -8 -6 -8 -6 -8 -6 -8 -6 -8 -6 -8 -6 -8 -5 -8 -5 -8 -5 -8 -5 -8 -5 -8 -4 -8 -4 -8 -4 -7 -3 -8 -3 -8 -3 -7 -3 -7 -2 -7 -2 -7 -2 -7 -2 -7 -1 -7 -1 -6 -1 -6 0 0 0 0 0 0 0 0 0 0 ]
CSI_DATA,AP,10:B4:1D:CC:60:E0,-37,11,1,7,1,1,1,1,0,0,1,-92,0,6,2,8810665,0,68,0,0,8.52003,384,[0 0 0 0 0 0 0 0 0 0 0 0 -6 8 -6 8 -6 9 -6 8 -6 8 -6 8 -6 8 -5 8 -5 8 -5 8 -4 8 -4 8 -4 8 -4 8 -4 8 -4 8 -3 8 -3 8 -3 8 -3 8 -3 8 -3 9 -2 8 -2 9 -2 9 -2 9 0 0 -3 9 -2 9 -2 9 -2 9 -2 9 -3 9 -3 9 -3 8 -3 8 -4 8 -4 8 -3 8 -3 8 -4 7 -4 7 -4 6 -4 7 -4 6 -4 6 -4 5 -4 5 -5 5 -5 5 -5 4 -4 4 -5 4 0 0 0 0 0 0 0 0 0 0 ]
CSI_DATA,AP,10:B4:1D:CC:60:E0,-37,11,1,7,1,1,1,1,0,0,1,-92,0,6,2,8900623,0,68,0,0,8.60999,384,[0 0 0 0 0 0 0 0 0 0 0 0 3 -10 3 -10 3 -10 3 -10 3 -10 3 -10 3 -10 2 -9 2 -9 2 -9 1 -9 2 -9 1 -9 1 -9 1 -9 1 -9 0 -9 0 -9 0 -9 0 -9 0 -10 0 -9 0 -9 -1 -10 -1 -10 -1 -10 0 0 -1 -10 -1 -10 -1 -10 -1 -10 0 -10 0 -10 0 -10 0 -10 1 -10 1 -9 0 -9 1 -9 1 -9 1 -9 1 -8 1 -8 2 -8 1 -7 2 -7 2 -7 2 -7 2 -7 2 -7 2 -6 3 -6 3 -5 0 0 0 0 0 0 0 0 0 0 ]
CSI_DATA,AP,10:B4:1D:CC:60:E0,-37,11,1,7,1,1,1,1,0,0,1,-92,0,6,2,8990807,0,68,0,0,8.70017,384,[0 0 0 0 0 0 0 0 0 0 0 0 -4 9 -4 9 -4 9 -4 9 -4 9 -4 9 -4 9 -3 9 -3 8 -3 8 -3 8 -3 8 -2 8 -2 8 -2 8 -2 8 -2 8 -2 8 -1 9 -1 9 -1 8 -1 8 -1 8 -1 8 -1 9 -1 8 0 0 -1 9 -1 9 0 9 -1 9 -1 9 -1 9 -1 9 -2 9 -2 8 -2 8 -2 8 -2 8 -2 8 -3 7 -3 7 -3 7 -3 7 -3 7 -3 6 -3 6 -4 6 -4 5 -4 5 -4 5 -4 4 -4 4 0 0 0 0 0 0 0 0 0 0 ]
CSI_DATA,AP,10:B4:1D:CC:60:E0,-37,11,1,7,1,1,1,1,0,0,1,-92,0,6,2,9080646,0,68,0,0,8.79001,384,[0 0 0 0 0 0 0 0 0 0 0 0 -2 10 -2 10 -2 10 -2 10 -2 9 -2 9 -2 10 -2 9 -2 9 -1 9 -1 9 -1 9 0 9 0 9 0 9 0 8 0 8 0 9 1 9 1 9 1 9 1 9 1 8 1 9 1 9 1 9 0 0 1 9 1 9 1 9 1 9 1 9 1 10 0 9 0 9 0 9 -1 8 -1 9 -1 9 -1 8 -1 8 -1 8 -2 7 -2 7 -2 7 -2 7 -2 6 -2 6 -3 6 -3 6 -3 6 -3 5 -3 5 0 0 0 0 0 0 0 0 0 0 ]
CSI_DATA,AP,10:B4:1D:CC:60:E0,-37,11,1,7,1,1,1,1,0,0,1,-92,0,6,2,9170619,0,68,0,0,8.87999,384,[0 0 0 0 0 0 0 0 0 0 0 0 -6 -9 -7 -9 -7 -9 -6 -9 -6 -8 -6 -8 -6 -8 -6 -8 -6 -8 -7 -8 -7 -7 -7 -7 -7 -7 -7 -7 -7 -7 -7 -6 -7 -6 -7 -6 -7 -6 -8 -6 -7 -6 -7 -6 -8 -6 -8 -5 -8 -6 -8 -6 0 0 -8 -6 -8 -6 -8 -6 -8 -6 -8 -6 -8 -7 -8 -6 -7 -7 -7 -6 -7 -6 -7 -6 -7 -7 -6 -7 -6 -7 -6 -7 -6 -7 -5 -7 -5 -6 -5 -6 -4 -6 -4 -6 -4 -6 -3 -6 -3 -6 -3 -6 -3 -6 0 0 0 0 0 0 0 0 0 0 ]
CSI_DATA,AP,10:B4:1D:CC:60:E0,-37,11,1,7,1,1,1,1,0,0,1,-92,0,6,2,9260761,0,68,0,0,8.97013,384,[0 0 0 0 0 0 0 0 0 0 0 0 -2 10 -2 10 -2 10 -2 10 -2 9 -2 9 -1 9 -1 9 -1 9 -1 9 -1 9 -1 8 0 8 0 9 0 9 0 8 0 8 0 8 1 8 1 8 1 8 1 8 1 8 1 8 1 9 1 8 0 0 1 9 1 9 1 9 1 9 1 9 1 9 0 9 0 9 0 8 -1 8 -1 8 -1 8 -1 8 -1 8 -1 7 -2 7 -2 7 -2 6 -2 6 -2 6 -2 6 -3 6 -3 6 -3 5 -3 5 -3 5 0 0 0 0 0 0 0 0 0 0 ]
CSI_DATA,AP,10:B4:1D:CC:60:E0,-37,11,1,7,1,1,1,1,0,0,1,-92,0,6,2,9350700,0,68,0,0,9.06007,384,[0 0 0 0 0 0 0 0 0 0 0 0 -2 -11 -3 -11 -3 -11 -3 -10 -3 -11 -3 -10 -3 -10 -3 -10 -3 -10 -3 -10 -4 -9 -4 -9 -4 -9 -4 -9 -4 -9 -4 -9 -4 -9 -5 -9 -5 -9 -5 -8 -5 -9 -5 -9 -5 -8 -6 -8 -6 -8 -5 -8 0 0 -5 -9 -5 -9 -5 -9 -5 -9 -5 -9 -5 -9 -4 -9 -4 -9 -4 -9 -4 -9 -4 -9 -4 -9 -3 -9 -3 -9 -3 -8 -3 -8 -2 -8 -2 -8 -2 -8 -1 -7 -1 -7 -1 -7 -1 -7 0 -7 0 -7 0 -6 0 0 0 0 0 0 0 0 0 0 ]
CSI_DATA,AP,10:B4:1D:CC:60:E0,-37,11,1,7,1,1,1,1,0,0,1,-92,0,6,2,9440720,0,68,0,0,9.15009,384,[0 0 0 0 0 0 0 0 0 0 0 0 0 -11 -1 -10 -1 -11 -1 -11 -1 -11 -1 -10 -1 -10 -1 -10 -2 -10 -2 -10 -2 -10 -2 -10 -2 -9 -2 -9 -2 -9 -3 -9 -3 -8 -3 -9 -3 -9 -3 -9 -3 -9 -4 -9 -4 -9 -4 -9 -4 -9 -4 -9 0 0 -4 -9 -4 -10 -4 -9 -4 -9 -4 -10 -3 -10 -3 -10 -3 -9 -3 -9 -2 -10 -2 -9 -2 -9 -2 -9 -1 -9 -2 -8 -1 -8 -1 -9 -1 -8 -1 -8 0 -7 0 -7 0 -8 1 -7 1 -7 1 -7 1 -6 0 0 0 0 0 0 0 0 0 0 ]
CSI_DATA,AP,10:B4:1D:CC:60:E0,-37,11,1,7,1,1,1,1,0,0,1,-92,0,6,2,9530669,0,68,0,0,9.24003,384,[0 0 0 0 0 0 0 0 0 0 0 0 3 9 3 9 3 9 3 9 3 9 4 9 3 8 3 9 4 8 3 8 4 8 4 8 4 7 4 7 4 7 4 7 4 7 5 6 5 7 5 7 5 7 5 7 5 6 5 7 5 7 5 6 0 0 5 7 6 7 5 7 5 6 6 7 5 7 5 7 5 7 4 7 4 7 4 7 4 7 3 7 3 7 3 7 3 7 2 6 2 6 2 6 2 6 1 6 1 6 1 6 1 6 0 6 0 5 0 0 0 0 0 0 0 0 0 0 ]
CSI_DATA,AP,10:B4:1D:CC:60:E0,-37,11,1,7,1,1,1,1,0,0,1,-92,0,6,2,9620688,0,68,0,0,9.33006,384,[0 0 0 0 0 0 0 0 0 0 0 0 -2 10 -2 10 -2 10 -2 10 -2 10 -2 10 -2 9 -1 9 -1 9 -1 9 -1 9 -1 9 0 9 0 9 0 9 0 9 0 8 1 9 1 9 1 9 1 9 1 9 1 8 2 9 2 9 1 9 0 0 2 9 2 9 2 9 1 9 1 9 1 9 1 9 1 9 0 9 0 9 0 8 0 9 0 8 -1 8 -1 8 -1 8 -1 7 -1 7 -1 7 -2 6 -2 6 -2 6 -2 6 -3 6 -3 6 -3 5 0 0 0 0 0 0 0 0 0 0 ]
CSI_DATA,AP,10:B4:1D:CC:60:E0,-37,11,1,7,1,1,1,1,0,0,1,-92,0,6,2,9710749,0,68,0,0,9.42012,384,[0 0 0 0 0 0 0 0 0 0 0 0 7 7 7 7 7 7 7 7 7 6 7 7 7 6 7 6 7 6 7 6 7 5 7 5 7 5 7 5 7 5 7 4 7 4 7 4 8 4 7 4 8 4 8 4 8 3 8 4 8 3 8 4 0 0 8 4 8 4 8 4 8 4 8 4 8 5 8 4 7 5 8 4 7 4 7 5 6 5 6 5 6 5 5 5 5 5 5 5 5 5 5 5 4 5 4 5 3 5 3 5 3 5 3 5 2 5 0 0 0 0 0 0 0 0 0 0 ]
CSI_DATA,AP,10:B4:1D:CC:60:E0,-37,11,1,7,1,1,1,1,0,0,1,-92,0,6,2,9801178,0,68,0,0,9.51054,384,[0 0 0 0 0 0 0 0 0 0 0 0 -3 9 -3 9 -3 10 -3 9 -2 9 -2 9 -2 9 -2 9 -2 9 -1 9 -2 9 -1 8 -1 8 -1 9 -1 9 0 9 0 8 0 8 0 8 1 8 1 8 1 8 1 8 1 9 1 8 1 8 0 0 1 9 1 9 1 9 1 9 1 9 1 9 0 9 0 9 0 8 0 8 -1 8 0 8 -1 8 -1 8 -1 7 -1 7 -1 7 -1 6 -2 6 -2 6 -2 6 -2 6 -3 6 -3 6 -3 5 -3 5 0 0 0 0 0 0 0 0 0 0 ]
CSI_DATA,AP,10:B4:1D:CC:60:E0,-37,11,1,7,1,1,1,1,0,0,1,-92,0,6,2,9890708,0,68,0,0,9.60008,384,[0 0 0 0 0 0 0 0 0 0 0 0 -9 5 -9 5 -8 5 -9 5 -8 5 -9 5 -8 5 -8 5 -8 5 -7 5 -8 5 -7 6 -7 6 -7 6 -7 6 -6 6 -7 6 -6 6 -6 6 -6 6 -6 7 -6 7 -6 7 -6 7 -6 7 -6 7 0 0 -6 7 -6 7 -6 7 -6 7 -6 7 -6 7 -6 7 -7 6 -7 6 -7 5 -7 5 -7 6 -7 5 -7 5 -7 4 -7 4 -6 4 -6 4 -6 3 -6 3 -6 3 -6 3 -6 2 -6 2 -6 2 -6 1 0 0 0 0 0 0 0 0 0 0 ]
CSI_DATA,AP,10:B4:1D:CC:60:E0,-37,11,1,7,1,1,1,1,0,0,1,-92,0,6,2,9980690,0,68,0,0,9.69006,384,[0 0 0 0 0 0 0 0 0 0 0 0 -4 -10 -5 -10 -4 -10 -5 -10 -4 -10 -4 -9 -5 -9 -4 -9 -5 -9 -5 -9 -5 -9 -5 -9 -5 -8 -5 -8 -6 -8 -5 -8 -6 -8 -6 -7 -6 -7 -6 -8 -6 -8 -6 -8 -6 -7 -6 -8 -6 -8 -6 -7 0 0 -6 -8 -6 -8 -7 -8 -6 -8 -6 -8 -6 -8 -6 -8 -5 -8 -5 -8 -5 -8 -5 -8 -4 -8 -4 -8 -4 -8 -4 -7 -3 -8 -3 -8 -3 -8 -3 -7 -3 -7 -2 -7 -2 -7 -1 -7 -1 -7 -1 -6 -1 -6 0 0 0 0 0 0 0 0 0 0 ]
CSI_DATA,AP,10:B4:1D:CC:60:E0,-37,11,1,7,1,1,1,1,0,0,1,-92,0,6,2,10070868,0,68,0,0,9.78024,384,[0 0 0 0 0 0 0 0 0 0 0 0 9 3 9 3 9 3 9 3 8 3 9 3 8 2 8 2 8 2 8 2 8 1 8 1 8 1 8 1 8 1 8 1 8 0 8 0 8 0 8 0 8 0 8 0 8 -1 8 -1 8 -1 9 -1 0 0 9 -1 9 -1 9 -1 9 -1 9 0 8 0 9 0 8 0 8 0 8 0 8 0 8 1 7 1 7 1 7 1 7 1 6 1 6 1 6 2 6 2 6 1 5 2 5 2 5 2 5 2 4 3 0 0 0 0 0 0 0 0 0 0 ]
CSI_DATA,AP,10:B4:1D:CC:60:E0,-37,11,1,7,1,1,1,1,0,0,1,-92,0,6,2,10160849,0,68,0,0,9.87022,384,[0 0 0 0 0 0 0 0 0 0 0 0 -8 7 -8 7 -8 7 -8 7 -8 7 -7 7 -7 7 -7 7 -7 7 -7 7 -7 7 -6 6 -6 7 -6 7 -6 7 -6 7 -5 7 -5 7 -5 7 -5 7 -5 7 -5 8 -5 8 -5 7 -4 8 -5 8 0 0 -5 8 -4 8 -5 8 -5 8 -5 8 -5 7 -5 7 -5 7 -6 7 -6 7 -6 6 -6 6 -6 6 -5 6 -6 5 -6 5 -6 5 -6 4 -6 4 -6 4 -6 4 -6 4 -6 3 -6 3 -6 2 -6 2 0 0 0 0 0 0 0 0 0 0 ]
CSI_DATA,AP,10:B4:1D:CC:60:E0,-37,11,1,7,1,1,1,1,0,0,1,-92,0,6,2,10250660,0,68,0,0,9.96003,384,[0 0 0 0 0 0 0 0 0 0 0 0 -10 4 -10 4 -10 4 -10 4 -9 4 -9 4 -9 4 -9 4 -9 4 -8 4 -8 4 -8 5 -8 5 -8 5 -7 5 -8 5 -7 5 -7 5 -7 5 -7 5 -7 5 -7 5 -7 6 -7 6 -6 6 -7 6 0 0 -7 6 -7 6 -7 6 -7 6 -7 6 -7 6 -8 5 -8 5 -8 5 -8 4 -7 5 -7 4 -7 4 -7 4 -8 3 -7 3 -7 3 -7 2 -7 2 -7 2 -7 1 -7 1 -7 1 -7 1 -7 1 -6 0 0 0 0 0 0 0 0 0 0 0 ]
CSI_DATA,AP,10:B4:1D:CC:60:E0,-37,11,1,7,1,1,1,1,0,0,1,-92,0,6,2,10340530,0,68,0,0,10.0499,384,[0 0 0 0 0 0 0 0 0 0 0 0 7 7 6 6 7 7 6 7 7 7 6 6 6 6 6 6 6 6 6 6 7 5 6 5 7 5 7 4 6 4 7 4 7 4 7 4 7 4 7 4 7 4 7 4 7 3 7 4 7 3 7 3 0 0 8 3 8 4 7 3 8 4 8 4 7 4 7 4 7 4 7 4 7 4 7 4 6 4 6 5 6 4 6 4 5 4 5 5 4 4 4 4 4 5 4 4 3 5 3 5 3 5 3 5 2 5 0 0 0 0 0 0 0 0 0 0 ]
CSI_DATA,AP,10:B4:1D:CC:60:E0,-37,11,1,7,1,1,1,1,0,0,1,-92,0,6,2,10430637,0,68,0,0,10.14,384,[0 0 0 0 0 0 0 0 0 0 0 0 1 -11 1 -11 1 -11 0 -11 1 -11 0 -10 0 -10 0 -10 0 -10 0 -10 -1 -10 0 -9 -1 -10 -1 -10 -1 -10 -1 -9 -2 -9 -2 -9 -2 -9 -2 -10 -2 -10 -2 -9 -2 -9 -3 -10 -3 -9 -3 -9 0 0 -3 -10 -3 -10 -3 -10 -2 -9 -3 -10 -2 -10 -2 -10 -2 -10 -2 -9 -1 -9 -1 -9 -1 -9 -1 -9 -1 -9 0 -8 0 -8 0 -8 0 -8 0 -7 0 -7 0 -7 1 -7 1 -7 1 -7 1 -6 2 -6 0 0 0 0 0 0 0 0 0 0 ]
CSI_DATA,AP,10:B4:1D:CC:60:E0,-37,11,1,7,1,1,1,1,0,0,1,-92,0,6,2,10520562,0,68,0,0,10.2299,384,[0 0 0 0 0 0 0 0 0 0 0 0 9 5 8 4 8 5 8 4 8 4 8 4 8 4 8 4 8 4 8 3 8 3 8 2 8 2 8 2 8 2 8 2 8 2 8 2 8 1 8 1 8 1 8 1 8 1 8 1 8 1 8 0 0 0 8 1 8 0 8 1 9 1 8 1 8 1 8 1 8 2 8 2 8 2 8 2 7 2 7 2 7 2 7 2 6 2 6 2 6 2 6 3 5 3 5 3 5 3 5 3 4 3 4 3 4 4 0 0 0 0 0 0 0 0 0 0 ]
CSI_DATA,AP,10:B4:1D:CC:60:E0,-37,11,1,7,1,1,1,1,0,0,1,-92,0,6,2,10610683,0,68,0,0,10.3201,384,[0 0 0 0 0 0 0 0 0 0 0 0 -7 -8 -7 -8 -7 -8 -7 -8 -7 -8 -7 -8 -6 -8 -7 -7 -7 -7 -7 -7 -7 -7 -7 -7 -7 -7 -7 -6 -7 -6 -7 -6 -7 -6 -7 -5 -8 -5 -7 -5 -8 -5 -8 -6 -8 -5 -8 -5 -8 -5 -8 -5 0 0 -8 -5 -8 -5 -8 -5 -8 -5 -8 -6 -8 -6 -8 -6 -7 -6 -7 -6 -7 -6 -7 -6 -7 -6 -6 -6 -6 -6 -6 -6 -5 -6 -5 -6 -5 -6 -4 -6 -4 -6 -4 -6 -4 -6 -4 -6 -3 -6 -3 -6 -3 -6 0 0 0 0 0 0 0 0 0 0 ]
CSI_DATA,AP,10:B4:1D:CC:60:E0,-37,11,1,7,1,1,1,1,0,0,1,-92,0,6,2,10700749,0,68,0,0,10.4101,384,[0 0 0 0 0 0 0 0 0 0 0 0 -7 8 -7 7 -7 7 -7 7 -6 7 -7 7 -6 7 -6 7 -6 7 -5 7 -5 7 -6 7 -5 7 -4 7 -5 7 -4 7 -4 7 -4 7 -4 8 -4 8 -4 8 -3 8 -4 8 -3 8 -3 8 -3 8 0 0 -3 8 -3 8 -3 8 -4 8 -4 8 -4 8 -4 8 -4 7 -4 7 -4 7 -4 7 -4 7 -5 7 -5 6 -5 6 -5 6 -5 6 -5 5 -5 5 -5 4 -5 4 -5 4 -5 4 -5 4 -5 3 -5 3 0 0 0 0 0 0 0 0 0 0 ]
CSI_DATA,AP,10:B4:1D:CC:60:E0,-37,11,1,7,1,1,1,1,0,0,1,-92,0,6,2,10790752,0,68,0,0,10.5001,384,[0 0 0 0 0 0 0 0 0 0 0 0 -5 8 -5 8 -5 9 -5 9 -4 8 -4 8 -4 8 -4 8 -4 8 -4 8 -3 8 -3 8 -3 8 -3 8 -2 8 -3 8 -3 8 -2 8 -2 8 -2 8 -2 8 -2 8 -2 8 -1 9 -2 8 -2 8 0 0 -2 8 -2 9 -2 8 -2 9 -2 9 -2 8 -2 9 -2 8 -3 8 -3 8 -3 7 -3 7 -4 7 -4 7 -4 6 -4 6 -4 6 -4 6 -4 5 -4 5 -4 5 -4 5 -4 4 -4 4 -5 4 -5 4 0 0 0 0 0 0 0 0 0 0 ]
CSI_DATA,AP,10:B4:1D:CC:60:E0,-37,11,1,7,1,1,1,1,0,0,1,-92,0,6,2,10880774,0,68,0,0,10.5901,384,[0 0 0 0 0 0 0 0 0 0 0 0 6 8 6 7 6 7 6 7 6 7 6 7 6 7 6 7 6 6 6 6 6 6 6 6 6 6 7 5 6 5 7 5 6 5 7 4 7 5 7 5 7 5 7 5 7 4 8 5 7 4 8 4 0 0 7 4 8 5 7 5 7 4 7 5 7 5 7 6 6 5 6 5 7 5 6 5 6 5 6 6 5 6 5 5 5 5 4 5 4 5 4 5 4 5 3 5 3 5 3 5 2 5 2 5 2 5 0 0 0 0 0 0 0 0 0 0 ]
CSI_DATA,AP,10:B4:1D:CC:60:E0,-38,11,1,7,1,1,1,1,0,0,1,-92,0,6,2,10970648,0,68,0,0,10.68,384,[0 0 0 0 0 0 0 0 0 0 0 0 -9 -6 -9 -6 -9 -6 -9 -6 -9 -6 -9 -6 -9 -6 -9 -6 -8 -5 -8 -5 -8 -5 -8 -5 -8 -5 -8 -4 -9 -4 -9 -4 -9 -4 -9 -3 -9 -4 -9 -3 -9 -4 -9 -3 -9 -3 -9 -3 -9 -3 -9 -3 0 0 -9 -3 -9 -3 -9 -3 -9 -3 -9 -3 -9 -3 -9 -4 -9 -4 -9 -4 -9 -4 -8 -4 -8 -4 -8 -4 -7 -5 -7 -4 -7 -4 -7 -5 -7 -5 -6 -4 -6 -5 -6 -5 -6 -5 -5 -5 -5 -5 -5 -5 -4 -5 0 0 0 0 0 0 0 0 0 0 ]
CSI_DATA,AP,10:B4:1D:CC:60:E0,-37,11,1,7,1,1,1,1,0,0,1,-92,0,6,2,11060799,0,68,0,0,10.7702,384,[0 0 0 0 0 0 0 0 0 0 0 0 5 -9 5 -9 4 -9 4 -9 4 -9 4 -9 4 -9 3 -9 4 -9 3 -9 3 -9 3 -9 3 -9 2 -9 2 -9 2 -9 2 -9 1 -9 1 -9 1 -9 1 -9 1 -9 1 -9 1 -10 0 -10 1 -10 0 0 1 -10 1 -10 1 -10 1 -10 1 -10 1 -10 2 -10 2 -10 2 -9 2 -9 2 -9 2 -9 2 -9 2 -8 3 -8 3 -7 3 -7 3 -7 3 -7 3 -6 3 -7 3 -6 3 -6 3 -6 3 -5 4 -5 0 0 0 0 0 0 0 0 0 0 ]
CSI_DATA,AP,10:B4:1D:CC:60:E0,-37,11,1,7,1,1,1,1,0,0,1,-92,0,6,2,11150751,0,68,0,0,10.8601,384,[0 0 0 0 0 0 0 0 0 0 0 0 1 -11 1 -11 1 -10 1 -11 0 -10 0 -10 0 -10 0 -10 0 -10 0 -9 0 -9 0 -9 -1 -9 -1 -10 -1 -9 -1 -9 -1 -9 -2 -9 -2 -9 -2 -9 -2 -10 -2 -9 -2 -9 -2 -10 -2 -9 -2 -10 0 0 -2 -10 -3 -9 -2 -10 -2 -9 -2 -10 -2 -10 -2 -10 -2 -10 -1 -9 -1 -9 -1 -9 -1 -9 0 -9 0 -9 0 -8 0 -8 0 -8 0 -8 1 -7 1 -7 1 -7 1 -7 1 -7 2 -6 2 -6 2 -6 0 0 0 0 0 0 0 0 0 0 ]
CSI_DATA,AP,10:B4:1D:CC:60:E0,-38,11,1,7,1,1,1,1,0,0,1,-92,0,6,2,11240757,0,68,0,0,10.9501,384,[0 0 0 0 0 0 0 0 0 0 0 0 -10 -3 -10 -3 -10 -3 -10 -3 -10 -3 -10 -2 -10 -2 -10 -2 -10 -2 -10 -2 -10 -1 -9 -1 -9 -2 -9 -1 -9 -1 -9 -1 -9 0 -9 0 -9 0 -9 0 -9 0 -9 0 -9 0 -9 0 -9 0 -9 1 0 0 -10 0 -9 0 -10 0 -10 1 -10 0 -10 0 -10 0 -10 0 -10 -1 -10 0 -9 -1 -9 -1 -9 -1 -9 -1 -9 -2 -8 -2 -8 -2 -8 -2 -7 -2 -7 -2 -7 -3 -7 -3 -7 -3 -6 -3 -6 -3 -6 -3 0 0 0 0 0 0 0 0 0 0 ]
CSI_DATA,AP,10:B4:1D:CC:60:E0,-38,11,1,7,1,1,1,1,0,0,1,-92,0,6,2,11332745,0,68,0,0,11.0421,384,[0 0 0 0 0 0 0 0 0 0 0 0 2 -11 2 -10 2 -10 1 -11 1 -10 1 -10 1 -10 1 -10 1 -10 1 -10 0 -9 1 -9 0 -10 0 -10 -1 -9 0 -9 -1 -9 -1 -9 -1 -9 -1 -9 -1 -9 -2 -10 -1 -9 -2 -10 -2 -10 -2 -10 0 0 -2 -10 -2 -10 -2 -10 -1 -10 -1 -10 -1 -10 -1 -10 -1 -10 -1 -9 0 -9 0 -9 0 -9 0 -9 1 -9 1 -8 1 -8 1 -8 1 -8 1 -7 2 -7 2 -7 2 -7 2 -7 2 -6 2 -6 3 -6 0 0 0 0 0 0 0 0 0 0 ]
CSI_DATA,AP,10:B4:1D:CC:60:E0,-37,11,1,7,1,1,1,1,0,0,1,-92,0,6,2,11420567,0,68,0,0,11.1299,384,[0 0 0 0 0 0 0 0 0 0 0 0 4 -10 4 -10 4 -10 4 -9 4 -9 3 -9 4 -9 3 -9 3 -9 2 -9 3 -9 2 -9 2 -9 2 -9 2 -9 1 -9 1 -9 1 -9 1 -9 1 -9 1 -9 0 -10 0 -9 0 -10 0 -10 1 -9 0 0 0 -10 0 -10 0 -10 1 -10 0 -10 1 -10 1 -10 1 -10 1 -9 1 -9 1 -9 2 -9 2 -9 2 -9 2 -8 2 -8 2 -8 2 -7 2 -7 2 -7 3 -7 3 -7 3 -6 3 -6 3 -6 4 -5 0 0 0 0 0 0 0 0 0 0 ]
CSI_DATA,AP,10:B4:1D:CC:60:E0,-37,11,1,7,1,1,1,1,0,0,1,-92,0,6,2,11510694,0,68,0,0,11.2201,384,[0 0 0 0 0 0 0 0 0 0 0 0 9 -5 9 -5 9 -5 8 -5 8 -5 8 -5 8 -5 8 -6 8 -6 7 -6 7 -5 7 -5 7 -6 7 -6 6 -6 6 -6 6 -7 6 -7 6 -7 5 -7 5 -7 5 -7 5 -7 5 -8 5 -7 5 -8 0 0 5 -8 5 -8 5 -8 5 -8 5 -8 6 -7 6 -7 6 -7 6 -7 6 -7 6 -7 6 -7 6 -6 6 -6 6 -6 6 -5 6 -5 5 -5 5 -4 6 -4 6 -4 5 -4 5 -4 6 -3 5 -3 6 -2 0 0 0 0 0 0 0 0 0 0 ]
CSI_DATA,AP,10:B4:1D:CC:60:E0,-37,11,1,7,1,1,1,1,0,0,1,-92,0,6,2,11600656,0,68,0,0,11.31,384,[0 0 0 0 0 0 0 0 0 0 0 0 1 -11 0 -11 0 -10 0 -11 0 -10 0 -10 0 -10 0 -10 0 -10 0 -9 -1 -10 -1 -9 -1 -10 -1 -9 -2 -10 -2 -9 -2 -9 -2 -9 -3 -9 -3 -9 -3 -9 -3 -9 -2 -9 -3 -9 -3 -9 -3 -9 0 0 -3 -10 -3 -9 -3 -10 -3 -9 -3 -10 -3 -10 -2 -10 -2 -10 -2 -9 -2 -9 -2 -9 -1 -9 -1 -9 -1 -9 -1 -8 -1 -8 0 -8 0 -8 0 -8 0 -7 0 -7 1 -7 1 -7 1 -7 1 -7 2 -6 0 0 0 0 0 0 0 0 0 0 ]
CSI_DATA,AP,10:B4:1D:CC:60:E0,-38,11,1,7,1,1,1,1,0,0,1,-92,0,6,2,11690663,0,68,0,0,11.4,384,[0 0 0 0 0 0 0 0 0 0 0 0 -8 7 -8 7 -7 7 -7 7 -7 7 -7 6 -7 7 -7 7 -7 7 -6 7 -6 7 -6 7 -6 7 -5 7 -5 7 -5 7 -5 7 -5 7 -4 8 -4 8 -4 8 -4 8 -4 8 -4 8 -4 8 -4 8 0 0 -4 8 -4 8 -4 9 -4 8 -4 8 -5 8 -5 8 -5 8 -5 8 -5 8 -5 7 -5 7 -5 7 -5 6 -5 6 -5 6 -6 6 -5 5 -5 5 -5 5 -6 5 -5 5 -6 4 -5 4 -6 4 -6 3 0 0 0 0 0 0 0 0 0 0 ]
CSI_DATA,AP,10:B4:1D:CC:60:E0,-38,11,1,7,1,1,1,1,0,0,1,-92,0,6,2,11780704,0,68,0,0,11.4901,384,[0 0 0 0 0 0 0 0 0 0 0 0 8 -7 7 -7 7 -7 7 -7 7 -7 7 -8 6 -7 6 -7 6 -7 6 -7 6 -7 5 -8 5 -8 5 -8 5 -8 5 -8 5 -8 4 -8 4 -9 4 -8 4 -8 3 -9 4 -9 3 -9 3 -9 4 -9 0 0 4 -10 3 -9 3 -9 4 -9 4 -9 3 -9 4 -9 4 -8 5 -8 4 -8 4 -8 4 -8 4 -8 4 -8 4 -7 4 -7 4 -7 4 -6 4 -6 5 -6 5 -5 5 -5 4 -5 4 -5 4 -4 5 -4 0 0 0 0 0 0 0 0 0 0 ]
CSI_DATA,AP,10:B4:1D:CC:60:E0,-38,11,1,7,1,1,1,1,0,0,1,-92,0,6,2,11870613,0,68,0,0,11.58,384,[0 0 0 0 0 0 0 0 0 0 0 0 4 -10 4 -10 4 -10 3 -10 3 -10 3 -9 3 -9 3 -9 3 -9 2 -10 2 -9 2 -9 2 -9 2 -9 2 -9 1 -9 1 -9 1 -10 0 -9 0 -9 0 -10 0 -9 0 -10 0 -10 0 -10 0 -10 0 0 0 -10 -1 -10 0 -10 0 -10 0 -10 0 -10 1 -10 1 -10 1 -9 1 -9 1 -9 1 -9 1 -9 1 -9 2 -8 2 -8 2 -8 2 -7 2 -7 2 -7 3 -7 3 -7 3 -7 3 -6 3 -6 3 -6 0 0 0 0 0 0 0 0 0 0 ]
CSI_DATA,AP,10:B4:1D:CC:60:E0,-38,11,1,7,1,1,1,1,0,0,1,-92,0,6,2,11960619,0,68,0,0,11.67,384,[0 0 0 0 0 0 0 0 0 0 0 0 -2 10 -2 10 -2 10 -1 10 -2 10 -2 10 -1 9 -1 9 -1 9 -1 9 -1 9 -1 9 0 9 0 9 0 9 0 9 0 8 0 9 1 9 1 9 1 9 1 9 2 8 2 9 2 9 2 9 0 0 1 9 2 9 1 9 1 9 1 9 1 10 0 10 0 9 0 9 0 9 0 9 0 9 -1 9 -1 8 -1 8 -1 8 -1 8 -2 7 -2 7 -2 7 -2 7 -2 7 -3 7 -3 6 -3 6 -3 5 0 0 0 0 0 0 0 0 0 0 ]
CSI_DATA,AP,10:B4:1D:CC:60:E0,-39,11,1,7,1,1,1,1,0,0,1,-92,0,6,2,12050604,0,68,0,0,11.76,384,[0 0 0 0 0 0 0 0 0 0 0 0 -5 9 -4 9 -4 9 -4 9 -4 9 -4 9 -4 8 -4 8 -3 8 -3 9 -3 8 -2 8 -2 8 -2 8 -2 9 -2 8 -1 8 -1 8 -1 9 -1 9 -1 9 0 9 0 9 0 9 0 9 0 9 0 0 0 9 0 9 0 9 0 9 0 10 -1 9 -1 9 -1 9 -1 9 -1 9 -1 9 -2 9 -2 9 -2 8 -2 8 -2 8 -2 8 -2 7 -3 7 -3 7 -3 6 -3 6 -3 6 -3 6 -4 6 -4 5 0 0 0 0 0 0 0 0 0 0 ]
CSI_DATA,AP,10:B4:1D:CC:60:E0,-38,11,1,7,1,1,1,1,0,0,1,-92,0,6,2,12140761,0,68,0,0,11.8501,384,[0 0 0 0 0 0 0 0 0 0 0 0 -7 -8 -8 -8 -8 -8 -8 -8 -8 -8 -7 -7 -7 -7 -8 -7 -7 -7 -8 -7 -8 -6 -8 -6 -8 -6 -8 -6 -8 -6 -8 -5 -8 -6 -8 -5 -8 -5 -8 -5 -8 -5 -9 -5 -9 -5 -9 -4 -9 -4 -9 -4 0 0 -9 -5 -9 -5 -9 -5 -9 -5 -9 -5 -9 -5 -9 -5 -8 -6 -8 -6 -8 -5 -8 -6 -8 -6 -7 -6 -7 -6 -7 -6 -6 -6 -6 -6 -6 -6 -6 -6 -5 -6 -5 -6 -5 -6 -5 -6 -4 -6 -4 -6 -3 -6 0 0 0 0 0 0 0 0 0 0 ]
CSI_DATA,AP,10:B4:1D:CC:60:E0,-38,11,1,7,1,1,1,1,0,0,1,-92,0,6,2,12230772,0,68,0,0,11.9401,384,[0 0 0 0 0 0 0 0 0 0 0 0 10 4 9 4 9 4 9 4 9 3 9 3 9 3 9 3 9 3 9 2 9 2 9 2 9 2 8 2 9 1 9 1 9 1 9 0 9 0 9 1 9 1 9 0 9 0 10 0 9 0 10 0 0 0 10 0 9 0 10 0 10 0 10 0 10 1 10 1 9 2 9 1 9 1 9 1 8 1 8 2 8 2 8 2 8 2 7 2 7 2 7 2 6 3 7 3 6 3 6 3 5 3 5 4 5 4 0 0 0 0 0 0 0 0 0 0 ]
CSI_DATA,AP,10:B4:1D:CC:60:E0,-38,11,1,7,1,1,1,1,0,0,1,-92,0,6,2,12320795,0,68,0,0,12.0302,384,[0 0 0 0 0 0 0 0 0 0 0 0 -11 2 -11 3 -10 2 -10 2 -10 3 -10 3 -10 3 -10 3 -10 3 -9 4 -9 4 -9 4 -8 4 -8 4 -9 4 -8 4 -8 4 -8 5 -8 5 -8 5 -8 5 -8 5 -8 5 -8 6 -7 6 -8 6 0 0 -8 6 -8 6 -8 6 -8 6 -8 5 -8 5 -8 5 -8 5 -9 4 -8 4 -8 4 -8 5 -8 4 -8 4 -8 3 -8 3 -8 3 -8 3 -8 2 -8 2 -8 1 -7 1 -7 1 -7 1 -7 1 -7 0 0 0 0 0 0 0 0 0 0 0 ]
CSI_DATA,AP,10:B4:1D:CC:60:E0,-38,11,1,7,1,1,1,1,0,0,1,-92,0,6,2,12410757,0,68,0,0,12.1201,384,[0 0 0 0 0 0 0 0 0 0 0 0 4 9 4 9 4 9 4 9 4 9 4 8 4 9 4 8 4 8 5 8 4 7 5 7 5 7 5 7 5 7 5 7 5 7 5 6 5 7 6 7 6 7 6 7 6 6 6 6 6 6 6 6 0 0 6 7 6 7 7 7 6 7 6 7 6 7 6 8 6 8 6 7 5 7 5 7 5 7 4 8 4 7 4 7 3 7 3 7 3 7 3 7 2 7 2 6 2 7 1 6 1 6 1 6 0 6 0 0 0 0 0 0 0 0 0 0 ]
CSI_DATA,AP,10:B4:1D:CC:60:E0,-40,11,1,7,1,1,1,1,0,0,1,-92,0,6,2,12502757,0,68,0,0,12.2121,384,[0 0 0 0 0 0 0 0 0 0 0 0 4 -9 4 -9 4 -9 4 -9 4 -9 3 -9 4 -9 3 -9 3 -9 2 -9 2 -9 2 -9 2 -9 2 -9 2 -9 1 -9 2 -9 1 -9 1 -9 1 -9 1 -9 1 -10 0 -9 0 -10 0 -10 0 -10 0 0 1 -10 0 -10 1 -10 1 -10 1 -10 1 -10 1 -10 1 -10 2 -10 2 -9 2 -9 2 -9 2 -9 2 -9 2 -8 3 -8 3 -8 3 -8 3 -7 3 -7 3 -7 3 -7 3 -7 3 -6 3 -6 4 -5 0 0 0 0 0 0 0 0 0 0 ]
CSI_DATA,AP,10:B4:1D:CC:60:E0,-40,11,1,7,1,1,1,1,0,0,1,-92,0,6,2,12590556,0,68,0,0,12.2999,384,[0 0 0 0 0 0 0 0 0 0 0 0 -3 -10 -3 -10 -3 -10 -3 -10 -3 -10 -3 -10 -3 -9 -3 -9 -3 -9 -4 -9 -4 -9 -4 -9 -4 -9 -4 -9 -4 -9 -5 -8 -5 -8 -5 -8 -5 -8 -5 -8 -5 -8 -5 -8 -5 -8 -6 -8 -6 -8 -6 -8 0 0 -6 -8 -6 -8 -6 -9 -6 -8 -6 -9 -6 -9 -5 -9 -5 -9 -5 -9 -5 -9 -5 -9 -4 -9 -4 -9 -4 -9 -4 -8 -3 -8 -3 -8 -3 -8 -2 -8 -2 -8 -2 -8 -2 -8 -1 -8 -1 -8 -1 -7 -1 -7 0 0 0 0 0 0 0 0 0 0 ]
CSI_DATA,AP,10:B4:1D:CC:60:E0,-38,11,1,7,1,1,1,1,0,0,1,-92,0,6,2,12680696,0,68,0,0,12.3901,384,[0 0 0 0 0 0 0 0 0 0 0 0 9 5 8 5 9 5 8 5 8 4 8 4 8 4 8 4 8 4 8 4 8 3 8 3 8 3 9 3 8 2 8 2 9 2 9 2 8 2 9 2 9 1 9 2 9 1 9 1 9 1 9 1 0 0 9 1 9 1 10 1 9 1 9 2 9 2 9 2 9 2 9 2 9 2 9 3 8 3 8 3 8 3 8 3 7 3 7 3 7 3 6 4 6 3 6 3 5 4 5 4 5 4 5 4 4 4 0 0 0 0 0 0 0 0 0 0 ]
CSI_DATA,AP,10:B4:1D:CC:60:E0,-38,11,1,7,1,1,1,1,0,0,1,-92,0,6,2,12770729,0,68,0,0,12.4801,384,[0 0 0 0 0 0 0 0 0 0 0 0 -11 0 -11 0 -11 0 -10 0 -10 0 -10 0 -10 0 -10 0 -10 1 -10 1 -10 1 -9 1 -9 1 -9 2 -9 2 -9 2 -9 2 -9 3 -9 3 -9 3 -9 3 -9 3 -9 3 -9 3 -9 4 -9 4 0 0 -9 4 -9 3 -9 4 -10 3 -9 3 -10 3 -10 3 -9 3 -9 2 -9 2 -9 2 -9 2 -9 2 -9 2 -9 1 -8 1 -8 1 -8 0 -8 0 -8 0 -8 -1 -7 0 -7 -1 -8 -1 -7 -1 -7 -1 0 0 0 0 0 0 0 0 0 0 ]
CSI_DATA,AP,10:B4:1D:CC:60:E0,-33,11,0,0,0,0,0,0,0,0,0,-92,0,6,2,12775163,0,66,0,0,12.5079,128,[0 0 0 0 0 0 0 0 0 0 0 0 6 -14 6 -14 6 -14 6 -14 5 -14 5 -14 5 -14 5 -14 5 -13 3 -13 3 -13 3 -14 3 -14 2 -14 3 -14 2 -13 2 -14 1 -13 1 -13 1 -13 1 -14 1 -14 0 -14 0 -14 0 -14 0 -15 0 0 0 -15 0 -15 1 -15 1 -15 1 -15 1 -15 2 -15 2 -14 2 -14 2 -14 2 -14 2 -13 3 -13 3 -13 3 -12 3 -12 3 -11 3 -11 4 -11 4 -10 4 -10 4 -10 4 -10 4 -9 5 -9 5 -8 0 0 0 0 0 0 0 0 0 0 ]
CSI_DATA,AP,10:B4:1D:CC:60:E0,-40,11,1,7,1,1,1,1,0,0,1,-92,0,6,2,12860778,0,68,0,0,12.5702,384,[0 0 0 0 0 0 0 0 0 0 0 0 -9 5 -9 5 -9 5 -8 5 -8 5 -8 5 -8 5 -8 5 -8 5 -7 6 -7 6 -7 6 -7 6 -6 6 -6 6 -6 6 -6 6 -6 6 -6 7 -6 7 -6 7 -6 7 -6 7 -5 7 -5 8 -6 8 0 0 -6 8 -6 8 -6 8 -6 8 -6 8 -6 8 -6 7 -6 7 -7 7 -7 7 -7 7 -6 7 -6 6 -7 6 -7 5 -7 5 -7 5 -7 5 -7 4 -7 4 -7 4 -7 4 -7 3 -7 3 -7 3 -7 2 0 0 0 0 0 0 0 0 0 0 ]
CSI_DATA,AP,10:B4:1D:CC:60:E0,-38,11,1,7,1,1,1,1,0,0,1,-92,0,6,2,12950752,0,68,0,0,12.6601,384,[0 0 0 0 0 0 0 0 0 0 0 0 -11 2 -11 2 -10 2 -10 2 -10 2 -10 2 -10 2 -10 2 -10 3 -10 3 -10 3 -9 3 -9 3 -9 3 -9 3 -9 3 -9 4 -9 4 -9 4 -9 5 -8 4 -8 5 -8 5 -8 5 -8 5 -9 5 0 0 -9 5 -8 5 -8 5 -9 5 -9 5 -9 5 -9 5 -9 4 -9 4 -9 4 -9 3 -9 3 -9 3 -8 3 -9 2 -8 2 -8 2 -8 2 -8 1 -8 1 -8 1 -8 1 -8 1 -7 0 -7 0 -7 -1 0 0 0 0 0 0 0 0 0 0 ]
CSI_DATA,AP,10:B4:1D:CC:60:E0,-38,11,1,7,1,1,1,1,0,0,1,-92,0,6,2,13040651,0,68,0,0,12.75,384,[0 0 0 0 0 0 0 0 0 0 0 0 -11 2 -10 2 -10 2 -10 2 -10 2 -10 2 -10 2 -10 2 -9 3 -9 3 -9 3 -9 3 -9 3 -8 4 -9 4 -8 4 -8 4 -8 4 -8 4 -8 4 -8 4 -8 5 -8 5 -7 5 -7 5 -8 5 0 0 -8 5 -8 5 -8 5 -8 5 -8 5 -8 5 -9 5 -8 4 -8 4 -8 4 -8 4 -8 4 -8 3 -8 3 -8 3 -8 2 -7 2 -8 2 -8 2 -8 1 -8 2 -7 1 -7 1 -7 1 -7 0 -7 0 0 0 0 0 0 0 0 0 0 0 ]
CSI_DATA,AP,10:B4:1D:CC:60:E0,-40,11,1,7,1,1,1,1,0,0,1,-92,0,6,2,13130837,0,68,0,0,12.8402,384,[0 0 0 0 0 0 0 0 0 0 0 0 3 -10 3 -10 3 -10 2 -10 2 -10 2 -10 2 -10 2 -9 2 -9 2 -10 1 -9 1 -9 1 -10 0 -10 0 -10 0 -10 0 -9 0 -9 -1 -10 -1 -10 -1 -10 -1 -10 -1 -10 -1 -10 -2 -10 -1 -10 0 0 -1 -10 -2 -10 -1 -10 -1 -10 -1 -10 -1 -11 -1 -10 -1 -10 0 -10 0 -10 0 -10 0 -10 0 -10 0 -9 1 -9 1 -9 1 -9 1 -8 1 -8 1 -8 2 -8 2 -8 2 -8 2 -7 2 -7 3 -6 0 0 0 0 0 0 0 0 0 0 ]
CSI_DATA,AP,10:B4:1D:CC:60:E0,-38,11,1,7,1,1,1,1,0,0,1,-92,0,6,2,13221354,0,68,0,0,12.9307,384,[0 0 0 0 0 0 0 0 0 0 0 0 -9 -7 -9 -7 -9 -7 -9 -7 -8 -6 -9 -6 -8 -6 -8 -6 -8 -6 -9 -5 -8 -5 -9 -5 -9 -5 -9 -5 -9 -4 -8 -4 -9 -4 -9 -4 -9 -4 -9 -4 -9 -4 -9 -3 -9 -3 -10 -3 -9 -3 -9 -3 0 0 -10 -3 -10 -4 -10 -4 -10 -3 -9 -4 -9 -4 -10 -4 -9 -4 -9 -4 -9 -4 -8 -5 -8 -5 -8 -5 -8 -5 -7 -5 -7 -5 -7 -5 -7 -5 -6 -5 -6 -5 -6 -5 -6 -6 -5 -5 -5 -5 -5 -6 -4 -6 0 0 0 0 0 0 0 0 0 0 ]
CSI_DATA,AP,10:B4:1D:CC:60:E0,-38,11,1,7,1,1,1,1,0,0,1,-92,0,6,2,13310615,0,68,0,0,13.02,384,[0 0 0 0 0 0 0 0 0 0 0 0 -3 10 -4 9 -3 9 -4 10 -3 9 -3 9 -3 9 -3 9 -3 9 -2 9 -2 9 -1 9 -1 9 -1 9 -1 9 -1 9 -1 9 0 8 0 9 0 9 0 9 0 9 0 8 1 9 1 9 1 9 0 0 1 9 1 9 1 9 0 9 1 9 0 10 0 10 0 9 -1 9 -1 9 -1 8 -1 9 -1 9 -1 8 -1 8 -2 8 -2 8 -2 7 -2 7 -2 7 -2 7 -2 7 -2 7 -3 6 -3 6 -4 6 0 0 0 0 0 0 0 0 0 0 ]
CSI_DATA,AP,10:B4:1D:CC:60:E0,-38,11,1,7,1,1,1,1,0,0,1,-92,0,6,2,13400630,0,68,0,0,13.11,384,[0 0 0 0 0 0 0 0 0 0 0 0 -1 -11 -1 -11 -1 -11 -1 -11 -1 -10 -1 -10 -1 -10 -1 -10 -2 -10 -2 -10 -2 -10 -2 -9 -2 -10 -2 -10 -3 -9 -3 -9 -3 -9 -3 -9 -4 -9 -4 -9 -4 -9 -4 -9 -4 -9 -4 -9 -4 -9 -4 -9 0 0 -4 -9 -4 -9 -4 -10 -4 -9 -4 -10 -4 -10 -3 -10 -3 -10 -3 -9 -3 -9 -2 -9 -2 -10 -2 -9 -2 -9 -1 -8 -1 -8 -1 -9 -1 -8 -1 -8 0 -8 0 -8 0 -8 0 -8 0 -7 1 -7 1 -6 0 0 0 0 0 0 0 0 0 0 ]
CSI_DATA,AP,10:B4:1D:CC:60:E0,-38,11,1,7,1,1,1,1,0,0,1,-92,0,6,2,13490753,0,68,0,0,13.2001,384,[0 0 0 0 0 0 0 0 0 0 0 0 1 -11 1 -11 0 -11 0 -11 0 -11 0 -10 0 -10 0 -10 0 -10 -1 -10 -1 -10 -2 -9 -1 -10 -2 -10 -2 -10 -2 -9 -2 -9 -2 -9 -3 -9 -3 -9 -3 -9 -3 -9 -3 -9 -4 -10 -4 -9 -3 -9 0 0 -3 -9 -4 -10 -3 -10 -3 -10 -3 -10 -3 -10 -2 -10 -2 -10 -2 -10 -2 -9 -2 -9 -2 -9 -2 -9 -1 -9 -1 -9 -2 -9 -1 -8 -1 -8 0 -8 0 -8 0 -8 0 -8 0 -7 1 -7 1 -7 1 -6 0 0 0 0 0 0 0 0 0 0 ]
CSI_DATA,AP,10:B4:1D:CC:60:E0,-38,11,1,7,1,1,1,1,0,0,1,-92,0,6,2,13580709,0,68,0,0,13.2901,384,[0 0 0 0 0 0 0 0 0 0 0 0 -8 6 -8 6 -8 6 -8 6 -8 7 -8 6 -8 6 -7 6 -7 6 -7 7 -7 6 -7 7 -6 6 -6 7 -6 7 -6 7 -6 7 -5 7 -5 8 -5 7 -5 7 -5 8 -5 8 -5 8 -4 8 -4 8 0 0 -4 8 -5 8 -4 8 -4 8 -5 8 -5 8 -5 8 -5 8 -5 7 -6 7 -6 7 -5 7 -5 7 -5 6 -6 6 -5 6 -6 6 -5 5 -5 5 -6 5 -6 4 -6 5 -6 4 -6 4 -6 3 -6 3 0 0 0 0 0 0 0 0 0 0 ]
CSI_DATA,AP,10:B4:1D:CC:60:E0,-40,11,1,7,1,1,1,1,0,0,1,-92,0,6,2,13670718,0,68,0,0,13.3801,384,[0 0 0 0 0 0 0 0 0 0 0 0 -9 6 -9 5 -8 5 -8 5 -8 6 -8 6 -8 5 -8 6 -7 6 -7 6 -7 6 -7 6 -6 6 -6 6 -6 6 -6 6 -6 6 -6 6 -5 7 -6 7 -5 7 -5 7 -5 7 -5 8 -5 8 -5 8 0 0 -6 8 -5 8 -6 8 -6 7 -6 8 -6 8 -6 7 -6 7 -7 7 -6 7 -6 6 -6 6 -6 6 -6 6 -7 5 -7 5 -6 5 -6 4 -7 4 -7 4 -7 4 -7 3 -6 3 -6 3 -6 3 -7 2 0 0 0 0 0 0 0 0 0 0 ]
CSI_DATA,AP,10:B4:1D:CC:60:E0,-38,11,1,7,1,1,1,1,0,0,1,-92,0,6,2,13760694,0,68,0,0,13.4701,384,[0 0 0 0 0 0 0 0 0 0 0 0 -7 8 -7 8 -7 8 -7 8 -7 8 -6 8 -6 7 -6 8 -6 8 -6 8 -6 8 -6 8 -5 7 -5 8 -5 8 -5 8 -4 8 -4 8 -4 8 -4 8 -4 8 -4 8 -4 8 -4 9 -4 9 -3 8 0 0 -4 9 -3 9 -4 9 -4 9 -4 9 -4 9 -5 8 -5 8 -5 7 -6 8 -6 8 -5 8 -5 7 -5 7 -5 7 -6 6 -6 6 -6 6 -6 5 -6 5 -6 4 -6 5 -6 5 -6 4 -6 3 -6 3 0 0 0 0 0 0 0 0 0 0 ]
CSI_DATA,AP,10:B4:1D:CC:60:E0,-38,11,1,7,1,1,1,1,0,0,1,-92,0,6,2,13850690,0,68,0,0,13.5601,384,[0 0 0 0 0 0 0 0 0 0 0 0 7 -8 7 -8 7 -8 7 -8 6 -8 6 -8 6 -8 6 -8 6 -8 6 -8 6 -8 5 -8 5 -8 5 -8 5 -8 5 -9 4 -8 4 -9 4 -9 4 -9 4 -9 3 -9 4 -9 3 -9 3 -10 3 -9 0 0 4 -10 4 -10 4 -10 4 -10 4 -10 4 -10 4 -9 5 -9 5 -8 5 -9 5 -8 5 -8 5 -8 5 -8 5 -7 5 -7 5 -7 5 -6 5 -6 5 -6 5 -5 5 -5 5 -5 5 -5 5 -4 5 -4 0 0 0 0 0 0 0 0 0 0 ]
CSI_DATA,AP,10:B4:1D:CC:60:E0,-40,11,1,7,1,1,1,1,0,0,1,-92,0,6,2,13940760,0,68,0,0,13.6501,384,[0 0 0 0 0 0 0 0 0 0 0 0 -9 -6 -9 -6 -9 -6 -9 -6 -9 -6 -9 -6 -9 -5 -9 -5 -9 -5 -9 -5 -9 -4 -9 -4 -9 -4 -9 -4 -9 -4 -9 -3 -9 -3 -9 -3 -10 -3 -9 -3 -9 -3 -10 -3 -10 -3 -10 -3 -10 -3 -10 -2 0 0 -10 -3 -10 -3 -10 -3 -10 -3 -10 -3 -10 -3 -10 -4 -10 -4 -10 -4 -10 -4 -10 -4 -9 -4 -9 -4 -8 -5 -8 -4 -8 -4 -8 -5 -8 -5 -7 -5 -7 -5 -7 -5 -6 -5 -6 -5 -6 -5 -6 -6 -5 -6 0 0 0 0 0 0 0 0 0 0 ]
CSI_DATA,AP,10:B4:1D:CC:60:E0,-38,11,1,7,1,1,1,1,0,0,1,-92,0,6,2,14030770,0,68,0,0,13.7401,384,[0 0 0 0 0 0 0 0 0 0 0 0 -11 3 -10 3 -10 3 -11 3 -9 3 -10 3 -10 4 -10 4 -10 4 -9 4 -9 4 -9 4 -9 4 -9 5 -9 5 -8 5 -8 5 -8 5 -7 6 -8 6 -7 5 -7 6 -8 6 -8 7 -8 6 -8 6 0 0 -8 7 -8 7 -8 7 -8 6 -8 6 -8 7 -8 6 -8 6 -9 5 -8 5 -8 5 -8 5 -8 5 -8 4 -8 4 -8 4 -8 3 -8 3 -8 3 -8 3 -8 2 -7 2 -7 2 -7 2 -7 1 -7 1 0 0 0 0 0 0 0 0 0 0 ]
CSI_DATA,AP,10:B4:1D:CC:60:E0,-39,11,1,7,1,1,1,1,0,0,1,-92,0,6,2,14120851,0,68,0,0,13.8302,384,[0 0 0 0 0 0 0 0 0 0 0 0 8 4 8 4 8 4 8 4 8 4 8 3 8 3 8 3 8 3 8 3 8 3 8 2 8 2 8 2 8 2 8 1 8 1 8 1 8 1 8 1 8 1 9 1 9 0 9 1 9 1 9 0 0 0 9 1 9 0 9 1 9 1 9 1 9 1 9 1 9 2 9 1 9 2 9 2 8 2 8 3 8 2 8 2 8 3 7 3 7 3 7 3 6 3 6 3 6 3 5 4 5 4 5 4 5 4 0 0 0 0 0 0 0 0 0 0 ]
CSI_DATA,AP,10:B4:1D:CC:60:E0,-39,11,1,7,1,1,1,1,0,0,1,-92,0,6,2,14210611,0,68,0,0,13.92,384,[0 0 0 0 0 0 0 0 0 0 0 0 -11 1 -11 1 -10 1 -10 1 -10 1 -10 2 -10 2 -10 2 -10 2 -9 2 -9 2 -9 3 -9 3 -9 3 -9 3 -9 3 -9 4 -8 4 -9 4 -8 4 -8 4 -8 5 -8 5 -8 5 -8 5 -9 5 0 0 -9 5 -9 5 -9 5 -9 5 -9 5 -9 5 -9 5 -9 5 -9 4 -9 4 -9 4 -9 4 -9 4 -9 3 -9 3 -9 3 -8 3 -9 2 -8 2 -8 2 -8 2 -8 1 -8 1 -8 1 -8 0 -8 0 0 0 0 0 0 0 0 0 0 0 ]
CSI_DATA,AP,10:B4:1D:CC:60:E0,-38,11,1,7,1,1,1,1,0,0,1,-92,0,6,2,14301594,0,68,0,0,14.011,384,[0 0 0 0 0 0 0 0 0 0 0 0 9 3 9 3 9 3 9 3 9 3 9 3 9 2 9 2 8 1 9 2 9 2 9 1 9 1 8 1 9 0 9 1 8 0 9 0 8 0 9 -1 8 0 8 -1 9 -1 9 0 9 -1 9 -1 0 0 9 -1 9 -1 9 -1 10 -1 9 0 10 0 10 0 9 0 9 0 9 0 9 1 8 1 8 1 8 1 8 2 8 1 7 2 7 1 7 2 7 2 7 2 6 2 6 3 5 3 5 3 5 4 0 0 0 0 0 0 0 0 0 0 ]
CSI_DATA,AP,10:B4:1D:CC:60:E0,-39,11,1,7,1,1,1,1,0,0,1,-92,0,6,2,14390624,0,68,0,0,14.1,384,[0 0 0 0 0 0 0 0 0 0 0 0 9 3 9 3 9 3 8 3 8 3 8 3 8 3 8 3 8 3 8 2 8 2 8 2 8 1 8 1 8 1 8 1 8 1 8 1 9 1 8 0 8 0 9 0 9 0 9 0 9 0 9 -1 0 0 9 0 9 0 9 0 9 0 9 0 9 1 9 1 9 1 9 1 9 1 9 1 9 2 8 2 8 2 8 2 8 2 7 3 7 2 7 3 7 3 7 3 6 3 6 3 6 3 5 4 5 4 0 0 0 0 0 0 0 0 0 0 ]
CSI_DATA,AP,10:B4:1D:CC:60:E0,-38,11,1,7,1,1,1,1,0,0,1,-92,0,6,2,14480623,0,68,0,0,14.19,384,[0 0 0 0 0 0 0 0 0 0 0 0 -2 -11 -2 -10 -2 -10 -2 -10 -2 -10 -2 -10 -2 -10 -2 -10 -3 -10 -3 -10 -3 -10 -3 -9 -3 -9 -3 -9 -4 -9 -4 -9 -4 -9 -4 -9 -4 -9 -4 -9 -4 -9 -5 -9 -5 -9 -5 -9 -5 -9 -5 -9 0 0 -5 -9 -5 -10 -5 -9 -5 -10 -5 -9 -5 -10 -4 -10 -4 -10 -4 -10 -3 -9 -3 -9 -3 -10 -3 -10 -2 -9 -2 -9 -2 -8 -2 -9 -2 -8 -1 -8 -1 -8 -1 -8 0 -8 0 -8 0 -7 0 -8 1 -7 0 0 0 0 0 0 0 0 0 0 ]
CSI_DATA,AP,10:B4:1D:CC:60:E0,-38,11,1,7,1,1,1,1,0,0,1,-92,0,6,2,14570924,0,68,0,0,14.2803,384,[0 0 0 0 0 0 0 0 0 0 0 0 -3 -11 -3 -10 -3 -11 -4 -11 -4 -11 -4 -10 -4 -10 -4 -10 -4 -9 -4 -9 -4 -9 -5 -9 -5 -9 -5 -9 -5 -9 -5 -9 -5 -8 -6 -9 -6 -8 -6 -8 -6 -8 -6 -8 -7 -8 -7 -8 -7 -8 -7 -8 0 0 -7 -8 -7 -9 -7 -9 -7 -8 -7 -9 -7 -9 -6 -9 -6 -9 -6 -9 -6 -9 -5 -9 -5 -9 -5 -9 -4 -9 -4 -9 -4 -8 -4 -9 -4 -8 -3 -8 -3 -8 -3 -8 -3 -8 -2 -8 -2 -8 -2 -7 -1 -8 0 0 0 0 0 0 0 0 0 0 ]
CSI_DATA,AP,10:B4:1D:CC:60:E0,-39,11,1,7,1,1,1,1,0,0,1,-92,0,6,2,14660738,0,68,0,0,14.3701,384,[0 0 0 0 0 0 0 0 0 0 0 0 -4 9 -4 9 -4 9 -4 9 -3 9 -3 9 -3 8 -3 8 -3 8 -3 9 -2 8 -2 8 -2 9 -2 8 -2 8 -1 8 -1 8 -1 8 -1 9 0 9 0 9 0 9 0 9 0 9 0 9 0 9 0 0 0 9 0 10 0 10 0 10 0 10 -1 10 -1 10 -1 10 -1 9 -2 9 -2 9 -2 9 -2 9 -2 9 -2 8 -2 8 -3 8 -3 8 -3 7 -3 7 -3 7 -3 7 -4 7 -4 6 -4 6 -4 5 0 0 0 0 0 0 0 0 0 0 ]
CSI_DATA,AP,10:B4:1D:CC:60:E0,-38,11,1,7,1,1,1,1,0,0,1,-92,0,6,2,14751803,0,68,0,0,14.4612,384,[0 0 0 0 0 0 0 0 0 0 0 0 -11 0 -11 0 -11 0 -11 0 -11 0 -11 0 -10 1 -11 0 -10 1 -10 1 -10 1 -10 1 -10 1 -10 2 -10 2 -10 3 -9 2 -9 2 -9 3 -9 3 -9 3 -10 3 -9 4 -9 3 -10 3 -9 4 0 0 -10 4 -9 4 -10 3 -10 4 -10 4 -10 3 -10 3 -10 3 -10 2 -10 2 -10 2 -10 2 -9 2 -9 1 -9 1 -9 1 -9 1 -9 0 -9 0 -8 0 -8 0 -8 0 -8 -1 -8 -1 -8 -2 -8 -2 0 0 0 0 0 0 0 0 0 0 ]
CSI_DATA,AP,10:B4:1D:CC:60:E0,-38,11,1,7,1,1,1,1,0,0,1,-92,0,6,2,14840592,0,68,0,0,14.55,384,[0 0 0 0 0 0 0 0 0 0 0 0 6 -9 6 -8 6 -8 6 -9 5 -9 5 -8 6 -8 6 -8 5 -8 5 -8 5 -8 4 -9 4 -9 4 -9 3 -9 3 -9 3 -9 3 -9 3 -9 3 -9 3 -9 2 -10 2 -10 2 -10 2 -10 2 -10 0 0 2 -10 2 -10 2 -10 3 -10 3 -10 3 -10 3 -10 3 -10 4 -9 3 -9 3 -9 4 -9 4 -9 4 -8 4 -8 4 -8 4 -8 4 -7 4 -7 4 -7 5 -6 4 -6 5 -6 5 -6 5 -5 5 -5 0 0 0 0 0 0 0 0 0 0 ]
CSI_DATA,AP,10:B4:1D:CC:60:E0,-39,11,1,7,1,1,1,1,0,0,1,-92,0,6,2,14930734,0,68,0,0,14.6401,384,[0 0 0 0 0 0 0 0 0 0 0 0 10 1 9 1 9 1 9 1 9 1 9 0 9 0 9 0 9 0 9 0 9 0 9 -1 9 -1 8 -1 9 -1 9 -2 8 -2 8 -2 8 -2 8 -3 8 -3 8 -3 9 -3 9 -3 9 -3 9 -3 0 0 9 -3 9 -3 9 -3 9 -3 9 -3 9 -3 9 -3 9 -3 9 -2 9 -2 9 -2 9 -2 9 -1 9 -1 9 -1 8 -1 8 -1 8 -1 8 0 8 0 8 0 7 0 7 1 7 1 7 1 6 2 0 0 0 0 0 0 0 0 0 0 ]
CSI_DATA,AP,10:B4:1D:CC:60:E0,-39,11,1,7,1,1,1,1,0,0,1,-92,0,6,2,15020563,0,68,0,0,14.7299,384,[0 0 0 0 0 0 0 0 0 0 0 0 9 2 9 2 10 2 9 2 9 2 9 2 9 2 9 1 9 1 9 1 9 1 9 0 9 0 9 0 9 0 9 -1 9 -1 9 -1 9 -1 9 -1 9 -2 9 -2 9 -2 9 -2 9 -2 9 -3 0 0 10 -2 10 -2 9 -2 10 -2 10 -2 10 -2 10 -2 10 -1 10 -1 10 -1 10 -1 9 -1 9 0 9 0 9 0 9 0 8 0 8 0 8 1 8 1 8 1 7 1 7 1 7 2 7 2 6 2 0 0 0 0 0 0 0 0 0 0 ]
CSI_DATA,AP,10:B4:1D:CC:60:E0,-38,11,1,7,1,1,1,1,0,0,1,-92,0,6,2,15110836,0,68,0,0,14.8202,384,[0 0 0 0 0 0 0 0 0 0 0 0 -6 -10 -5 -9 -5 -10 -5 -10 -6 -10 -6 -9 -6 -9 -6 -9 -6 -9 -6 -9 -6 -8 -6 -8 -6 -8 -6 -8 -7 -8 -7 -7 -7 -7 -7 -7 -7 -7 -7 -7 -7 -7 -7 -7 -8 -7 -8 -7 -8 -7 -8 -7 0 0 -8 -7 -8 -7 -8 -7 -8 -7 -8 -7 -8 -8 -8 -8 -7 -8 -7 -8 -7 -8 -7 -8 -7 -8 -6 -8 -6 -8 -6 -8 -5 -7 -5 -8 -4 -7 -5 -7 -4 -7 -4 -7 -3 -7 -3 -8 -3 -8 -3 -7 -2 -7 0 0 0 0 0 0 0 0 0 0 ]
CSI_DATA,AP,10:B4:1D:CC:60:E0,-37,11,1,7,1,1,1,1,0,0,1,-92,0,6,2,15200787,0,68,0,0,14.9102,384,[0 0 0 0 0 0 0 0 0 0 0 0 -3 10 -3 10 -2 10 -2 10 -2 10 -2 9 -2 9 -2 9 -2 9 -1 9 -1 9 -1 9 -1 8 0 8 0 9 0 9 0 8 0 8 1 9 1 9 1 9 1 9 1 9 1 9 1 9 1 9 0 0 1 9 1 9 1 9 1 9 1 9 1 9 0 9 0 9 0 9 0 9 0 8 0 8 -1 9 -1 8 -1 8 -1 7 -1 8 -2 7 -2 7 -2 6 -2 6 -2 6 -2 6 -3 6 -3 6 -3 5 0 0 0 0 0 0 0 0 0 0 ]
CSI_DATA,AP,10:B4:1D:CC:60:E0,-36,11,1,7,1,1,1,1,0,0,1,-92,0,6,2,15290677,0,68,0,0,15,384,[0 0 0 0 0 0 0 0 0 0 0 0 5 9 5 8 5 9 5 8 5 8 5 8 5 8 5 8 5 7 5 7 5 7 5 7 6 7 6 6 6 6 6 6 6 6 6 6 6 6 7 6 7 6 6 6 7 5 7 5 7 5 7 5 0 0 7 6 7 6 7 5 7 5 7 6 7 6 7 6 6 6 6 6 6 6 6 6 6 6 6 6 5 6 5 6 4 6 4 6 4 6 4 6 4 6 3 6 3 6 3 6 2 6 2 6 2 6 0 0 0 0 0 0 0 0 0 0 ]
CSI_DATA,AP,10:B4:1D:CC:60:E0,-36,11,1,7,1,1,1,1,0,0,1,-92,0,6,2,15380689,0,68,0,0,15.0901,384,[0 0 0 0 0 0 0 0 0 0 0 0 -8 -8 -8 -7 -8 -8 -8 -8 -8 -7 -8 -7 -8 -7 -8 -7 -8 -7 -8 -6 -8 -6 -8 -6 -8 -6 -9 -5 -9 -5 -8 -5 -9 -5 -9 -4 -9 -5 -9 -5 -9 -4 -9 -5 -9 -4 -9 -4 -9 -4 -9 -4 0 0 -10 -4 -9 -4 -10 -4 -9 -4 -10 -5 -9 -5 -9 -5 -9 -5 -9 -5 -8 -5 -9 -5 -8 -5 -8 -6 -8 -6 -7 -6 -7 -6 -7 -6 -7 -5 -6 -6 -6 -6 -6 -6 -5 -6 -5 -6 -4 -6 -5 -6 -4 -6 0 0 0 0 0 0 0 0 0 0 ]
CSI_DATA,AP,10:B4:1D:CC:60:E0,-36,11,1,7,1,1,1,1,0,0,1,-92,0,6,2,15470681,0,68,0,0,15.1801,384,[0 0 0 0 0 0 0 0 0 0 0 0 2 10 2 10 3 10 3 9 2 9 3 9 2 9 3 9 3 9 3 9 3 8 3 8 4 8 4 8 4 8 4 8 4 8 5 7 5 8 5 8 5 7 5 8 5 7 5 7 5 7 5 7 0 0 5 8 6 8 5 8 5 8 5 8 5 8 5 8 5 8 5 8 4 8 4 8 4 8 3 8 3 8 3 8 3 7 2 8 2 7 2 7 2 7 1 7 1 7 1 7 0 7 0 6 0 6 0 0 0 0 0 0 0 0 0 0 ]
CSI_DATA,AP,10:B4:1D:CC:60:E0,-35,11,1,7,1,1,1,1,0,0,1,-92,0,6,2,15560556,0,68,0,0,15.2699,384,[0 0 0 0 0 0 0 0 0 0 0 0 10 4 10 4 10 4 9 4 10 4 9 3 9 3 9 4 9 3 9 2 9 2 9 2 9 2 9 2 9 2 9 1 9 1 9 1 10 0 9 1 9 1 10 0 10 0 10 0 10 0 10 0 0 0 10 0 10 0 10 0 10 0 10 0 10 1 10 1 10 1 10 1 10 2 9 1 9 2 9 2 9 2 8 2 8 2 8 3 8 2 7 3 7 3 7 3 6 3 6 3 6 3 6 3 5 4 0 0 0 0 0 0 0 0 0 0 ]
CSI_DATA,AP,10:B4:1D:CC:60:E0,-35,11,1,7,1,1,1,1,0,0,1,-92,0,6,2,15650726,0,68,0,0,15.3601,384,[0 0 0 0 0 0 0 0 0 0 0 0 7 -8 7 -8 7 -9 6 -8 6 -8 6 -8 6 -8 6 -9 6 -8 5 -9 5 -8 5 -9 5 -9 4 -9 4 -9 4 -9 4 -9 4 -9 3 -9 4 -9 3 -9 3 -10 3 -9 3 -10 3 -10 3 -10 0 0 3 -10 3 -10 3 -10 4 -10 3 -10 4 -10 4 -10 4 -10 5 -10 4 -10 4 -9 4 -9 4 -9 4 -8 5 -8 5 -8 5 -7 5 -7 5 -7 5 -6 5 -6 5 -6 5 -6 5 -6 5 -5 5 -4 0 0 0 0 0 0 0 0 0 0 ]
CSI_DATA,AP,10:B4:1D:CC:60:E0,-34,11,1,7,1,1,1,1,0,0,1,-92,0,6,2,15740794,0,68,0,0,15.4502,384,[0 0 0 0 0 0 0 0 0 0 0 0 -11 5 -11 5 -10 5 -10 5 -10 5 -10 5 -10 5 -10 6 -10 5 -9 6 -9 6 -9 6 -9 6 -8 7 -8 7 -8 7 -8 7 -8 7 -7 7 -7 7 -7 7 -7 8 -7 8 -7 8 -7 8 -7 8 0 0 -8 9 -7 9 -7 8 -8 9 -8 8 -8 8 -8 8 -8 8 -8 7 -8 7 -8 7 -8 7 -8 7 -8 6 -8 6 -8 5 -8 5 -8 5 -8 4 -8 4 -8 4 -8 4 -8 3 -8 3 -8 3 -8 2 0 0 0 0 0 0 0 0 0 0 ]
CSI_DATA,AP,10:B4:1D:CC:60:E0,-31,11,1,7,0,1,1,1,0,0,1,-92,0,6,2,15831678,0,68,0,0,15.541,256,[0 0 0 0 0 0 0 0 0 0 0 0 6 -13 6 -13 6 -13 6 -12 6 -13 5 -13 5 -13 5 -13 4 -13 4 -13 4 -13 4 -12 3 -12 3 -13 2 -13 2 -12 2 -13 1 -13 1 -13 1 -13 1 -13 1 -13 1 -13 1 -14 1 -13 1 -14 0 0 0 -14 1 -14 1 -14 1 -14 1 -14 1 -14 1 -14 2 -14 2 -14 2 -13 2 -13 3 -13 3 -13 3 -12 3 -12 3 -12 3 -11 3 -11 4 -11 3 -10 4 -10 4 -10 4 -9 5 -9 5 -8 5 -8 0 0 0 0 0 0 0 0 0 0 ]
CSI_DATA,AP,10:B4:1D:CC:60:E0,-34,11,1,7,1,1,1,1,0,0,1,-92,0,6,2,15920735,0,68,0,0,15.6301,384,[0 0 0 0 0 0 0 0 0 0 0 0 -9 -7 -9 -7 -9 -7 -9 -7 -9 -7 -9 -6 -9 -6 -9 -6 -9 -6 -9 -6 -9 -5 -9 -5 -9 -5 -9 -5 -9 -4 -10 -4 -9 -4 -10 -4 -10 -4 -10 -4 -10 -4 -10 -4 -10 -3 -11 -3 -10 -3 -11 -3 0 0 -11 -3 -11 -3 -11 -4 -11 -4 -11 -4 -11 -4 -11 -4 -10 -4 -10 -4 -10 -5 -10 -4 -10 -5 -9 -5 -9 -5 -9 -5 -8 -5 -8 -5 -8 -5 -8 -5 -7 -5 -7 -5 -6 -6 -6 -6 -6 -6 -6 -6 -5 -6 0 0 0 0 0 0 0 0 0 0 ]
CSI_DATA,AP,10:B4:1D:CC:60:E0,-33,11,1,7,1,1,1,1,0,0,1,-92,0,6,2,16010665,0,68,0,0,15.72,384,[0 0 0 0 0 0 0 0 0 0 0 0 10 -3 10 -3 10 -3 10 -4 10 -4 10 -4 10 -4 9 -4 9 -4 9 -4 9 -5 9 -5 9 -5 8 -5 8 -6 8 -6 8 -6 8 -6 8 -6 8 -6 8 -6 8 -6 8 -7 8 -7 8 -7 8 -7 0 0 8 -7 8 -7 8 -7 9 -7 8 -7 9 -7 9 -7 9 -6 9 -6 9 -6 9 -6 9 -5 9 -5 8 -5 8 -4 9 -4 8 -4 8 -3 8 -4 8 -3 8 -3 7 -3 7 -2 7 -2 7 -1 7 -1 0 0 0 0 0 0 0 0 0 0 ]
CSI_DATA,AP,10:B4:1D:CC:60:E0,-33,11,1,7,1,1,1,1,0,0,1,-92,0,6,2,16100772,0,68,0,0,15.8101,384,[0 0 0 0 0 0 0 0 0 0 0 0 -10 -6 -10 -6 -10 -5 -10 -5 -10 -5 -10 -5 -10 -5 -10 -4 -10 -4 -10 -4 -10 -4 -10 -4 -10 -4 -10 -3 -10 -3 -10 -3 -10 -2 -10 -2 -10 -2 -10 -2 -10 -2 -10 -2 -11 -2 -11 -2 -11 -1 -11 -1 0 0 -11 -1 -11 -2 -12 -2 -11 -1 -11 -2 -11 -2 -11 -3 -11 -2 -11 -3 -11 -3 -10 -3 -10 -3 -10 -3 -10 -3 -9 -3 -9 -4 -9 -4 -9 -4 -8 -4 -8 -4 -8 -4 -8 -4 -7 -5 -7 -5 -7 -5 -6 -5 0 0 0 0 0 0 0 0 0 0 ]
CSI_DATA,AP,10:B4:1D:CC:60:E0,-32,11,1,7,1,1,1,1,0,0,1,-92,0,6,2,16190647,0,68,0,0,15.9,384,[0 0 0 0 0 0 0 0 0 0 0 0 -4 10 -4 10 -4 11 -3 10 -4 10 -3 10 -4 10 -4 10 -3 10 -3 10 -3 10 -3 10 -2 10 -2 10 -2 10 -1 10 -1 9 -1 10 -1 10 -1 10 -1 10 -1 10 -1 10 0 10 0 10 0 10 0 0 -1 10 0 11 0 11 -1 11 -1 11 -1 11 -2 11 -2 11 -2 10 -2 10 -2 10 -2 10 -3 9 -3 9 -3 9 -3 8 -4 8 -3 8 -4 7 -4 7 -4 7 -4 7 -5 7 -4 6 -5 6 -5 5 0 0 0 0 0 0 0 0 0 0 ]
CSI_DATA,AP,10:B4:1D:CC:60:E0,-32,11,1,7,1,1,1,1,0,0,1,-92,0,6,2,16280672,0,68,0,0,15.99,384,[0 0 0 0 0 0 0 0 0 0 0 0 -11 4 -11 4 -10 4 -10 4 -10 4 -10 4 -10 4 -10 4 -10 4 -9 5 -9 5 -9 5 -9 5 -8 5 -9 5 -9 5 -9 6 -8 6 -8 6 -8 6 -8 6 -8 6 -8 6 -8 7 -8 7 -8 7 0 0 -9 7 -8 7 -8 7 -9 7 -9 6 -9 6 -9 6 -9 6 -9 5 -9 5 -9 5 -9 5 -9 4 -9 4 -9 3 -9 3 -8 3 -8 3 -8 2 -8 2 -8 2 -8 1 -8 1 -8 1 -8 1 -8 0 0 0 0 0 0 0 0 0 0 0 ]
CSI_DATA,AP,10:B4:1D:CC:60:E0,-32,11,1,7,1,1,1,1,0,0,1,-92,0,6,2,16371162,0,68,0,0,16.0805,384,[0 0 0 0 0 0 0 0 0 0 0 0 9 4 9 4 9 4 9 4 9 3 9 3 9 3 9 3 9 3 9 2 9 2 9 2 9 1 9 1 9 1 9 1 9 0 9 0 9 0 9 0 9 0 9 0 9 -1 10 -1 10 -1 10 -1 0 0 10 -1 10 0 10 0 10 0 10 0 10 0 10 0 10 0 10 0 10 1 10 0 9 1 9 1 9 1 8 2 8 2 8 2 8 2 7 2 7 2 7 2 6 3 6 3 6 3 6 3 5 3 0 0 0 0 0 0 0 0 0 0 ]

