--- Warning: GDB cannot open serial ports accessed as COMx
--- Using \\.\COM5 instead...
--- esp-idf-monitor 1.9.0 on \\.\COM5 115200
--- Quit: Ctrl+] | Menu: Ctrl+T | Help: Ctrl+T followed by Ctrl+H
Executing action: monitor
Running idf_monitor in directory C:\ESP32-CSI-Tool\active_ap
Executing "C:\Espressif\python_env\idf5.5_py3.11_env\Scripts\python.exe C:\Espressif\frameworks\esp-idf-v5.5.4-3\tools/idf_monitor.py -p COM5 -b 115200 --toolchain-prefix xtensa-esp32s3-elf- --target esp32s3 --revision 0 C:\ESP32-CSI-Tool\active_ap\build\active-ap.elf C:\ESP32-CSI-Tool\active_ap\build\bootloader\bootloader.elf --force-color -m 'C:\Espressif\python_env\idf5.5_py3.11_env\Scripts\python.exe' 'C:\Espressif\frameworks\esp-idf-v5.5.4-3\tools\idf.py' '-p' 'COM5'"...
5 6 -5 6 -5 5 -5 5 -5 5 -6 4 0 0 0 0 0 0 0 0 0 0 ]
ESP-ROM:esp32s3-20210327
Build:Mar 27 2021
rst:0x1 (POWERON),boot:0x8 (SPI_FAST_FLASH_BOOT)
SPIWP:0xee
mode:DIO, clock div:1
load:0x3fce2820,len:0x14f0
load:0x403c8700,len:0xd24
--- 0x403c8700: _stext at ??:?
load:0x403cb700,len:0x2ef0
entry 0x403c8924
--- 0x403c8924: call_start_cpu0 at C:/Espressif/frameworks/esp-idf-v5.5.4-3/components/bootloader/subproject/main/bootloader_start.c:27
I (24) boot: ESP-IDF v5.5.4 2nd stage bootloader
I (25) boot: compile time Jun 25 2026 19:04:14
I (25) boot: Multicore bootloader
I (25) boot: chip revision: v0.2
I (28) boot: efuse block revision: v1.3
I (31) boot.esp32s3: Boot SPI Speed : 80MHz
I (35) boot.esp32s3: SPI Mode       : DIO
I (39) boot.esp32s3: SPI Flash Size : 2MB
I (43) boot: Enabling RNG early entropy source...
I (47) boot: Partition Table:
I (50) boot: ## Label            Usage          Type ST Offset   Length
I (56) boot:  0 nvs              WiFi data        01 02 00009000 00006000
I (63) boot:  1 phy_init         RF data          01 01 0000f000 00001000
I (69) boot:  2 factory          factory app      00 00 00010000 00100000
I (76) boot: End of partition table
I (79) esp_image: segment 0: paddr=00010020 vaddr=3c0c0020 size=1e414h (123924) map
I (108) esp_image: segment 1: paddr=0002e43c vaddr=3fc9a400 size=01bdch (  7132) load
I (110) esp_image: segment 2: paddr=00030020 vaddr=42000020 size=b082ch (722988) map
I (239) esp_image: segment 3: paddr=000e0854 vaddr=3fc9bfdc size=03320h ( 13088) load
I (242) esp_image: segment 4: paddr=000e3b7c vaddr=40374000 size=1631ch ( 90908) load
I (263) esp_image: segment 5: paddr=000f9ea0 vaddr=50000000 size=00020h (    32) load
I (272) boot: Loaded app from partition at offset 0x10000
I (272) boot: Disabling RNG early entropy source...
I (282) cpu_start: Multicore app
I (291) cpu_start: GPIO 44 and 43 are used as console UART I/O pins
I (292) cpu_start: Pro cpu start user code
I (292) cpu_start: cpu freq: 160000000 Hz
I (293) app_init: Application information:
I (297) app_init: Project name:     active-ap
I (301) app_init: App version:      cce5b1a-dirty
I (305) app_init: Compile time:     Jul  2 2026 19:28:44
I (311) app_init: ELF file SHA256:  509764614...
I (315) app_init: ESP-IDF:          v5.5.4
I (319) efuse_init: Min chip rev:     v0.0
I (322) efuse_init: Max chip rev:     v0.99 
I (326) efuse_init: Chip rev:         v0.2
I (330) heap_init: Initializing. RAM available for dynamic allocation:
I (337) heap_init: At 3FCA4190 len 00045580 (277 KiB): RAM
I (342) heap_init: At 3FCE9710 len 00005724 (21 KiB): RAM
I (347) heap_init: At 3FCF0000 len 00008000 (32 KiB): DRAM
I (352) heap_init: At 600FE000 len 00001FE8 (7 KiB): RTCRAM
I (359) spi_flash: detected chip: generic
I (361) spi_flash: flash io: dio
W (364) spi_flash: Detected size(16384k) larger than the size in the binary image header(2048k). Using the size in the binary image header.
I (377) sleep_gpio: Configure to isolate all GPIO pins in sleep state
I (383) sleep_gpio: Enable automatic switching of GPIO sleep configuration
I (390) main_task: Started on CPU0
I (410) main_task: Calling app_main()








-----------------------
ESP32 CSI Tool Settings
-----------------------
PROJECT_NAME: ACTIVE_AP
CONFIG_ESPTOOLPY_MONITOR_BAUD: 115200
CONFIG_ESP_CONSOLE_UART_BAUDRATE: 115200
IDF_VER: v5.5.4
-----------------------
WIFI_CHANNEL: 6
ESP_WIFI_SSID: testopen
ESP_WIFI_PASSWORD: 
SHOULD_COLLECT_CSI: 1
SHOULD_COLLECT_ONLY_LLTF: 1
SEND_CSI_TO_SERIAL: 1
SEND_CSI_TO_SD: 0
-----------------------








I (460) pp: pp rom version: e7ae62f
I (460) net80211: net80211 rom version: e7ae62f
I (470) wifi:wifi driver task: 3fca9000, prio:23, stack:6656, core=0
I (470) wifi:wifi firmware version: 0947e8b
I (470) wifi:wifi certification version: v7.0
I (470) wifi:config NVS flash: enabled
I (470) wifi:config nano formatting: disabled
I (480) wifi:Init data frame dynamic rx buffer num: 32
I (480) wifi:Init static rx mgmt buffer num: 5
I (490) wifi:Init management short buffer num: 32
I (490) wifi:Init dynamic tx buffer num: 32
I (500) wifi:Init static tx FG buffer num: 2
I (500) wifi:Init static rx buffer size: 2212
I (500) wifi:Init static rx buffer num: 10
I (510) wifi:Init dynamic rx buffer num: 32
I (510) wifi_init: rx ba win: 6
I (510) wifi_init: accept mbox: 6
I (520) wifi_init: tcpip mbox: 32
I (520) wifi_init: udp mbox: 6
I (520) wifi_init: tcp mbox: 6
I (530) wifi_init: tcp tx win: 5760
I (530) wifi_init: tcp rx win: 5760
I (530) wifi_init: tcp mss: 1440
I (540) wifi_init: WiFi IRAM OP enabled
I (540) wifi_init: WiFi RX IRAM OP enabled
W (550) wifi:Affected by the ESP-NOW encrypt num, set the max connection num to 10
I (550) phy_init: phy_version 711,97bcf0a2,Aug 25 2025,19:04:10
I (610) wifi:mode : softAP (10:b4:1d:cc:60:ad)
I (610) wifi:Total power save buffer number: 16
I (610) wifi:Init max length of beacon: 752/752
I (610) wifi:Init max length of beacon: 752/752
I (620) wifi:Set ps type: 0, coexist: 0
I (620) esp_netif_lwip: DHCP server started on interface WIFI_AP_DEF with IP: 192.168.4.1

I (630) Active CSI collection (AP): softap_init finished. SSID:testopen password:
type,role,mac,rssi,rate,sig_mode,mcs,bandwidth,smoothing,not_sounding,aggregation,stbc,fec_coding,sgi,noise_floor,ampdu_cnt,channel,secondary_channel,local_timestamp,ant,sig_len,rx_state,real_time_set,real_timestamp,len,CSI_DATA
I (650) main_task: Returned from app_main()
CSI_DATA,AP,10:B4:1D:CC:60:E0,-25,11,1,2,1,1,1,1,0,0,0,-96,0,6,2,656740,0,68,0,0,0.367636,384,[0 0 0 0 0 0 0 0 0 0 0 0 -8 8 -7 8 -7 9 -7 8 -7 8 -7 8 -7 8 -7 8 -6 8 -6 8 -6 8 -5 8 -5 8 -5 8 -4 8 -4 9 -4 8 -4 9 -4 9 -3 9 -4 9 -3 9 -3 9 -3 9 -3 9 -3 9 0 0 -3 10 -3 10 -3 10 -3 10 -3 10 -3 10 -3 10 -4 9 -4 9 -4 9 -4 9 -4 9 -4 8 -4 8 -4 8 -4 7 -5 7 -5 7 -5 7 -5 6 -5 6 -5 6 -5 6 -5 5 -5 5 -6 4 0 0 0 0 0 0 0 0 0 0 ]
I (700) wifi:removing station <10:b4:1d:cc:60:e0> after unsuccessful auth/assoc, AID = 0
W (700) wifi:rm mis
I (700) wifi:new:<6,0>, old:<6,2>, ap:<6,2>, sta:<255,255>, prof:6, snd_ch_cfg:0x0
I (710) wifi:new:<6,2>, old:<6,0>, ap:<6,2>, sta:<255,255>, prof:6, snd_ch_cfg:0x0
I (3100) wifi:new:<6,2>, old:<6,2>, ap:<6,2>, sta:<255,255>, prof:6, snd_ch_cfg:0x0
I (3100) wifi:station: 10:b4:1d:cc:60:e0 join, AID=1, bgn, 40D
I (3110) Active CSI collection (AP): station join, AID=1
CSI_DATA,AP,00:00:00:00:00:00,-20,11,0,0,0,0,0,0,0,0,0,-95,0,6,2,3106369,0,14,0,0,2.8158,128,[0 0 0 0 0 0 0 0 0 0 0 0 12 8 12 8 12 8 12 7 12 7 12 7 12 6 12 6 12 6 12 5 12 4 12 4 12 4 12 4 12 3 12 3 12 3 13 2 13 2 13 2 13 2 13 2 13 1 13 1 13 1 14 1 0 0 14 1 14 1 14 1 14 1 14 1 14 2 14 2 14 2 14 2 13 2 13 2 13 2 13 3 12 3 12 3 12 4 11 4 11 4 10 4 10 4 10 4 9 5 9 5 8 5 8 5 7 6 0 0 0 0 0 0 0 0 0 0 ]
CSI_DATA,AP,10:B4:1D:CC:60:E0,-20,11,0,0,0,0,0,0,0,0,0,-95,0,6,2,3130159,0,374,0,0,2.85474,128,[0 0 0 0 0 0 0 0 0 0 0 0 -15 -4 -15 -4 -15 -4 -15 -4 -15 -3 -14 -3 -14 -3 -14 -3 -14 -2 -14 -2 -14 -2 -14 -2 -14 -1 -14 -1 -14 -1 -14 0 -13 0 -14 0 -13 1 -14 1 -14 1 -14 1 -14 1 -14 2 -14 2 -14 2 0 0 -14 2 -15 2 -14 2 -15 1 -15 1 -15 1 -15 1 -15 0 -14 0 -15 0 -14 0 -14 -1 -14 -1 -13 -1 -13 -2 -13 -2 -13 -2 -12 -3 -11 -3 -11 -3 -11 -4 -11 -4 -10 -4 -10 -4 -9 -5 -9 -5 0 0 0 0 0 0 0 0 0 0 ]
CSI_DATA,AP,00:00:00:00:00:00,-20,11,0,0,0,0,0,0,0,0,0,-95,0,6,2,3194399,0,14,0,0,2.90383,128,[0 0 0 0 0 0 0 0 0 0 0 0 4 14 4 14 4 13 4 14 4 13 4 13 4 12 5 12 5 12 5 11 5 11 5 11 6 11 6 11 6 11 6 10 7 10 7 10 7 10 8 10 8 10 8 10 8 10 8 10 8 10 9 10 0 0 9 10 9 10 9 10 9 10 8 11 8 11 8 11 8 11 8 11 7 11 7 11 6 11 6 11 6 11 5 10 5 11 4 10 4 10 4 10 3 10 3 10 2 10 2 9 1 9 1 9 0 9 0 0 0 0 0 0 0 0 0 0 ]
CSI_DATA,AP,10:B4:1D:CC:60:E0,-20,11,0,0,0,0,0,0,0,0,0,-95,0,6,2,3195936,0,374,0,0,2.93194,128,[0 0 0 0 0 0 0 0 0 0 0 0 14 3 14 3 14 3 14 3 14 2 13 2 13 2 13 2 13 1 13 1 13 1 13 0 13 0 13 0 13 0 13 -1 12 -1 13 -1 12 -2 13 -2 13 -2 13 -2 13 -3 13 -3 13 -3 13 -3 0 0 13 -3 14 -3 13 -3 14 -3 14 -2 14 -2 14 -2 14 -1 14 -1 14 -1 13 -1 13 0 13 0 12 0 12 0 11 1 12 1 11 2 11 2 10 2 10 2 10 3 10 3 9 3 8 4 8 4 0 0 0 0 0 0 0 0 0 0 ]
I (3260) esp_netif_lwip: DHCP server assigned IP to a client, IP is: 192.168.4.2
CSI_DATA,AP,00:00:00:00:00:00,-21,11,0,0,0,0,0,0,0,0,0,-95,0,6,2,3264728,0,14,0,0,2.97419,128,[0 0 0 0 0 0 0 0 0 0 0 0 6 -14 5 -14 5 -14 5 -14 4 -14 4 -14 4 -14 4 -14 3 -14 3 -13 3 -14 3 -14 2 -14 2 -13 1 -13 1 -14 1 -13 1 -14 0 -14 0 -14 0 -14 -1 -14 -1 -14 -1 -14 -1 -14 -1 -14 0 0 -1 -15 -1 -15 -1 -14 -1 -15 -1 -15 0 -15 0 -15 0 -15 0 -15 1 -15 1 -14 2 -14 2 -13 2 -13 2 -13 2 -12 3 -12 3 -12 3 -11 3 -11 3 -11 4 -10 4 -10 4 -9 5 -9 5 -8 0 0 0 0 0 0 0 0 0 0 ]
CSI_DATA,AP,10:B4:1D:CC:60:E0,-21,11,0,0,0,0,0,0,0,0,0,-95,0,6,2,3265518,0,66,0,0,3.01638,128,[0 0 0 0 0 0 0 0 0 0 0 0 -9 -13 -9 -12 -9 -13 -9 -12 -9 -12 -9 -11 -9 -11 -10 -11 -10 -11 -10 -10 -10 -10 -10 -9 -10 -10 -11 -9 -11 -9 -11 -9 -11 -8 -11 -8 -11 -8 -12 -8 -12 -8 -12 -8 -12 -8 -12 -7 -13 -7 -13 -7 0 0 -13 -7 -13 -8 -13 -8 -13 -8 -12 -8 -13 -8 -12 -9 -12 -9 -12 -9 -12 -9 -11 -9 -11 -9 -10 -9 -10 -9 -9 -10 -9 -9 -9 -9 -8 -9 -8 -9 -7 -9 -7 -9 -6 -10 -6 -9 -6 -9 -5 -9 -4 -9 0 0 0 0 0 0 0 0 0 0 ]
CSI_DATA,AP,10:B4:1D:CC:60:E0,-21,11,0,0,0,0,0,0,0,0,0,-95,0,6,2,3765185,0,66,0,0,3.47469,128,[0 0 0 0 0 0 0 0 0 0 0 0 3 14 3 13 3 13 3 13 4 13 4 12 4 12 4 12 4 12 4 12 5 11 5 11 5 11 5 11 5 11 6 11 6 10 6 10 6 10 7 10 7 10 7 10 8 10 8 10 8 10 8 10 0 0 8 10 8 10 8 10 8 11 8 10 8 11 8 11 7 11 7 11 7 11 6 11 6 11 5 10 5 10 5 10 4 10 4 10 3 10 3 10 3 10 2 10 2 10 2 9 1 9 1 9 0 9 0 0 0 0 0 0 0 0 0 0 ]
CSI_DATA,AP,10:B4:1D:CC:60:E0,-21,11,0,0,0,0,0,0,0,0,0,-95,0,6,2,3974771,0,66,0,0,3.68427,128,[0 0 0 0 0 0 0 0 0 0 0 0 -11 10 -11 11 -10 11 -10 11 -10 10 -10 10 -9 10 -9 11 -9 11 -8 10 -8 11 -8 11 -8 11 -7 11 -7 11 -7 11 -7 11 -6 11 -6 12 -6 12 -6 12 -6 12 -5 12 -5 12 -5 13 -5 13 0 0 -5 13 -5 13 -6 13 -6 13 -6 13 -6 13 -6 13 -7 12 -7 12 -7 12 -7 11 -7 11 -8 11 -8 10 -8 10 -8 9 -8 9 -8 8 -8 8 -8 8 -8 7 -8 7 -8 6 -8 6 -8 5 -9 5 0 0 0 0 0 0 0 0 0 0 ]
CSI_DATA,AP,10:B4:1D:CC:60:E0,-20,11,0,0,0,0,0,0,0,0,0,-95,0,6,2,4671103,0,66,0,0,4.38061,128,[0 0 0 0 0 0 0 0 0 0 0 0 -10 12 -10 11 -10 12 -9 11 -9 12 -9 11 -9 11 -8 11 -8 11 -7 12 -7 12 -7 11 -7 12 -6 12 -6 12 -6 12 -5 12 -5 12 -5 12 -5 12 -4 12 -4 13 -4 13 -4 13 -4 13 -4 13 0 0 -4 13 -4 14 -4 13 -4 14 -4 13 -5 13 -5 13 -5 13 -5 13 -5 13 -5 13 -6 12 -6 11 -6 11 -6 11 -6 10 -6 10 -6 9 -6 9 -7 9 -7 8 -7 8 -7 8 -7 7 -7 6 -7 6 0 0 0 0 0 0 0 0 0 0 ]
CSI_DATA,AP,00:00:00:00:00:00,-22,9,0,0,0,0,0,0,0,0,0,-95,0,6,2,4703060,0,14,0,0,4.4125,128,[0 0 0 0 0 0 0 0 0 0 0 0 5 14 5 14 5 13 5 13 5 13 5 13 6 12 6 12 6 12 6 12 6 12 6 11 7 11 7 11 7 10 7 10 8 10 8 10 8 10 8 10 9 9 9 9 9 10 9 9 9 9 9 9 0 0 9 10 10 10 9 10 9 10 9 10 9 10 9 10 8 11 8 11 8 11 7 11 7 10 6 10 6 10 6 10 5 10 5 10 4 10 4 10 4 10 3 10 3 9 2 9 2 9 1 9 1 9 0 0 0 0 0 0 0 0 0 0 ]
CSI_DATA,AP,00:00:00:00:00:00,-20,11,0,0,0,0,0,0,0,0,0,-95,0,6,2,4703226,0,14,0,0,4.44511,128,[0 0 0 0 0 0 0 0 0 0 0 0 -16 -5 -16 -4 -16 -4 -15 -4 -15 -3 -15 -3 -15 -3 -15 -3 -15 -2 -15 -2 -14 -2 -14 -2 -14 -1 -14 -1 -14 -1 -14 0 -14 0 -14 1 -14 1 -14 1 -14 1 -14 2 -14 2 -14 2 -14 2 -15 2 0 0 -15 2 -15 2 -14 2 -15 2 -15 2 -15 1 -15 1 -15 1 -15 1 -15 0 -14 0 -14 -1 -14 -1 -13 -1 -13 -1 -13 -2 -13 -2 -12 -2 -12 -2 -12 -3 -11 -3 -11 -3 -11 -4 -10 -4 -10 -4 -9 -5 0 0 0 0 0 0 0 0 0 0 ]
CSI_DATA,AP,10:B4:1D:CC:60:E0,-20,11,0,0,0,0,0,0,0,0,0,-95,0,6,2,4703998,0,37,0,0,4.48717,128,[0 0 0 0 0 0 0 0 0 0 0 0 -15 5 -15 5 -15 5 -14 5 -15 5 -14 5 -14 5 -14 5 -13 6 -13 6 -13 6 -13 6 -12 6 -12 7 -12 7 -12 7 -11 7 -12 8 -11 8 -11 8 -11 8 -11 8 -11 9 -11 9 -11 9 -11 9 0 0 -11 9 -11 10 -11 9 -12 9 -11 9 -12 9 -12 8 -12 8 -12 8 -12 8 -12 7 -12 7 -12 6 -11 6 -12 6 -11 5 -12 5 -11 4 -11 4 -11 3 -11 3 -11 3 -11 2 -11 2 -10 1 -10 1 0 0 0 0 0 0 0 0 0 0 ]
CSI_DATA,AP,10:B4:1D:CC:60:E0,-26,11,1,7,1,1,1,0,0,0,1,-95,0,6,2,4704261,0,68,0,0,4.52704,384,[0 0 0 0 0 0 0 0 0 0 0 0 7 8 7 8 7 8 7 7 7 7 7 7 7 7 7 6 7 6 7 6 7 6 8 5 8 5 8 5 8 5 8 4 8 4 8 4 8 4 8 4 8 4 8 4 9 4 9 3 9 3 9 3 0 0 9 4 9 3 9 4 9 4 9 4 9 4 9 4 9 4 8 4 8 5 8 4 8 5 8 5 7 5 7 5 7 5 6 5 6 5 6 5 5 5 5 5 5 5 4 5 4 5 4 5 3 5 0 0 0 0 0 0 0 0 0 0 ]
CSI_DATA,AP,10:B4:1D:CC:60:E0,-20,11,0,0,0,0,0,0,0,0,0,-95,0,6,2,4704916,0,37,0,0,4.55774,128,[0 0 0 0 0 0 0 0 0 0 0 0 2 -16 2 -16 2 -16 2 -16 2 -15 1 -15 1 -15 1 -15 0 -15 0 -14 0 -14 -1 -14 -1 -14 -1 -15 -1 -14 -2 -14 -2 -14 -2 -14 -2 -14 -3 -14 -3 -14 -3 -14 -3 -14 -4 -14 -4 -14 -4 -14 0 0 -4 -15 -4 -15 -4 -15 -4 -15 -3 -15 -3 -15 -3 -15 -2 -15 -2 -15 -2 -15 -2 -14 -1 -14 -1 -14 -1 -14 0 -13 0 -13 0 -13 0 -12 1 -12 1 -12 2 -11 2 -11 2 -11 2 -10 3 -10 3 -9 0 0 0 0 0 0 0 0 0 0 ]
CSI_DATA,AP,10:B4:1D:CC:60:E0,-26,11,1,7,1,1,1,0,0,0,1,-95,0,6,2,4770401,0,68,0,0,4.59996,384,[0 0 0 0 0 0 0 0 0 0 0 0 -2 -12 -2 -12 -2 -12 -2 -11 -2 -11 -2 -11 -2 -11 -2 -11 -3 -11 -3 -10 -3 -10 -3 -10 -3 -10 -4 -10 -4 -10 -4 -10 -4 -9 -4 -9 -5 -10 -5 -10 -5 -9 -5 -9 -5 -9 -5 -9 -6 -9 -6 -9 0 0 -5 -10 -6 -10 -6 -10 -5 -10 -6 -10 -5 -10 -5 -10 -5 -10 -5 -10 -4 -10 -4 -10 -4 -10 -3 -10 -3 -10 -3 -9 -3 -9 -2 -9 -2 -9 -2 -9 -1 -8 -1 -9 -1 -9 -1 -8 0 -8 0 -8 1 -7 0 0 0 0 0 0 0 0 0 0 ]
CSI_DATA,AP,10:B4:1D:CC:60:E0,-26,11,1,7,1,1,1,0,0,0,1,-95,0,6,2,4860278,0,68,0,0,4.64221,384,[0 0 0 0 0 0 0 0 0 0 0 0 3 -11 3 -11 3 -11 3 -11 2 -11 2 -11 2 -11 2 -11 2 -10 1 -11 1 -10 1 -10 0 -10 0 -11 0 -11 0 -10 0 -10 -1 -10 -1 -10 -1 -10 -1 -10 -2 -10 -2 -10 -2 -11 -2 -11 -2 -11 0 0 -2 -11 -2 -11 -2 -11 -1 -11 -2 -11 -2 -11 -1 -11 -1 -11 -1 -11 0 -11 0 -10 0 -11 0 -10 0 -10 1 -9 1 -9 1 -9 1 -9 1 -9 1 -8 2 -8 2 -8 2 -8 2 -7 3 -7 3 -6 0 0 0 0 0 0 0 0 0 0 ]
CSI_DATA,AP,10:B4:1D:CC:60:E0,-26,11,1,7,1,1,1,0,0,0,1,-95,0,6,2,4950525,0,68,0,0,4.68422,384,[0 0 0 0 0 0 0 0 0 0 0 0 -6 9 -6 9 -6 9 -6 9 -6 9 -5 9 -5 9 -5 9 -5 9 -4 9 -4 9 -4 9 -4 9 -4 9 -3 9 -3 9 -3 9 -3 9 -2 9 -2 9 -2 9 -2 9 -2 9 -2 9 -2 10 -2 10 0 0 -2 10 -2 10 -2 10 -2 10 -2 10 -2 10 -2 10 -3 10 -3 9 -3 10 -3 9 -3 9 -3 9 -4 8 -4 8 -4 8 -4 8 -4 7 -4 7 -4 6 -4 6 -5 6 -5 6 -5 5 -5 5 -5 4 0 0 0 0 0 0 0 0 0 0 ]
CSI_DATA,AP,10:B4:1D:CC:60:E0,-20,11,0,0,0,0,0,0,0,0,0,-95,0,6,2,4974754,0,66,0,0,4.71913,128,[0 0 0 0 0 0 0 0 0 0 0 0 13 7 13 7 12 6 13 6 12 6 12 6 12 5 12 5 12 5 12 4 12 4 12 4 12 3 12 3 12 3 12 3 12 2 12 2 12 2 12 1 13 1 12 1 13 0 13 0 13 0 13 0 0 0 13 0 13 0 13 1 13 1 13 1 13 1 13 1 13 2 13 2 13 2 13 2 12 2 12 3 12 3 11 3 11 3 10 3 10 4 10 4 9 4 9 4 9 4 8 4 8 5 7 5 7 5 0 0 0 0 0 0 0 0 0 0 ]
CSI_DATA,AP,00:00:00:00:00:00,-21,11,0,0,0,0,0,0,0,0,0,-95,0,6,2,5009801,0,14,0,0,4.75444,128,[0 0 0 0 0 0 0 0 0 0 0 0 -15 -1 -15 0 -15 0 -15 0 -15 0 -15 0 -14 0 -14 1 -14 1 -13 2 -14 2 -13 2 -13 2 -13 2 -13 3 -13 3 -13 3 -13 4 -13 4 -13 4 -13 4 -13 5 -12 5 -13 5 -13 5 -13 6 0 0 -13 5 -13 5 -13 5 -13 5 -13 5 -13 5 -13 4 -13 4 -13 4 -13 4 -13 3 -13 3 -13 3 -13 2 -12 2 -12 2 -12 1 -12 1 -11 1 -11 0 -11 0 -11 0 -10 -1 -10 -1 -10 -2 -9 -2 0 0 0 0 0 0 0 0 0 0 ]
CSI_DATA,AP,10:B4:1D:CC:60:E0,-26,11,1,7,1,1,1,1,0,0,1,-95,0,6,2,5040413,0,68,0,0,4.79348,384,[0 0 0 0 0 0 0 0 0 0 0 0 -3 10 -3 11 -3 10 -3 11 -3 10 -3 10 -3 10 -2 10 -2 10 -1 10 -1 10 -1 10 0 9 0 10 -1 10 0 9 0 10 0 9 1 10 1 9 1 10 1 10 1 9 2 9 2 10 2 10 0 0 2 10 2 10 2 10 2 10 1 10 1 10 1 10 1 10 0 10 0 9 0 9 0 10 0 9 -1 9 -1 9 -1 9 -1 8 -1 8 -2 8 -2 7 -2 7 -2 7 -2 7 -3 7 -3 6 -4 6 0 0 0 0 0 0 0 0 0 0 ]
I (5120) wifi:<ba-add>idx:2 (ifx:1, 10:b4:1d:cc:60:e0), tid:0, ssn:0, winSize:64
CSI_DATA,AP,10:B4:1D:CC:60:E0,-27,11,1,7,1,1,1,1,0,0,1,-95,0,6,2,5130777,0,68,0,0,4.84021,384,[0 0 0 0 0 0 0 0 0 0 0 0 -10 6 -10 6 -9 6 -9 6 -9 6 -9 6 -9 6 -9 6 -8 6 -8 6 -8 6 -8 6 -8 7 -7 7 -7 7 -7 7 -7 7 -7 7 -6 8 -6 7 -6 7 -6 8 -6 8 -6 8 -6 8 -6 8 0 0 -6 8 -6 8 -6 8 -6 8 -7 8 -7 8 -7 8 -7 8 -7 7 -7 7 -7 7 -7 7 -7 6 -7 6 -7 5 -7 5 -7 5 -7 5 -7 4 -7 4 -7 4 -7 3 -7 3 -7 2 -7 2 -7 1 0 0 0 0 0 0 0 0 0 0 ]
CSI_DATA,AP,10:B4:1D:CC:60:E0,-27,11,1,7,1,1,1,1,0,0,1,-95,0,6,2,5220299,0,68,0,0,4.92971,384,[0 0 0 0 0 0 0 0 0 0 0 0 -9 -8 -9 -8 -9 -7 -9 -7 -9 -7 -9 -7 -9 -7 -9 -6 -9 -6 -9 -6 -9 -6 -9 -5 -9 -5 -10 -5 -10 -5 -10 -5 -10 -4 -10 -4 -10 -4 -10 -4 -10 -4 -10 -4 -10 -3 -11 -3 -10 -3 -11 -3 0 0 -11 -3 -11 -3 -11 -3 -11 -3 -11 -3 -11 -4 -11 -4 -10 -4 -10 -4 -10 -4 -10 -4 -10 -4 -9 -5 -9 -5 -9 -5 -8 -5 -8 -5 -8 -5 -8 -5 -7 -5 -7 -5 -6 -5 -6 -5 -6 -6 -5 -6 -5 -6 0 0 0 0 0 0 0 0 0 0 ]
CSI_DATA,AP,10:B4:1D:CC:60:E0,-27,11,1,7,1,1,1,1,0,0,1,-95,0,6,2,5310634,0,68,0,0,5.02006,384,[0 0 0 0 0 0 0 0 0 0 0 0 3 10 3 10 3 10 3 10 3 10 3 9 3 10 3 9 3 9 3 9 4 9 4 8 4 8 4 8 4 8 4 8 4 8 5 8 5 8 5 8 5 8 5 8 5 8 6 8 6 8 6 7 0 0 5 8 6 8 6 8 6 8 5 8 5 8 5 9 5 9 4 9 4 9 4 8 4 8 3 8 3 8 3 8 2 8 2 8 2 7 1 7 1 7 1 7 0 7 0 7 0 7 -1 7 -1 6 0 0 0 0 0 0 0 0 0 0 ]
CSI_DATA,AP,10:B4:1D:CC:60:E0,-27,11,1,7,1,1,1,1,0,0,1,-95,0,6,2,5400308,0,68,0,0,5.10973,384,[0 0 0 0 0 0 0 0 0 0 0 0 -11 3 -11 3 -11 4 -11 3 -11 4 -10 3 -10 4 -10 4 -10 4 -9 4 -9 4 -9 5 -9 5 -9 5 -9 5 -8 5 -8 5 -8 6 -8 6 -8 6 -8 6 -8 6 -8 6 -8 6 -8 7 -8 7 0 0 -8 7 -8 7 -8 7 -8 7 -8 7 -8 7 -8 6 -8 6 -8 6 -9 5 -8 6 -9 5 -8 5 -8 4 -8 4 -8 4 -8 4 -8 3 -8 3 -8 3 -8 2 -8 2 -8 2 -8 1 -8 1 -7 0 0 0 0 0 0 0 0 0 0 0 ]
CSI_DATA,AP,10:B4:1D:CC:60:E0,-27,11,1,7,1,1,1,1,0,0,1,-95,0,6,2,5490511,0,68,0,0,5.19995,384,[0 0 0 0 0 0 0 0 0 0 0 0 -10 -7 -9 -7 -10 -7 -9 -6 -9 -6 -9 -6 -9 -6 -9 -6 -9 -5 -9 -5 -9 -5 -9 -5 -9 -4 -10 -4 -9 -4 -10 -4 -10 -3 -10 -3 -10 -3 -10 -3 -10 -3 -10 -3 -10 -3 -10 -2 -10 -2 -10 -2 0 0 -11 -3 -11 -3 -10 -3 -11 -3 -11 -3 -10 -3 -10 -3 -11 -4 -10 -4 -10 -4 -10 -4 -9 -4 -9 -4 -9 -4 -9 -4 -8 -5 -8 -5 -8 -5 -7 -5 -7 -5 -7 -5 -6 -5 -6 -5 -6 -5 -5 -5 -5 -6 0 0 0 0 0 0 0 0 0 0 ]
CSI_DATA,AP,10:B4:1D:CC:60:E0,-27,11,1,7,1,1,1,1,0,0,1,-95,0,6,2,5580320,0,68,0,0,5.28974,384,[0 0 0 0 0 0 0 0 0 0 0 0 -8 8 -8 8 -7 8 -7 8 -7 8 -7 8 -7 8 -7 8 -6 8 -6 8 -6 8 -5 8 -5 8 -5 8 -5 8 -5 8 -4 8 -4 8 -4 9 -4 9 -4 9 -4 9 -3 9 -3 9 -3 9 -3 9 0 0 -3 10 -3 9 -3 9 -4 9 -3 9 -4 10 -4 9 -4 9 -5 9 -5 8 -4 8 -5 8 -5 8 -5 8 -5 7 -5 7 -5 7 -5 6 -5 6 -5 6 -5 5 -6 5 -6 5 -6 4 -6 4 -6 3 0 0 0 0 0 0 0 0 0 0 ]
CSI_DATA,AP,10:B4:1D:CC:60:E0,-27,11,1,7,1,1,1,1,0,0,1,-95,0,6,2,5670346,0,68,0,0,5.37977,384,[0 0 0 0 0 0 0 0 0 0 0 0 -5 10 -5 9 -5 9 -5 9 -4 9 -4 9 -4 9 -4 9 -4 9 -4 9 -3 9 -3 9 -3 9 -3 9 -2 9 -2 9 -2 9 -2 9 -2 9 -1 9 -1 9 -1 9 -1 9 -1 9 -1 9 -1 9 0 0 -1 9 -1 9 -1 10 -1 9 -1 10 -2 10 -2 9 -2 9 -2 9 -2 9 -2 9 -3 9 -3 8 -3 8 -3 8 -3 8 -3 8 -4 7 -4 7 -4 6 -4 6 -4 6 -4 6 -4 5 -5 5 -5 4 0 0 0 0 0 0 0 0 0 0 ]
CSI_DATA,AP,10:B4:1D:CC:60:E0,-26,11,1,7,1,1,1,1,0,0,1,-95,0,6,2,5760383,0,68,0,0,5.4698,384,[0 0 0 0 0 0 0 0 0 0 0 0 -6 9 -6 9 -5 9 -5 9 -5 9 -5 9 -5 9 -5 9 -5 9 -4 9 -4 9 -4 9 -3 9 -3 9 -3 9 -3 9 -2 9 -2 9 -2 9 -2 9 -2 9 -2 9 -2 9 -1 9 -1 9 -1 9 0 0 -1 9 -1 10 -1 9 -1 10 -1 10 -2 10 -2 10 -2 10 -2 9 -3 9 -3 9 -3 9 -3 9 -3 8 -3 8 -3 7 -4 8 -4 7 -4 7 -4 6 -4 6 -4 6 -4 6 -5 5 -5 5 -5 4 0 0 0 0 0 0 0 0 0 0 ]
CSI_DATA,AP,10:B4:1D:CC:60:E0,-26,11,1,7,1,1,1,1,0,0,1,-95,0,6,2,5850794,0,68,0,0,5.56021,384,[0 0 0 0 0 0 0 0 0 0 0 0 8 -8 8 -8 8 -8 8 -7 7 -8 7 -8 7 -8 7 -8 7 -8 6 -8 6 -8 6 -8 5 -8 5 -8 5 -8 5 -8 5 -9 4 -9 4 -9 4 -9 4 -9 4 -9 4 -9 4 -9 4 -9 4 -10 0 0 4 -9 4 -10 4 -9 4 -10 5 -10 5 -9 5 -9 5 -9 5 -9 5 -8 5 -8 5 -8 5 -8 5 -7 5 -7 5 -7 5 -7 5 -6 5 -6 5 -5 5 -5 6 -5 6 -5 5 -4 6 -4 5 -3 0 0 0 0 0 0 0 0 0 0 ]
CSI_DATA,AP,10:B4:1D:CC:60:E0,-26,11,1,7,1,1,1,1,0,0,1,-95,0,6,2,5940396,0,68,0,0,5.64981,384,[0 0 0 0 0 0 0 0 0 0 0 0 -8 -9 -8 -8 -8 -8 -8 -8 -8 -8 -8 -8 -8 -7 -8 -7 -8 -7 -8 -7 -8 -6 -8 -6 -8 -6 -8 -6 -9 -6 -9 -5 -9 -5 -9 -5 -9 -5 -9 -5 -9 -5 -9 -5 -9 -5 -10 -4 -9 -4 -9 -4 0 0 -10 -4 -10 -5 -10 -5 -10 -5 -10 -5 -10 -5 -9 -5 -9 -5 -9 -5 -9 -5 -9 -5 -8 -6 -8 -6 -8 -6 -7 -6 -7 -6 -7 -6 -6 -6 -6 -6 -6 -6 -6 -6 -5 -6 -5 -6 -4 -6 -4 -6 -4 -6 0 0 0 0 0 0 0 0 0 0 ]
CSI_DATA,AP,10:B4:1D:CC:60:E0,-21,11,0,0,0,0,0,0,0,0,0,-95,0,6,2,5975122,0,66,0,0,5.68462,128,[0 0 0 0 0 0 0 0 0 0 0 0 11 -12 11 -11 11 -12 10 -12 10 -11 10 -11 9 -11 9 -12 9 -11 8 -12 8 -12 7 -12 7 -12 7 -12 7 -12 6 -12 6 -12 6 -12 6 -12 5 -13 5 -13 5 -13 5 -13 4 -13 5 -14 5 -14 0 0 5 -14 5 -14 5 -14 5 -14 5 -13 6 -14 6 -13 6 -13 6 -13 6 -13 6 -12 6 -12 7 -11 6 -11 7 -10 7 -10 7 -10 7 -9 7 -9 7 -8 7 -8 7 -8 7 -7 7 -7 7 -6 7 -5 0 0 0 0 0 0 0 0 0 0 ]
CSI_DATA,AP,10:B4:1D:CC:60:E0,-26,11,1,7,1,1,1,1,0,0,1,-95,0,6,2,6030335,0,68,0,0,5.73974,384,[0 0 0 0 0 0 0 0 0 0 0 0 5 -10 5 -10 4 -10 4 -10 4 -10 4 -10 4 -10 4 -10 3 -10 3 -10 3 -10 2 -10 2 -10 2 -9 2 -10 2 -10 1 -10 1 -9 1 -10 1 -10 1 -10 1 -10 1 -10 0 -10 0 -10 0 -10 0 0 0 -10 0 -10 0 -10 0 -10 0 -10 1 -10 1 -10 1 -10 1 -10 1 -10 1 -10 1 -10 2 -9 2 -9 2 -8 2 -9 2 -8 2 -8 3 -7 3 -7 3 -7 3 -7 3 -6 3 -6 3 -6 4 -5 0 0 0 0 0 0 0 0 0 0 ]
CSI_DATA,AP,10:B4:1D:CC:60:E0,-26,11,1,7,1,1,1,1,0,0,1,-95,0,6,2,6120382,0,68,0,0,5.82981,384,[0 0 0 0 0 0 0 0 0 0 0 0 -11 4 -11 4 -10 4 -10 4 -10 4 -10 4 -10 4 -10 4 -9 4 -9 4 -9 4 -9 5 -9 5 -8 5 -8 5 -8 5 -8 5 -7 6 -8 6 -7 6 -7 6 -7 6 -7 6 -7 7 -7 7 -7 7 0 0 -7 7 -7 7 -7 7 -7 7 -7 7 -8 7 -8 6 -8 6 -8 6 -8 6 -8 6 -8 6 -8 5 -8 5 -8 4 -7 4 -8 4 -7 4 -7 3 -7 3 -7 3 -7 3 -7 2 -7 2 -7 1 -7 1 0 0 0 0 0 0 0 0 0 0 ]
CSI_DATA,AP,10:B4:1D:CC:60:E0,-26,11,1,7,1,1,1,1,0,0,1,-95,0,6,2,6210315,0,68,0,0,5.91974,384,[0 0 0 0 0 0 0 0 0 0 0 0 -11 3 -12 3 -11 3 -11 3 -11 3 -11 3 -10 3 -10 3 -10 3 -9 4 -10 4 -9 4 -9 4 -9 4 -9 5 -9 4 -9 5 -8 5 -9 5 -9 5 -8 5 -8 5 -8 6 -8 6 -8 6 -8 6 0 0 -9 6 -8 6 -8 6 -8 6 -9 6 -9 6 -9 5 -9 5 -9 5 -9 5 -9 5 -9 4 -9 4 -9 4 -9 3 -9 3 -8 3 -8 2 -8 2 -8 2 -8 2 -8 1 -8 1 -7 1 -7 0 -7 0 0 0 0 0 0 0 0 0 0 0 ]
CSI_DATA,AP,10:B4:1D:CC:60:E0,-25,11,1,7,1,1,1,1,0,0,1,-95,0,6,2,6300295,0,68,0,0,6.00972,384,[0 0 0 0 0 0 0 0 0 0 0 0 -1 11 -1 10 0 11 0 10 0 10 0 10 0 10 0 10 0 10 1 10 1 9 1 9 1 9 2 9 2 9 2 9 2 9 2 9 3 9 3 9 3 9 3 9 3 9 4 9 4 9 3 8 0 0 3 9 4 9 3 9 3 9 3 9 3 9 3 9 3 9 3 9 2 9 2 9 2 9 2 9 1 9 1 8 1 8 1 8 1 8 0 7 0 7 0 7 -1 7 -1 7 -1 7 -1 6 -2 6 0 0 0 0 0 0 0 0 0 0 ]
CSI_DATA,AP,10:B4:1D:CC:60:E0,-25,11,1,7,1,1,1,1,0,0,1,-95,0,6,2,6390264,0,68,0,0,6.09969,384,[0 0 0 0 0 0 0 0 0 0 0 0 4 9 4 9 4 9 4 9 4 9 4 9 4 9 4 9 4 8 4 8 4 8 5 8 5 7 5 7 5 7 5 7 5 7 5 7 6 7 6 7 6 7 6 6 6 6 7 6 6 6 7 6 0 0 6 7 7 7 6 7 7 7 6 7 6 7 6 7 6 7 6 7 5 7 5 7 5 7 4 7 4 7 4 7 4 7 3 7 3 7 3 7 2 7 2 7 2 7 1 6 1 7 1 6 0 6 0 0 0 0 0 0 0 0 0 0 ]
CSI_DATA,AP,10:B4:1D:CC:60:E0,-25,11,1,7,1,1,1,1,0,0,1,-95,0,6,2,6480288,0,68,0,0,6.18972,384,[0 0 0 0 0 0 0 0 0 0 0 0 9 -6 9 -6 9 -6 8 -6 8 -6 8 -6 8 -6 8 -6 7 -7 7 -7 7 -7 7 -7 7 -7 6 -7 6 -7 6 -8 6 -8 5 -8 5 -8 5 -8 5 -8 5 -8 5 -8 5 -9 5 -9 5 -9 0 0 5 -9 5 -9 5 -9 5 -9 5 -9 5 -9 6 -9 6 -8 6 -8 6 -8 6 -8 6 -7 6 -7 6 -7 6 -6 6 -6 6 -6 6 -6 6 -5 6 -5 6 -5 6 -4 6 -4 6 -4 6 -3 6 -3 0 0 0 0 0 0 0 0 0 0 ]
CSI_DATA,AP,10:B4:1D:CC:60:E0,-25,11,1,7,1,1,1,1,0,0,1,-95,0,6,2,6570493,0,68,0,0,6.27991,384,[0 0 0 0 0 0 0 0 0 0 0 0 7 -10 7 -9 6 -10 6 -9 6 -9 6 -9 6 -9 6 -9 5 -9 5 -9 4 -9 5 -9 4 -9 4 -10 4 -9 4 -10 4 -10 3 -9 3 -10 3 -10 3 -10 2 -10 3 -10 2 -10 2 -10 2 -10 0 0 2 -10 3 -10 2 -10 3 -10 3 -10 3 -10 3 -10 3 -10 3 -10 4 -9 4 -9 4 -9 4 -9 4 -9 4 -8 4 -8 4 -8 4 -7 4 -7 4 -7 5 -6 5 -6 5 -6 5 -5 5 -5 5 -4 0 0 0 0 0 0 0 0 0 0 ]
CSI_DATA,AP,10:B4:1D:CC:60:E0,-23,11,1,7,0,1,1,1,0,0,1,-95,0,6,2,6663546,0,68,0,0,6.37298,256,[0 0 0 0 0 0 0 0 0 0 0 0 1 -16 0 -16 0 -16 0 -16 0 -15 0 -15 -1 -15 -1 -15 -1 -15 -1 -15 -2 -14 -2 -14 -2 -14 -3 -14 -3 -14 -3 -14 -3 -14 -4 -14 -4 -14 -4 -14 -5 -14 -5 -14 -5 -13 -5 -13 -5 -14 -5 -14 0 0 -6 -14 -5 -14 -5 -14 -5 -14 -5 -14 -5 -14 -5 -14 -5 -14 -4 -14 -4 -14 -3 -14 -3 -14 -3 -14 -2 -14 -2 -13 -2 -13 -1 -13 -1 -12 -1 -12 0 -12 0 -12 0 -11 1 -11 1 -11 1 -10 2 -10 0 0 0 0 0 0 0 0 0 0 ]
CSI_DATA,AP,10:B4:1D:CC:60:E0,-26,11,1,7,1,1,1,1,0,0,1,-95,0,6,2,6750288,0,68,0,0,6.4597,384,[0 0 0 0 0 0 0 0 0 0 0 0 -1 11 -1 10 -1 10 -1 10 -1 10 -1 10 -1 10 -1 10 -1 10 0 10 0 9 0 9 1 9 1 9 1 9 1 9 1 9 2 9 2 9 2 9 2 9 2 9 2 9 3 9 3 9 3 9 0 0 2 9 2 9 2 10 2 9 2 10 2 10 2 10 1 10 1 10 1 9 1 9 1 9 0 9 0 9 0 9 -1 8 -1 8 -1 8 -1 7 -2 7 -2 7 -2 7 -2 7 -2 6 -3 6 -3 6 0 0 0 0 0 0 0 0 0 0 ]
CSI_DATA,AP,10:B4:1D:CC:60:E0,-27,11,1,7,1,1,1,1,0,0,1,-95,0,6,2,6840343,0,68,0,0,6.54976,384,[0 0 0 0 0 0 0 0 0 0 0 0 3 -11 3 -11 2 -11 3 -11 2 -11 2 -11 2 -11 2 -11 1 -10 1 -11 1 -11 1 -10 1 -10 0 -10 0 -10 0 -10 0 -10 -1 -10 -1 -10 -1 -11 -1 -10 -1 -10 -1 -11 -2 -11 -2 -11 -2 -11 0 0 -2 -11 -2 -11 -2 -11 -2 -11 -2 -11 -1 -11 -1 -11 -1 -11 -1 -11 0 -11 0 -11 0 -10 1 -10 1 -10 0 -10 1 -9 1 -9 1 -9 1 -8 2 -8 2 -8 2 -8 2 -8 3 -7 3 -7 3 -6 0 0 0 0 0 0 0 0 0 0 ]
CSI_DATA,AP,10:B4:1D:CC:60:E0,-25,11,1,7,1,1,1,1,0,0,1,-95,0,6,2,6930289,0,68,0,0,6.63971,384,[0 0 0 0 0 0 0 0 0 0 0 0 -3 -12 -3 -12 -3 -12 -3 -11 -3 -11 -3 -11 -3 -11 -3 -11 -4 -10 -4 -10 -4 -10 -4 -10 -5 -10 -5 -9 -5 -9 -5 -9 -5 -9 -5 -9 -6 -9 -6 -9 -6 -9 -6 -9 -6 -8 -7 -9 -7 -9 -7 -8 0 0 -7 -8 -7 -9 -7 -9 -7 -9 -7 -9 -7 -9 -6 -9 -6 -9 -6 -9 -6 -9 -5 -9 -5 -9 -5 -9 -5 -9 -4 -9 -4 -8 -4 -9 -4 -8 -3 -8 -3 -8 -2 -8 -2 -8 -2 -8 -2 -8 -2 -7 -1 -7 0 0 0 0 0 0 0 0 0 0 ]
CSI_DATA,AP,10:B4:1D:CC:60:E0,-19,11,0,0,0,0,0,0,0,0,0,-95,0,6,2,6974814,0,66,0,0,6.68431,128,[0 0 0 0 0 0 0 0 0 0 0 0 -9 -14 -9 -14 -9 -14 -9 -13 -9 -13 -9 -12 -9 -13 -9 -12 -10 -12 -10 -12 -10 -11 -10 -11 -10 -11 -10 -10 -10 -10 -11 -10 -10 -9 -11 -10 -11 -9 -11 -9 -11 -9 -11 -8 -12 -9 -12 -9 -12 -9 -12 -8 0 0 -12 -9 -13 -8 -12 -8 -12 -9 -12 -9 -12 -9 -12 -9 -11 -10 -11 -9 -11 -9 -10 -10 -10 -10 -9 -10 -9 -9 -9 -9 -8 -9 -8 -10 -8 -9 -7 -9 -7 -9 -6 -9 -6 -9 -5 -9 -5 -9 -4 -9 -4 -9 0 0 0 0 0 0 0 0 0 0 ]
CSI_DATA,AP,10:B4:1D:CC:60:E0,-26,11,1,7,1,1,1,1,0,0,1,-95,0,6,2,7020308,0,68,0,0,6.72971,384,[0 0 0 0 0 0 0 0 0 0 0 0 7 8 7 9 7 8 7 8 7 8 7 8 7 8 7 7 7 7 7 7 7 7 7 6 7 6 8 6 8 6 8 5 8 5 8 5 8 5 8 5 8 4 8 4 8 4 9 4 9 4 9 4 0 0 9 4 9 4 10 4 9 4 9 4 9 5 9 5 9 5 9 5 8 5 8 5 8 5 8 5 7 5 7 5 7 5 6 5 6 5 6 5 5 5 5 5 5 5 4 5 4 5 4 5 3 5 0 0 0 0 0 0 0 0 0 0 ]
CSI_DATA,AP,10:B4:1D:CC:60:E0,-31,11,1,7,1,1,1,1,0,0,1,-95,0,6,2,7110361,0,68,0,0,6.81978,384,[0 0 0 0 0 0 0 0 0 0 0 0 -11 -4 -11 -3 -11 -3 -11 -3 -11 -3 -11 -3 -11 -3 -11 -3 -10 -3 -10 -2 -11 -2 -10 -2 -10 -1 -10 -1 -10 -1 -10 -1 -10 -1 -10 0 -10 0 -10 0 -10 0 -10 0 -10 0 -10 0 -10 1 -11 1 0 0 -11 0 -11 0 -11 0 -11 0 -11 0 -11 0 -11 -1 -10 -1 -11 -1 -10 -1 -10 -1 -10 -1 -10 -1 -9 -2 -9 -2 -9 -2 -9 -2 -9 -2 -8 -3 -8 -3 -8 -3 -7 -3 -7 -3 -7 -3 -7 -4 -6 -4 0 0 0 0 0 0 0 0 0 0 ]
CSI_DATA,AP,10:B4:1D:CC:60:E0,-27,11,1,7,1,1,1,1,0,0,1,-95,0,6,2,7201536,0,68,0,0,6.91096,384,[0 0 0 0 0 0 0 0 0 0 0 0 -9 7 -9 7 -8 6 -8 6 -8 7 -8 7 -8 7 -8 7 -7 7 -7 7 -7 7 -7 7 -7 7 -6 7 -6 7 -6 7 -6 7 -5 7 -5 8 -5 8 -5 8 -5 8 -5 8 -5 8 -5 8 -5 8 0 0 -5 8 -5 8 -5 8 -5 8 -5 9 -5 8 -5 8 -5 8 -6 8 -6 7 -6 7 -6 7 -6 7 -6 7 -6 6 -6 6 -6 6 -6 5 -6 5 -6 5 -6 4 -6 4 -6 4 -6 3 -6 3 -6 3 0 0 0 0 0 0 0 0 0 0 ]
CSI_DATA,AP,10:B4:1D:CC:60:E0,-25,11,1,7,1,1,1,1,0,0,1,-95,0,6,2,7290309,0,68,0,0,6.99973,384,[0 0 0 0 0 0 0 0 0 0 0 0 6 -9 6 -9 6 -9 6 -9 6 -9 5 -9 5 -9 5 -9 5 -9 4 -9 4 -9 4 -9 4 -9 3 -9 3 -9 3 -9 3 -9 2 -9 3 -9 2 -9 2 -9 2 -10 2 -9 2 -10 2 -10 2 -10 0 0 2 -10 2 -10 2 -10 2 -10 2 -10 2 -10 2 -10 3 -10 3 -9 3 -9 3 -9 3 -9 3 -9 3 -8 3 -8 4 -8 4 -8 4 -7 4 -7 4 -6 4 -6 4 -6 4 -6 4 -6 4 -5 5 -5 0 0 0 0 0 0 0 0 0 0 ]
CSI_DATA,AP,10:B4:1D:CC:60:E0,-25,11,1,7,1,1,1,1,0,0,1,-95,0,6,2,7380231,0,68,0,0,7.08965,384,[0 0 0 0 0 0 0 0 0 0 0 0 -1 -12 -1 -11 -1 -12 -1 -11 -1 -11 -1 -11 -1 -11 -1 -11 -2 -10 -2 -10 -2 -10 -2 -10 -2 -10 -2 -10 -3 -10 -3 -10 -3 -9 -3 -10 -3 -9 -4 -9 -4 -9 -4 -9 -4 -9 -4 -10 -4 -9 -4 -9 0 0 -4 -9 -4 -10 -4 -9 -4 -10 -4 -10 -4 -10 -3 -10 -3 -10 -3 -10 -3 -10 -3 -10 -2 -10 -2 -9 -2 -9 -2 -9 -1 -9 -1 -9 -1 -8 -1 -8 0 -8 0 -8 0 -8 1 -8 1 -7 1 -7 1 -7 0 0 0 0 0 0 0 0 0 0 ]
CSI_DATA,AP,10:B4:1D:CC:60:E0,-25,11,1,7,1,1,1,1,0,0,1,-95,0,6,2,7470168,0,68,0,0,7.17959,384,[0 0 0 0 0 0 0 0 0 0 0 0 -12 -1 -12 -1 -11 -1 -11 -1 -11 -1 -11 0 -11 0 -11 0 -11 0 -10 0 -10 1 -10 1 -10 1 -10 1 -10 1 -10 2 -10 2 -9 2 -10 2 -10 2 -9 2 -9 2 -9 3 -10 3 -10 3 -9 3 0 0 -10 3 -10 3 -10 3 -10 3 -10 3 -10 2 -10 2 -10 2 -10 2 -10 1 -10 1 -9 1 -9 1 -9 1 -9 0 -9 0 -8 0 -8 0 -8 -1 -8 -1 -8 -1 -8 -1 -7 -1 -7 -2 -7 -2 -7 -2 0 0 0 0 0 0 0 0 0 0 ]
CSI_DATA,AP,10:B4:1D:CC:60:E0,-26,11,1,7,1,1,1,1,0,0,1,-95,0,6,2,7560554,0,68,0,0,7.26997,384,[0 0 0 0 0 0 0 0 0 0 0 0 -10 6 -9 6 -9 7 -9 6 -9 6 -8 6 -9 6 -8 6 -8 7 -8 7 -8 6 -7 7 -7 7 -7 7 -7 7 -7 7 -6 7 -6 7 -6 7 -6 7 -6 7 -6 8 -6 8 -6 8 -6 8 -6 8 0 0 -6 8 -6 8 -6 8 -6 8 -6 8 -6 8 -6 8 -6 7 -6 8 -7 7 -7 7 -7 7 -7 6 -7 6 -7 6 -7 5 -7 5 -7 5 -7 4 -7 4 -7 4 -7 4 -7 3 -7 3 -7 2 -7 2 0 0 0 0 0 0 0 0 0 0 ]
CSI_DATA,AP,10:B4:1D:CC:60:E0,-26,11,1,7,1,1,1,1,0,0,1,-95,0,6,2,7650206,0,68,0,0,7.35963,384,[0 0 0 0 0 0 0 0 0 0 0 0 3 10 3 10 3 10 3 10 3 9 3 9 3 9 3 9 3 9 4 9 4 8 4 8 4 8 4 8 5 8 5 8 5 7 5 7 5 7 5 7 5 7 6 7 6 7 6 7 6 7 6 7 0 0 6 7 6 7 6 7 6 7 6 7 6 7 6 8 5 8 5 8 5 7 5 7 4 8 4 8 4 8 4 7 3 7 3 7 3 7 2 7 2 7 2 7 1 7 1 7 1 6 1 6 0 6 0 0 0 0 0 0 0 0 0 0 ]
CSI_DATA,AP,10:B4:1D:CC:60:E0,-27,11,1,7,1,1,1,1,0,0,1,-95,0,6,2,7740457,0,68,0,0,7.44988,384,[0 0 0 0 0 0 0 0 0 0 0 0 -12 -3 -11 -2 -12 -2 -11 -2 -11 -2 -11 -2 -11 -2 -11 -2 -11 -1 -10 -1 -11 -1 -11 -1 -10 0 -10 0 -10 0 -10 0 -10 0 -10 1 -10 1 -10 1 -10 1 -10 1 -10 1 -10 2 -10 1 -10 2 0 0 -10 1 -10 1 -10 1 -11 1 -10 1 -10 1 -11 1 -10 0 -10 0 -10 0 -10 0 -10 0 -10 0 -9 -1 -9 -1 -9 -1 -9 -1 -9 -1 -8 -2 -8 -2 -8 -2 -8 -2 -7 -3 -7 -3 -7 -3 -6 -3 0 0 0 0 0 0 0 0 0 0 ]
CSI_DATA,AP,10:B4:1D:CC:60:E0,-27,11,1,7,1,1,1,1,0,0,1,-95,0,6,2,7830286,0,68,0,0,7.53971,384,[0 0 0 0 0 0 0 0 0 0 0 0 -12 -2 -11 -2 -11 -1 -11 -2 -11 -1 -11 -1 -11 -1 -11 -1 -11 -1 -11 0 -10 0 -10 0 -10 0 -10 0 -10 1 -10 1 -10 1 -10 1 -10 1 -10 2 -10 2 -10 2 -10 2 -10 2 -10 2 -10 2 0 0 -10 2 -10 2 -10 2 -10 2 -10 2 -10 2 -10 2 -10 2 -10 1 -10 1 -10 1 -10 1 -9 0 -9 0 -9 0 -9 0 -9 0 -8 0 -8 -1 -8 -1 -8 -1 -8 -1 -7 -2 -7 -2 -7 -2 -7 -3 0 0 0 0 0 0 0 0 0 0 ]
CSI_DATA,AP,10:B4:1D:CC:60:E0,-27,11,1,7,1,1,1,1,0,0,1,-95,0,6,2,7920400,0,68,0,0,7.62982,384,[0 0 0 0 0 0 0 0 0 0 0 0 -11 3 -11 3 -11 3 -11 3 -10 3 -10 3 -10 3 -10 3 -10 4 -10 4 -9 4 -9 4 -9 4 -9 4 -8 5 -9 5 -8 5 -8 5 -8 5 -8 5 -8 5 -8 5 -8 6 -7 6 -8 6 -8 6 0 0 -8 6 -8 6 -8 6 -8 6 -8 6 -8 6 -8 5 -9 5 -8 5 -9 5 -8 5 -8 4 -8 4 -8 4 -8 4 -8 3 -8 3 -8 3 -8 2 -7 2 -8 2 -7 2 -8 1 -7 1 -7 0 -7 0 0 0 0 0 0 0 0 0 0 0 ]
CSI_DATA,AP,10:B4:1D:CC:60:E0,-27,11,1,7,1,1,1,1,0,0,1,-95,0,6,2,8010312,0,68,0,0,7.71973,384,[0 0 0 0 0 0 0 0 0 0 0 0 -4 10 -4 10 -4 10 -4 10 -4 10 -4 9 -3 9 -3 9 -3 9 -3 9 -2 9 -2 9 -2 9 -2 9 -2 9 -1 9 -1 9 -1 9 0 9 -1 9 0 9 0 9 0 9 0 9 0 9 0 9 0 0 0 9 0 9 0 9 0 9 0 10 0 10 0 9 -1 9 -1 9 -1 9 -1 9 -1 9 -1 9 -1 9 -2 8 -2 8 -2 8 -2 7 -2 7 -2 7 -3 6 -3 6 -3 6 -3 6 -3 6 -4 5 0 0 0 0 0 0 0 0 0 0 ]
CSI_DATA,AP,10:B4:1D:CC:60:E0,-27,11,1,7,1,1,1,1,0,0,1,-95,0,6,2,8100442,0,68,0,0,7.80986,384,[0 0 0 0 0 0 0 0 0 0 0 0 -3 10 -3 10 -3 10 -3 10 -3 10 -3 10 -3 10 -3 9 -2 9 -2 9 -1 9 -1 9 -1 9 -1 9 -1 9 0 9 0 9 0 9 0 9 0 9 0 9 0 9 1 9 1 9 1 9 1 9 0 0 1 9 1 9 1 9 1 9 1 9 0 9 0 9 0 9 0 9 0 9 0 9 0 8 -1 8 -1 8 -1 8 -1 8 -1 8 -2 7 -2 7 -2 7 -2 7 -3 6 -3 6 -3 6 -3 6 -4 5 0 0 0 0 0 0 0 0 0 0 ]
CSI_DATA,AP,10:B4:1D:CC:60:E0,-27,11,1,7,1,1,1,1,0,0,1,-95,0,6,2,8190246,0,68,0,0,7.89966,384,[0 0 0 0 0 0 0 0 0 0 0 0 -12 -2 -12 -2 -12 -2 -11 -2 -11 -2 -11 -2 -11 -2 -11 -1 -11 -1 -10 -1 -11 -1 -10 -1 -10 0 -10 0 -10 0 -10 0 -10 0 -10 1 -10 1 -10 1 -10 1 -10 1 -10 1 -10 2 -10 2 -10 2 0 0 -10 1 -10 1 -10 1 -10 1 -11 1 -11 1 -10 1 -10 1 -10 0 -10 0 -10 0 -10 0 -10 -1 -9 -1 -9 -1 -9 -1 -9 -1 -9 -2 -8 -2 -8 -2 -8 -2 -8 -3 -7 -3 -7 -3 -7 -3 -7 -3 0 0 0 0 0 0 0 0 0 0 ]
CSI_DATA,AP,10:B4:1D:CC:60:E0,-27,11,1,7,1,1,1,1,0,0,1,-95,0,6,2,8280838,0,68,0,0,7.99026,384,[0 0 0 0 0 0 0 0 0 0 0 0 -10 -7 -9 -7 -9 -7 -9 -7 -9 -7 -9 -7 -9 -7 -9 -6 -9 -6 -9 -6 -9 -5 -9 -5 -9 -5 -9 -5 -9 -5 -9 -4 -9 -4 -9 -4 -9 -4 -9 -4 -9 -4 -10 -4 -10 -3 -10 -3 -10 -3 -10 -3 0 0 -10 -3 -10 -3 -10 -3 -10 -4 -10 -4 -10 -4 -10 -4 -9 -5 -10 -5 -10 -4 -9 -4 -9 -4 -9 -5 -8 -5 -8 -5 -8 -5 -8 -5 -7 -5 -7 -5 -6 -6 -6 -6 -6 -6 -5 -5 -5 -6 -5 -6 -4 -6 0 0 0 0 0 0 0 0 0 0 ]
CSI_DATA,AP,10:B4:1D:CC:60:E0,-27,11,1,7,1,1,1,1,0,0,1,-95,0,6,2,8370252,0,68,0,0,8.07967,384,[0 0 0 0 0 0 0 0 0 0 0 0 -11 5 -10 5 -10 5 -10 5 -10 5 -10 5 -9 5 -9 5 -9 5 -9 5 -9 5 -8 6 -8 6 -8 6 -8 6 -8 6 -7 6 -7 6 -7 7 -7 7 -7 6 -7 7 -7 7 -7 7 -7 7 -7 7 0 0 -7 7 -7 7 -7 7 -7 7 -7 7 -7 7 -7 7 -7 6 -8 6 -8 6 -8 6 -8 5 -8 5 -8 5 -8 5 -8 4 -8 4 -7 4 -7 3 -7 3 -7 3 -7 3 -7 2 -7 2 -7 1 -7 1 0 0 0 0 0 0 0 0 0 0 ]
CSI_DATA,AP,10:B4:1D:CC:60:E0,-27,11,1,7,1,1,1,1,0,0,1,-95,0,6,2,8460296,0,68,0,0,8.16972,384,[0 0 0 0 0 0 0 0 0 0 0 0 -4 -11 -4 -11 -4 -11 -4 -11 -4 -10 -4 -10 -4 -10 -4 -10 -4 -10 -5 -9 -5 -9 -5 -9 -5 -9 -5 -9 -6 -9 -5 -8 -5 -9 -6 -8 -6 -8 -6 -8 -6 -8 -6 -8 -6 -8 -6 -8 -7 -8 -7 -8 0 0 -7 -8 -7 -8 -7 -9 -6 -8 -6 -8 -6 -9 -5 -9 -5 -9 -5 -9 -5 -9 -5 -8 -5 -9 -4 -9 -4 -9 -4 -8 -3 -8 -3 -8 -3 -8 -2 -8 -2 -8 -2 -8 -1 -8 -2 -8 -1 -7 -1 -7 0 -7 0 0 0 0 0 0 0 0 0 0 ]
CSI_DATA,AP,10:B4:1D:CC:60:E0,-27,11,1,7,1,1,1,1,0,0,1,-95,0,6,2,8550395,0,68,0,0,8.25982,384,[0 0 0 0 0 0 0 0 0 0 0 0 9 -6 9 -6 9 -6 9 -6 9 -6 8 -6 8 -6 8 -6 8 -6 8 -6 7 -7 7 -7 7 -7 7 -7 7 -7 7 -7 6 -7 6 -7 6 -7 6 -7 6 -7 6 -8 6 -8 6 -8 6 -8 6 -8 0 0 6 -8 6 -8 6 -8 6 -8 6 -8 6 -8 7 -8 6 -8 7 -7 7 -7 6 -7 6 -7 6 -6 6 -6 6 -6 6 -5 6 -5 6 -5 6 -4 6 -4 6 -4 6 -4 6 -3 6 -3 6 -2 6 -2 0 0 0 0 0 0 0 0 0 0 ]
CSI_DATA,AP,10:B4:1D:CC:60:E0,-27,11,1,7,1,1,1,1,0,0,1,-95,0,6,2,8640273,0,68,0,0,8.3497,384,[0 0 0 0 0 0 0 0 0 0 0 0 11 0 11 0 11 0 10 0 10 0 10 0 10 -1 10 -1 10 -1 10 -1 9 -1 9 -1 9 -2 9 -2 9 -2 9 -2 9 -3 9 -3 9 -3 9 -3 9 -3 9 -3 9 -3 9 -4 9 -4 9 -4 0 0 9 -4 9 -4 9 -3 9 -4 9 -3 9 -3 9 -3 9 -3 9 -3 9 -3 9 -2 9 -2 9 -2 8 -2 8 -1 8 -1 8 -1 8 -1 7 -1 7 0 7 0 7 0 6 0 6 0 6 1 6 1 0 0 0 0 0 0 0 0 0 0 ]
CSI_DATA,AP,10:B4:1D:CC:60:E0,-27,11,1,7,1,1,1,1,0,0,1,-95,0,6,2,8730355,0,68,0,0,8.43978,384,[0 0 0 0 0 0 0 0 0 0 0 0 -8 8 -8 8 -7 8 -7 8 -7 8 -7 8 -7 8 -7 8 -7 8 -6 8 -6 8 -6 8 -6 8 -5 8 -5 8 -5 8 -5 8 -5 8 -4 8 -4 8 -4 8 -4 9 -4 9 -4 9 -4 9 -4 9 0 0 -4 9 -4 9 -4 9 -4 9 -4 8 -4 9 -4 9 -5 9 -5 8 -5 8 -5 8 -5 8 -5 7 -5 7 -5 7 -5 6 -6 6 -5 6 -5 5 -6 5 -6 5 -6 5 -6 4 -6 4 -6 3 -6 3 0 0 0 0 0 0 0 0 0 0 ]
CSI_DATA,AP,10:B4:1D:CC:60:E0,-27,11,1,7,1,1,1,1,0,0,1,-95,0,6,2,8820525,0,68,0,0,8.52995,384,[0 0 0 0 0 0 0 0 0 0 0 0 -12 0 -12 0 -11 0 -11 0 -11 0 -11 0 -11 0 -11 0 -11 0 -10 1 -10 1 -10 1 -10 2 -10 2 -10 2 -10 2 -10 2 -10 2 -10 3 -10 2 -9 2 -10 3 -9 3 -9 3 -9 3 -10 3 0 0 -10 3 -10 3 -10 3 -10 3 -10 3 -10 3 -10 2 -10 2 -10 2 -10 1 -10 2 -10 1 -10 1 -9 1 -9 0 -9 0 -9 0 -9 0 -8 -1 -8 -1 -8 -1 -8 -2 -8 -1 -7 -2 -7 -2 -7 -2 0 0 0 0 0 0 0 0 0 0 ]
CSI_DATA,AP,10:B4:1D:CC:60:E0,-27,11,1,7,1,1,1,1,0,0,1,-95,0,6,2,8910317,0,68,0,0,8.61973,384,[0 0 0 0 0 0 0 0 0 0 0 0 0 11 1 10 1 10 1 10 1 10 1 10 1 10 1 9 1 9 1 9 2 9 2 9 2 9 2 9 2 9 2 8 2 9 3 8 3 8 3 8 3 8 3 8 3 8 3 8 3 8 3 8 0 0 3 9 3 8 3 9 3 9 3 9 3 9 2 9 2 9 2 9 2 8 2 8 1 9 1 8 1 8 1 8 0 8 0 8 0 7 -1 7 -1 7 -1 7 -2 7 -1 6 -2 6 -2 6 -2 5 0 0 0 0 0 0 0 0 0 0 ]
CSI_DATA,AP,10:B4:1D:CC:60:E0,-28,11,1,7,1,1,1,1,0,0,1,-95,0,6,2,9000257,0,68,0,0,8.70968,384,[0 0 0 0 0 0 0 0 0 0 0 0 11 2 11 2 10 2 10 2 10 1 10 1 10 1 10 1 10 1 10 0 10 0 9 0 10 -1 10 -1 10 -1 9 -1 9 -2 9 -2 9 -2 9 -2 9 -2 9 -2 9 -3 9 -3 10 -3 9 -3 0 0 10 -3 10 -3 10 -3 10 -4 10 -3 10 -3 10 -3 10 -3 10 -2 10 -2 10 -2 10 -2 9 -1 9 -2 9 -1 9 -1 9 -1 9 -1 8 0 8 0 8 0 8 1 7 1 7 1 7 2 7 2 0 0 0 0 0 0 0 0 0 0 ]
CSI_DATA,AP,10:B4:1D:CC:60:E0,-27,11,1,7,1,1,1,1,0,0,1,-95,0,6,2,9090402,0,68,0,0,8.79982,384,[0 0 0 0 0 0 0 0 0 0 0 0 10 5 9 4 10 4 9 4 9 4 9 4 9 3 9 3 9 3 9 3 9 3 9 2 9 2 9 2 9 2 9 2 9 1 9 1 9 1 9 1 9 1 10 1 10 0 10 0 10 1 10 0 0 0 10 1 10 0 10 1 10 1 10 1 10 1 10 1 10 1 9 2 9 2 9 2 9 2 9 2 8 3 8 2 8 3 8 3 7 3 7 3 7 3 6 3 6 4 6 4 5 4 5 4 5 5 0 0 0 0 0 0 0 0 0 0 ]
CSI_DATA,AP,10:B4:1D:CC:60:E0,-25,11,1,7,1,1,1,1,0,0,1,-95,0,6,2,9180346,0,68,0,0,8.88977,384,[0 0 0 0 0 0 0 0 0 0 0 0 11 0 11 0 11 0 10 -1 10 -1 10 -1 10 -1 10 -1 10 -1 10 -2 10 -2 9 -2 9 -2 9 -3 9 -3 9 -3 9 -3 9 -3 9 -4 9 -4 9 -4 9 -4 9 -4 9 -5 9 -5 9 -5 0 0 9 -5 9 -5 9 -5 9 -5 9 -5 9 -5 9 -4 9 -4 9 -4 10 -4 9 -4 9 -3 9 -3 9 -3 9 -3 9 -2 8 -2 8 -2 8 -2 8 -1 8 -1 8 -1 7 0 7 0 7 0 7 1 0 0 0 0 0 0 0 0 0 0 ]
CSI_DATA,AP,10:B4:1D:CC:60:E0,-25,11,1,7,1,1,1,1,0,0,1,-95,0,6,2,9270263,0,68,0,0,8.97968,384,[0 0 0 0 0 0 0 0 0 0 0 0 11 2 10 2 10 2 10 1 10 1 10 1 10 1 10 1 10 1 10 1 9 0 9 0 9 0 9 -1 9 -1 9 -1 9 -1 9 -2 9 -2 9 -2 9 -2 9 -2 9 -2 9 -3 9 -3 9 -3 0 0 10 -3 10 -3 9 -3 10 -3 10 -2 10 -2 10 -2 10 -2 10 -2 10 -2 10 -1 9 -1 9 -1 9 0 9 0 8 0 8 0 8 0 8 0 7 1 7 1 7 1 7 1 7 2 6 2 6 2 0 0 0 0 0 0 0 0 0 0 ]
CSI_DATA,AP,10:B4:1D:CC:60:E0,-26,11,1,7,1,1,1,1,0,0,1,-95,0,6,2,9360371,0,68,0,0,9.06979,384,[0 0 0 0 0 0 0 0 0 0 0 0 6 8 6 8 6 8 6 8 6 8 6 7 6 8 6 7 6 7 6 7 6 7 7 6 7 6 7 6 7 6 7 6 7 5 7 5 8 5 8 5 8 5 8 5 8 5 8 5 8 5 8 4 0 0 8 5 8 5 8 5 8 5 8 5 8 6 8 6 8 6 8 6 8 6 7 6 7 6 6 6 6 6 6 6 6 6 5 6 5 6 4 6 4 6 4 6 3 6 3 6 3 6 2 6 2 6 0 0 0 0 0 0 0 0 0 0 ]
CSI_DATA,AP,10:B4:1D:CC:60:E0,-27,11,1,7,1,1,1,1,0,0,1,-95,0,6,2,9450342,0,68,0,0,9.15976,384,[0 0 0 0 0 0 0 0 0 0 0 0 0 -11 -1 -11 -1 -11 -1 -11 -1 -11 -1 -11 -1 -11 -1 -10 -2 -10 -2 -10 -2 -10 -2 -10 -3 -10 -3 -10 -3 -10 -3 -10 -4 -10 -4 -9 -4 -10 -4 -10 -4 -9 -5 -9 -4 -9 -5 -10 -5 -10 -5 -9 0 0 -5 -10 -5 -10 -5 -10 -5 -10 -5 -10 -5 -10 -5 -10 -4 -10 -4 -10 -4 -10 -4 -10 -3 -10 -3 -10 -3 -10 -3 -9 -2 -9 -2 -9 -2 -9 -1 -8 -1 -8 -1 -8 -1 -8 0 -8 0 -8 0 -7 1 -7 0 0 0 0 0 0 0 0 0 0 ]
CSI_DATA,AP,10:B4:1D:CC:60:E0,-27,11,1,7,1,1,1,1,0,0,1,-95,0,6,2,9540351,0,68,0,0,9.24977,384,[0 0 0 0 0 0 0 0 0 0 0 0 3 10 3 10 3 10 3 10 3 10 3 10 4 9 4 9 4 9 4 9 4 8 4 8 5 8 5 8 5 8 5 8 5 8 5 7 6 8 6 8 6 7 6 7 6 7 7 7 7 7 7 7 0 0 7 8 7 8 7 8 7 8 6 8 6 8 6 8 6 8 6 8 5 8 5 8 5 8 5 8 4 8 4 8 3 8 3 8 3 8 3 7 2 7 2 7 1 7 1 7 1 7 0 7 0 7 0 0 0 0 0 0 0 0 0 0 ]
CSI_DATA,AP,10:B4:1D:CC:60:E0,-26,11,1,7,1,1,1,1,0,0,1,-95,0,6,2,9633365,0,68,0,0,9.34279,384,[0 0 0 0 0 0 0 0 0 0 0 0 -8 -9 -8 -9 -8 -8 -8 -8 -8 -8 -8 -8 -8 -8 -8 -8 -8 -7 -8 -7 -9 -7 -8 -7 -9 -6 -9 -6 -9 -6 -9 -5 -9 -6 -9 -5 -9 -5 -10 -5 -10 -5 -10 -5 -10 -4 -10 -4 -10 -4 -11 -4 0 0 -11 -4 -10 -4 -11 -5 -10 -4 -11 -5 -10 -5 -10 -5 -10 -5 -10 -6 -10 -6 -10 -5 -9 -6 -9 -6 -9 -6 -8 -6 -8 -6 -8 -6 -8 -6 -7 -6 -7 -6 -6 -6 -6 -6 -6 -6 -5 -6 -5 -6 -4 -7 0 0 0 0 0 0 0 0 0 0 ]
CSI_DATA,AP,10:B4:1D:CC:60:E0,-27,11,1,7,1,1,1,1,0,0,1,-95,0,6,2,9720249,0,68,0,0,9.42966,384,[0 0 0 0 0 0 0 0 0 0 0 0 -12 1 -12 1 -11 1 -11 2 -11 2 -11 2 -11 2 -11 2 -11 2 -10 2 -10 2 -10 3 -10 3 -10 3 -10 3 -10 3 -10 4 -10 4 -9 4 -9 4 -9 4 -9 5 -9 5 -10 5 -9 5 -10 5 0 0 -10 5 -10 5 -10 5 -10 5 -10 5 -10 5 -10 5 -10 4 -10 4 -10 3 -10 3 -10 3 -10 3 -10 2 -9 2 -10 2 -9 2 -9 1 -9 1 -9 1 -9 0 -8 0 -8 0 -8 -1 -8 -1 -8 -2 0 0 0 0 0 0 0 0 0 0 ]
CSI_DATA,AP,10:B4:1D:CC:60:E0,-27,11,1,7,1,1,1,1,0,0,1,-95,0,6,2,9810308,0,68,0,0,9.51973,384,[0 0 0 0 0 0 0 0 0 0 0 0 -7 -10 -7 -9 -7 -10 -7 -9 -7 -9 -7 -9 -7 -9 -7 -9 -7 -8 -8 -8 -7 -8 -7 -8 -8 -7 -8 -7 -8 -7 -8 -7 -8 -6 -9 -6 -9 -6 -9 -6 -9 -6 -9 -6 -10 -6 -9 -6 -10 -6 -10 -6 0 0 -10 -6 -10 -6 -10 -6 -10 -6 -10 -6 -10 -6 -10 -6 -9 -7 -9 -7 -9 -7 -8 -7 -9 -7 -8 -7 -8 -7 -8 -7 -7 -7 -7 -7 -6 -7 -6 -7 -6 -7 -6 -7 -5 -7 -5 -7 -4 -7 -4 -7 -3 -7 0 0 0 0 0 0 0 0 0 0 ]
CSI_DATA,AP,10:B4:1D:CC:60:E0,-27,11,1,7,1,1,1,1,0,0,1,-95,0,6,2,9900206,0,68,0,0,9.60963,384,[0 0 0 0 0 0 0 0 0 0 0 0 -12 1 -11 1 -11 1 -11 1 -11 1 -11 1 -11 1 -11 1 -10 1 -10 2 -10 2 -10 3 -10 3 -10 3 -10 3 -10 3 -10 3 -9 4 -9 4 -10 4 -9 4 -9 4 -9 4 -9 5 -9 5 -10 5 0 0 -10 5 -10 5 -9 5 -10 5 -10 5 -10 4 -10 4 -10 4 -10 3 -10 3 -10 3 -10 3 -10 3 -10 2 -10 2 -10 2 -9 1 -9 1 -9 1 -9 0 -9 0 -8 0 -8 0 -8 -1 -8 -1 -7 -2 0 0 0 0 0 0 0 0 0 0 ]
CSI_DATA,AP,10:B4:1D:CC:60:E0,-26,11,1,7,1,1,1,1,0,0,1,-95,0,6,2,9990436,0,68,0,0,9.69986,384,[0 0 0 0 0 0 0 0 0 0 0 0 8 7 8 7 8 7 8 6 8 6 7 6 8 6 8 6 8 5 8 5 8 5 8 4 8 4 8 4 8 4 8 4 8 3 9 3 9 3 9 3 9 3 9 3 9 2 9 2 9 2 9 2 0 0 10 2 10 2 9 2 10 2 10 2 10 3 10 3 9 3 9 3 9 3 9 3 9 4 8 4 8 4 8 4 7 4 7 4 7 4 7 4 6 4 6 4 6 5 5 5 5 5 4 5 4 5 0 0 0 0 0 0 0 0 0 0 ]
CSI_DATA,AP,10:B4:1D:CC:60:E0,-26,11,1,7,1,1,1,1,0,0,1,-95,0,6,2,10080441,0,68,0,0,9.78986,384,[0 0 0 0 0 0 0 0 0 0 0 0 -5 -10 -5 -10 -6 -11 -6 -10 -6 -10 -6 -10 -5 -10 -6 -9 -6 -9 -6 -9 -6 -8 -6 -8 -7 -8 -7 -8 -7 -8 -7 -8 -7 -8 -7 -7 -8 -7 -8 -7 -8 -7 -8 -7 -8 -7 -9 -7 -9 -7 -8 -7 0 0 -9 -7 -9 -7 -9 -7 -9 -7 -9 -7 -8 -8 -8 -8 -8 -8 -8 -8 -8 -8 -8 -8 -7 -8 -7 -8 -6 -8 -6 -8 -6 -8 -5 -8 -5 -8 -5 -8 -4 -8 -4 -8 -4 -8 -3 -8 -3 -8 -3 -8 -2 -7 0 0 0 0 0 0 0 0 0 0 ]
CSI_DATA,AP,10:B4:1D:CC:60:E0,-27,11,1,7,1,1,1,1,0,0,1,-95,0,6,2,10172535,0,68,0,0,9.88196,384,[0 0 0 0 0 0 0 0 0 0 0 0 11 0 10 0 10 0 10 0 10 0 10 -1 10 -1 10 -1 10 -1 9 -1 9 -2 9 -2 9 -2 9 -2 9 -3 9 -3 9 -3 9 -3 9 -4 9 -4 9 -4 9 -4 9 -4 9 -4 9 -4 9 -4 0 0 9 -5 9 -4 9 -4 9 -4 9 -4 9 -4 9 -4 9 -4 9 -3 9 -3 9 -3 9 -3 9 -2 9 -2 9 -2 8 -1 8 -1 8 -1 8 -1 7 0 7 0 7 0 7 0 7 1 6 1 6 1 0 0 0 0 0 0 0 0 0 0 ]
CSI_DATA,AP,10:B4:1D:CC:60:E0,-26,11,1,6,1,1,1,1,0,0,0,-95,0,6,2,10263075,0,68,0,0,9.9725,384,[0 0 0 0 0 0 0 0 0 0 0 0 -11 -1 -11 -1 -11 -1 -11 -1 -11 -1 -11 -1 -10 0 -10 0 -10 0 -10 0 -10 0 -10 1 -10 1 -10 1 -10 1 -9 2 -10 2 -9 2 -10 2 -10 2 -9 2 -9 3 -9 3 -10 3 -9 3 -9 3 0 0 -10 3 -10 3 -10 3 -10 3 -10 3 -10 3 -10 3 -10 2 -10 2 -10 2 -10 2 -10 1 -10 1 -9 1 -9 1 -9 1 -9 0 -9 0 -9 0 -8 0 -8 -1 -8 -1 -8 -1 -7 -1 -7 -2 -7 -2 0 0 0 0 0 0 0 0 0 0 ]
CSI_DATA,AP,10:B4:1D:CC:60:E0,-25,11,1,7,1,1,1,1,0,0,1,-95,0,6,2,10350377,0,68,0,0,10.0598,384,[0 0 0 0 0 0 0 0 0 0 0 0 6 -10 6 -10 6 -9 5 -9 5 -9 5 -9 5 -9 5 -9 4 -9 4 -9 4 -9 4 -9 3 -9 3 -9 3 -9 3 -9 3 -10 3 -9 2 -10 2 -10 2 -10 2 -10 2 -10 2 -10 1 -10 2 -10 0 0 2 -10 2 -11 2 -11 2 -11 2 -10 2 -10 2 -10 3 -10 3 -10 3 -10 3 -9 3 -9 3 -9 3 -9 4 -8 4 -8 4 -8 4 -8 4 -7 4 -7 4 -7 4 -6 4 -6 5 -6 5 -5 5 -5 0 0 0 0 0 0 0 0 0 0 ]
CSI_DATA,AP,10:B4:1D:CC:60:E0,-25,11,1,7,1,1,1,1,0,0,1,-95,0,6,2,10440153,0,68,0,0,10.1496,384,[0 0 0 0 0 0 0 0 0 0 0 0 -7 9 -7 9 -7 9 -6 8 -6 9 -6 8 -6 9 -5 8 -5 8 -5 8 -5 8 -4 8 -4 8 -4 8 -4 8 -4 8 -3 8 -3 9 -3 9 -3 9 -2 9 -2 9 -2 9 -2 9 -2 9 -2 9 0 0 -2 9 -2 9 -2 9 -2 9 -2 9 -2 9 -3 9 -3 9 -3 9 -3 9 -4 8 -4 8 -4 8 -4 8 -4 8 -4 7 -4 7 -4 7 -4 6 -4 6 -5 6 -5 6 -5 5 -5 5 -5 5 -5 4 0 0 0 0 0 0 0 0 0 0 ]
CSI_DATA,AP,10:B4:1D:CC:60:E0,-26,11,1,7,1,1,1,1,0,0,1,-95,0,6,2,10530319,0,68,0,0,10.2397,384,[0 0 0 0 0 0 0 0 0 0 0 0 3 10 3 10 3 10 3 10 3 10 3 9 3 9 4 9 3 9 4 9 4 8 4 8 4 8 5 8 5 8 5 7 5 7 5 7 5 7 5 7 5 7 6 7 6 7 6 7 6 7 6 7 0 0 6 7 6 7 6 7 6 7 6 7 6 8 6 8 6 8 5 8 5 8 5 7 5 8 4 8 4 8 4 7 3 7 3 7 3 7 2 7 2 7 2 7 1 7 1 7 1 7 0 6 0 6 0 0 0 0 0 0 0 0 0 0 ]
CSI_DATA,AP,10:B4:1D:CC:60:E0,-28,11,1,7,1,1,1,1,0,0,1,-95,0,6,2,10620225,0,68,0,0,10.3297,384,[0 0 0 0 0 0 0 0 0 0 0 0 9 5 9 4 9 4 9 4 9 4 9 4 9 4 9 3 9 3 9 3 9 3 9 3 9 2 9 2 9 2 9 1 9 1 9 1 9 1 9 1 9 1 9 0 10 0 10 0 10 0 10 0 0 0 10 0 10 0 10 0 10 0 10 1 10 1 10 1 10 1 10 1 10 2 9 2 9 2 9 2 8 2 8 2 8 2 8 3 7 3 7 3 7 3 6 3 6 3 6 4 5 4 5 4 5 4 0 0 0 0 0 0 0 0 0 0 ]
CSI_DATA,AP,10:B4:1D:CC:60:E0,-27,11,1,7,1,1,1,1,0,0,1,-95,0,6,2,10710225,0,68,0,0,10.4196,384,[0 0 0 0 0 0 0 0 0 0 0 0 9 -6 9 -6 8 -6 8 -7 8 -6 8 -7 8 -6 7 -6 7 -7 7 -7 7 -7 7 -7 6 -7 6 -7 6 -7 6 -7 6 -8 6 -8 5 -8 5 -8 5 -8 5 -8 5 -8 5 -9 5 -9 5 -9 0 0 6 -9 5 -9 5 -9 5 -9 6 -9 6 -9 6 -9 6 -8 6 -8 6 -8 6 -8 6 -8 6 -7 6 -7 6 -6 6 -6 6 -6 6 -6 6 -5 6 -5 6 -4 6 -4 6 -4 6 -4 6 -3 6 -3 0 0 0 0 0 0 0 0 0 0 ]
CSI_DATA,AP,10:B4:1D:CC:60:E0,-28,11,1,7,1,1,1,1,0,0,1,-95,0,6,2,10800293,0,68,0,0,10.5097,384,[0 0 0 0 0 0 0 0 0 0 0 0 -7 9 -7 9 -6 9 -6 9 -6 9 -6 9 -6 9 -5 9 -5 9 -5 9 -5 9 -4 9 -4 9 -4 9 -4 9 -4 9 -4 9 -3 9 -3 9 -3 9 -3 9 -3 9 -3 9 -2 10 -2 10 -2 9 0 0 -3 10 -3 10 -3 10 -3 10 -3 10 -3 10 -4 10 -4 10 -4 9 -4 9 -4 9 -4 9 -5 9 -5 9 -5 8 -5 8 -5 7 -5 7 -6 6 -5 6 -6 6 -6 6 -6 5 -6 5 -6 4 -6 4 0 0 0 0 0 0 0 0 0 0 ]
CSI_DATA,AP,10:B4:1D:CC:60:E0,-28,11,1,7,1,1,1,1,0,0,1,-95,0,6,2,10890373,0,68,0,0,10.5998,384,[0 0 0 0 0 0 0 0 0 0 0 0 3 -11 4 -11 3 -11 3 -11 3 -11 3 -11 3 -10 2 -11 2 -10 2 -11 1 -11 1 -10 1 -10 0 -10 0 -11 0 -10 0 -11 0 -10 -1 -11 -1 -11 -1 -10 -1 -11 -1 -10 -2 -10 -2 -11 -2 -11 0 0 -1 -11 -2 -11 -2 -11 -2 -11 -2 -11 -1 -11 -1 -11 -1 -11 -1 -11 0 -11 -1 -11 -1 -11 0 -11 0 -10 0 -10 1 -10 1 -9 1 -9 1 -9 1 -8 2 -8 2 -8 2 -8 2 -8 2 -8 3 -7 0 0 0 0 0 0 0 0 0 0 ]
CSI_DATA,AP,10:B4:1D:CC:60:E0,-28,11,1,7,1,1,1,1,0,0,1,-95,0,6,2,10980390,0,68,0,0,10.6898,384,[0 0 0 0 0 0 0 0 0 0 0 0 -11 -1 -12 -1 -11 -1 -11 -1 -11 -1 -11 -1 -11 0 -11 0 -11 0 -11 0 -11 0 -10 1 -10 1 -10 1 -10 1 -10 1 -10 2 -10 2 -10 2 -10 2 -10 2 -10 3 -10 3 -10 3 -10 3 -10 3 0 0 -10 3 -10 3 -11 3 -11 3 -11 3 -11 3 -11 3 -11 2 -11 2 -11 2 -11 2 -10 1 -10 1 -10 1 -10 1 -10 0 -10 0 -9 0 -9 0 -9 -1 -9 -1 -9 -1 -8 -2 -8 -2 -8 -2 -8 -3 0 0 0 0 0 0 0 0 0 0 ]
CSI_DATA,AP,10:B4:1D:CC:60:E0,-28,11,1,7,1,1,1,1,0,0,1,-95,0,6,2,11070426,0,68,0,0,10.7798,384,[0 0 0 0 0 0 0 0 0 0 0 0 0 11 0 11 0 11 0 10 0 10 0 10 0 10 0 10 0 10 1 10 1 9 1 9 2 9 2 9 2 9 2 9 2 9 2 9 3 9 3 9 3 9 3 9 3 9 4 9 4 9 4 9 0 0 4 9 4 9 4 9 4 9 3 9 3 10 3 10 3 9 2 9 2 9 2 9 2 9 2 9 1 9 1 8 1 8 1 8 0 8 0 8 0 8 -1 8 -1 8 -1 7 -2 7 -2 7 -2 6 0 0 0 0 0 0 0 0 0 0 ]
CSI_DATA,AP,10:B4:1D:CC:60:E0,-28,11,1,7,1,1,1,1,0,0,1,-95,0,6,2,11160258,0,68,0,0,10.8697,384,[0 0 0 0 0 0 0 0 0 0 0 0 11 -4 10 -3 10 -3 10 -4 10 -3 10 -4 9 -4 9 -4 9 -4 9 -4 9 -4 9 -5 8 -5 8 -5 8 -5 8 -6 8 -6 8 -6 8 -6 8 -6 8 -6 8 -6 8 -6 7 -7 7 -7 8 -7 0 0 8 -7 8 -7 8 -7 8 -7 8 -7 8 -7 8 -6 8 -6 8 -6 9 -6 8 -6 8 -5 8 -5 8 -5 8 -5 8 -4 8 -4 8 -4 8 -3 8 -3 8 -3 7 -2 7 -2 7 -2 7 -1 7 -1 0 0 0 0 0 0 0 0 0 0 ]
CSI_DATA,AP,10:B4:1D:CC:60:E0,-28,11,1,7,1,1,1,1,0,0,1,-95,0,6,2,11250267,0,68,0,0,10.9597,384,[0 0 0 0 0 0 0 0 0 0 0 0 10 -3 10 -3 10 -3 10 -3 10 -4 10 -4 9 -3 9 -4 9 -4 9 -4 9 -4 8 -5 8 -5 8 -5 8 -5 8 -5 8 -5 8 -6 7 -6 7 -6 7 -6 7 -6 8 -7 7 -7 7 -7 7 -7 0 0 8 -7 7 -7 7 -7 8 -7 8 -7 8 -7 8 -6 8 -6 8 -6 8 -6 8 -6 8 -6 8 -5 8 -5 8 -4 8 -4 7 -4 7 -4 7 -3 7 -3 7 -3 7 -2 7 -2 7 -2 7 -2 6 -1 0 0 0 0 0 0 0 0 0 0 ]
CSI_DATA,AP,10:B4:1D:CC:60:E0,-28,11,1,7,1,1,1,1,0,0,1,-95,0,6,2,11340202,0,68,0,0,11.0496,384,[0 0 0 0 0 0 0 0 0 0 0 0 -6 9 -6 9 -6 9 -5 9 -5 9 -5 9 -5 9 -5 9 -5 9 -4 9 -4 9 -4 9 -3 9 -3 9 -3 9 -3 9 -3 9 -2 9 -2 9 -2 9 -2 9 -2 9 -2 9 -1 10 -1 10 -1 9 0 0 -2 9 -2 10 -2 9 -2 10 -2 10 -2 10 -2 10 -3 10 -3 9 -3 9 -3 9 -3 9 -3 9 -4 8 -4 8 -4 8 -4 8 -4 7 -4 7 -4 7 -5 6 -5 6 -5 6 -5 6 -5 5 -5 4 0 0 0 0 0 0 0 0 0 0 ]
CSI_DATA,AP,10:B4:1D:CC:60:E0,-28,11,1,7,1,1,1,1,0,0,1,-95,0,6,2,11430259,0,68,0,0,11.1397,384,[0 0 0 0 0 0 0 0 0 0 0 0 1 10 1 10 1 10 2 10 1 10 2 10 2 9 2 9 2 9 2 9 2 9 3 9 3 9 3 8 3 9 4 8 4 8 4 8 4 8 4 8 4 8 4 8 5 8 5 8 5 8 5 8 0 0 5 8 5 8 5 8 5 8 5 8 5 9 5 9 4 9 4 8 4 9 4 8 4 9 3 8 3 8 3 8 2 8 2 8 2 8 2 7 1 7 1 7 1 7 1 7 0 7 0 7 -1 6 0 0 0 0 0 0 0 0 0 0 ]
CSI_DATA,AP,10:B4:1D:CC:60:E0,-28,11,1,7,1,1,1,1,0,0,1,-96,0,6,2,11520329,0,68,0,0,11.2298,384,[0 0 0 0 0 0 0 0 0 0 0 0 5 9 6 9 5 9 6 9 6 8 5 8 5 8 5 8 6 8 6 7 6 7 6 7 7 7 7 7 7 6 7 6 7 6 7 5 8 6 8 6 7 5 8 5 8 5 8 5 8 5 8 5 0 0 8 5 8 5 9 5 9 5 8 5 8 6 8 6 8 6 8 6 7 6 7 5 7 6 7 6 6 6 7 6 6 6 6 6 6 6 5 6 4 6 4 6 4 6 3 6 4 6 3 6 3 6 0 0 0 0 0 0 0 0 0 0 ]
CSI_DATA,AP,10:B4:1D:CC:60:E0,-28,11,1,7,1,1,1,1,0,0,1,-96,0,6,2,11610292,0,68,0,0,11.3197,384,[0 0 0 0 0 0 0 0 0 0 0 0 -12 -2 -12 -1 -12 -1 -11 -1 -11 -1 -11 -1 -11 -1 -11 -1 -11 0 -11 0 -11 0 -11 0 -11 1 -10 1 -10 1 -10 1 -10 1 -10 2 -10 2 -10 2 -10 2 -10 2 -10 3 -10 3 -10 3 -10 3 0 0 -11 3 -11 3 -10 3 -11 3 -11 2 -11 2 -11 2 -11 2 -11 2 -11 1 -11 1 -10 1 -10 1 -10 1 -10 0 -10 0 -9 0 -9 0 -9 0 -9 -1 -9 -1 -8 -1 -8 -2 -8 -2 -8 -2 -7 -3 0 0 0 0 0 0 0 0 0 0 ]
CSI_DATA,AP,10:B4:1D:CC:60:E0,-28,11,1,7,1,1,1,1,0,0,1,-96,0,6,2,11700238,0,68,0,0,11.4097,384,[0 0 0 0 0 0 0 0 0 0 0 0 9 -5 9 -5 9 -5 8 -5 9 -6 8 -5 8 -6 8 -6 8 -6 8 -6 7 -6 7 -6 7 -6 7 -6 6 -7 7 -7 6 -7 6 -7 6 -7 6 -8 6 -8 6 -8 6 -8 6 -8 6 -8 6 -8 0 0 6 -8 6 -9 6 -8 6 -9 6 -8 6 -8 6 -8 6 -8 6 -8 7 -8 7 -7 7 -7 7 -6 6 -6 7 -6 6 -6 6 -6 6 -5 6 -5 6 -5 6 -4 6 -4 6 -4 6 -3 6 -3 6 -2 0 0 0 0 0 0 0 0 0 0 ]
CSI_DATA,AP,10:B4:1D:CC:60:E0,-28,11,1,7,1,1,1,1,0,0,1,-96,0,6,2,11790391,0,68,0,0,11.4998,384,[0 0 0 0 0 0 0 0 0 0 0 0 -12 -2 -11 -1 -11 -1 -11 -1 -11 -1 -11 -1 -11 -1 -11 -1 -11 0 -11 0 -11 0 -10 0 -10 1 -10 1 -10 1 -10 1 -10 1 -10 2 -10 2 -10 2 -10 2 -10 2 -10 2 -10 3 -10 3 -10 3 0 0 -11 3 -10 3 -11 3 -11 3 -11 2 -11 2 -11 2 -11 2 -10 1 -10 1 -11 1 -10 1 -10 1 -10 0 -10 0 -10 0 -9 0 -9 0 -9 -1 -9 -1 -9 -1 -8 -2 -8 -2 -8 -2 -8 -3 -7 -3 0 0 0 0 0 0 0 0 0 0 ]
CSI_DATA,AP,10:B4:1D:CC:60:E0,-28,11,1,7,1,1,1,1,0,0,1,-96,0,6,2,11880297,0,68,0,0,11.5897,384,[0 0 0 0 0 0 0 0 0 0 0 0 11 1 10 1 11 1 10 1 10 1 10 1 10 0 10 0 10 0 10 0 10 0 9 -1 9 -1 9 -1 9 -1 9 -1 9 -2 9 -2 9 -2 9 -2 9 -3 9 -3 9 -3 9 -3 9 -3 9 -3 0 0 9 -3 10 -3 9 -3 10 -3 10 -3 10 -3 10 -2 10 -2 10 -2 10 -2 9 -2 9 -1 9 -1 9 -1 9 -1 8 -1 9 0 8 0 8 0 8 0 8 1 7 1 7 1 7 2 7 2 6 2 0 0 0 0 0 0 0 0 0 0 ]
CSI_DATA,AP,10:B4:1D:CC:60:E0,-28,11,1,7,1,1,1,1,0,0,1,-96,0,6,2,11970167,0,68,0,0,11.6796,384,[0 0 0 0 0 0 0 0 0 0 0 0 -7 -10 -7 -10 -6 -10 -6 -10 -6 -9 -7 -9 -6 -9 -7 -9 -6 -9 -7 -8 -7 -8 -7 -8 -7 -8 -8 -7 -8 -8 -8 -7 -8 -7 -8 -7 -8 -7 -8 -7 -8 -7 -8 -7 -8 -6 -9 -6 -9 -6 -9 -6 0 0 -9 -6 -9 -6 -9 -6 -9 -6 -9 -6 -9 -7 -9 -7 -9 -7 -8 -7 -8 -7 -8 -7 -8 -7 -8 -7 -8 -8 -7 -7 -7 -7 -6 -7 -6 -7 -5 -7 -5 -7 -5 -7 -5 -7 -4 -7 -4 -7 -4 -7 -3 -7 0 0 0 0 0 0 0 0 0 0 ]
CSI_DATA,AP,10:B4:1D:CC:60:E0,-28,11,1,7,1,1,1,1,0,0,1,-96,0,6,2,12060895,0,68,0,0,11.7703,384,[0 0 0 0 0 0 0 0 0 0 0 0 2 -11 2 -11 2 -11 1 -11 1 -11 1 -11 1 -11 1 -11 1 -11 0 -11 0 -10 0 -10 -1 -10 -1 -10 -1 -10 -1 -10 -1 -10 -2 -10 -2 -10 -2 -10 -2 -10 -2 -10 -2 -10 -3 -11 -3 -10 -3 -10 0 0 -3 -11 -3 -11 -3 -11 -3 -11 -3 -11 -2 -11 -2 -11 -2 -11 -2 -11 -2 -11 -2 -10 -1 -10 -1 -10 -1 -10 -1 -10 -1 -9 0 -10 0 -9 0 -9 1 -9 1 -9 1 -8 1 -8 1 -8 2 -7 2 -7 0 0 0 0 0 0 0 0 0 0 ]
CSI_DATA,AP,10:B4:1D:CC:60:E0,-28,11,1,7,1,1,1,1,0,0,1,-96,0,6,2,12150350,0,68,0,0,11.8598,384,[0 0 0 0 0 0 0 0 0 0 0 0 10 -2 10 -2 10 -2 10 -2 10 -2 10 -2 10 -2 9 -2 9 -2 9 -3 9 -3 9 -3 9 -3 8 -4 9 -4 8 -4 8 -4 8 -4 8 -5 8 -5 8 -5 8 -5 8 -5 8 -6 8 -6 8 -6 0 0 8 -6 8 -6 8 -6 8 -6 8 -6 9 -6 8 -5 9 -5 9 -5 9 -5 8 -5 8 -4 8 -4 8 -4 8 -3 8 -3 8 -3 8 -3 7 -2 7 -2 7 -2 7 -1 7 -1 7 -1 6 0 6 0 0 0 0 0 0 0 0 0 0 0 ]
CSI_DATA,AP,10:B4:1D:CC:60:E0,-28,11,1,7,1,1,1,1,0,0,1,-96,0,6,2,12240436,0,68,0,0,11.9499,384,[0 0 0 0 0 0 0 0 0 0 0 0 -4 -11 -4 -10 -4 -11 -4 -10 -4 -10 -4 -10 -4 -10 -4 -10 -5 -9 -5 -9 -5 -9 -5 -9 -5 -9 -5 -9 -5 -9 -6 -8 -6 -8 -6 -8 -6 -8 -7 -8 -7 -8 -7 -8 -7 -8 -7 -8 -7 -8 -7 -8 0 0 -7 -8 -7 -8 -7 -8 -7 -8 -7 -8 -7 -9 -7 -9 -7 -9 -6 -8 -6 -9 -6 -9 -6 -9 -5 -9 -5 -9 -5 -9 -4 -8 -4 -9 -4 -8 -3 -8 -3 -8 -3 -8 -2 -8 -2 -8 -2 -8 -2 -8 -1 -7 0 0 0 0 0 0 0 0 0 0 ]
CSI_DATA,AP,10:B4:1D:CC:60:E0,-27,11,1,7,1,1,1,1,0,0,1,-96,0,6,2,12330397,0,68,0,0,12.0398,384,[0 0 0 0 0 0 0 0 0 0 0 0 4 -10 4 -10 4 -10 4 -10 3 -10 4 -10 4 -10 3 -10 3 -10 3 -10 2 -10 2 -10 2 -10 2 -10 1 -10 1 -10 1 -10 1 -10 1 -10 0 -10 0 -10 0 -10 0 -10 0 -10 -1 -10 0 -10 0 0 0 -11 0 -11 0 -11 0 -11 0 -11 0 -11 0 -11 1 -11 1 -10 1 -10 1 -10 1 -10 1 -10 2 -10 2 -9 2 -9 2 -9 2 -9 2 -8 3 -8 3 -8 3 -7 3 -7 3 -7 3 -7 4 -6 0 0 0 0 0 0 0 0 0 0 ]
CSI_DATA,AP,10:B4:1D:CC:60:E0,-29,11,1,7,1,1,1,1,0,0,1,-96,0,6,2,12420328,0,68,0,0,12.1297,384,[0 0 0 0 0 0 0 0 0 0 0 0 10 1 10 1 11 1 10 1 10 1 10 0 10 1 10 1 10 0 9 0 10 -1 9 -1 9 -1 9 -1 9 -1 9 -2 9 -2 9 -2 9 -2 10 -3 9 -2 9 -3 9 -3 10 -3 9 -3 10 -4 0 0 10 -3 10 -3 10 -4 10 -3 10 -3 10 -3 11 -3 10 -2 10 -2 10 -2 10 -2 10 -2 10 -1 10 -1 10 -1 9 0 9 0 9 0 9 0 8 1 8 1 8 1 7 1 7 2 7 2 7 2 0 0 0 0 0 0 0 0 0 0 ]
CSI_DATA,AP,10:B4:1D:CC:60:E0,-25,11,1,7,1,1,1,1,0,0,1,-96,0,6,2,12510311,0,68,0,0,12.2197,384,[0 0 0 0 0 0 0 0 0 0 0 0 6 9 6 9 6 8 6 8 6 8 6 8 6 8 6 7 6 7 6 7 6 6 6 6 6 7 6 6 7 6 6 6 7 6 7 5 7 6 7 5 7 5 7 5 7 5 8 5 8 5 8 5 0 0 8 5 7 5 8 5 8 5 8 6 8 6 7 6 7 6 7 6 6 6 6 6 6 6 6 6 6 6 5 6 5 6 5 6 4 6 4 6 4 6 3 6 3 6 3 6 2 6 2 6 2 6 0 0 0 0 0 0 0 0 0 0 ]
CSI_DATA,AP,10:B4:1D:CC:60:E0,-26,11,1,7,1,1,1,1,0,0,1,-96,0,6,2,12601288,0,68,0,0,12.3107,384,[0 0 0 0 0 0 0 0 0 0 0 0 -9 6 -9 6 -9 6 -9 6 -9 6 -9 6 -9 6 -8 6 -8 6 -7 6 -7 6 -7 7 -7 7 -7 7 -6 7 -6 7 -6 7 -6 7 -6 8 -6 8 -5 8 -6 8 -5 8 -5 8 -5 8 -5 8 0 0 -6 9 -5 8 -5 8 -6 8 -6 8 -6 8 -6 8 -6 8 -6 8 -7 7 -6 7 -7 7 -6 7 -7 6 -7 6 -7 6 -7 6 -7 5 -7 5 -7 4 -7 4 -7 4 -7 4 -7 3 -7 3 -7 2 0 0 0 0 0 0 0 0 0 0 ]
CSI_DATA,AP,10:B4:1D:CC:60:E0,-27,11,1,7,1,1,1,1,0,0,1,-96,0,6,2,12690199,0,68,0,0,12.3996,384,[0 0 0 0 0 0 0 0 0 0 0 0 0 -11 0 -11 0 -11 -1 -11 -1 -11 -1 -11 -1 -10 -1 -11 -1 -10 -2 -10 -2 -10 -2 -10 -2 -10 -3 -10 -3 -10 -3 -10 -3 -10 -4 -9 -4 -10 -4 -10 -4 -10 -4 -10 -4 -9 -4 -10 -5 -10 -5 -10 0 0 -5 -10 -5 -10 -5 -10 -4 -10 -4 -10 -4 -10 -4 -10 -4 -10 -3 -10 -3 -10 -3 -10 -3 -10 -3 -10 -2 -10 -2 -9 -2 -9 -2 -9 -1 -9 -1 -9 -1 -8 -1 -8 0 -8 0 -8 0 -8 1 -7 1 -7 0 0 0 0 0 0 0 0 0 0 ]
CSI_DATA,AP,10:B4:1D:CC:60:E0,-26,11,1,7,1,1,1,1,0,0,1,-96,0,6,2,12780306,0,68,0,0,12.4897,384,[0 0 0 0 0 0 0 0 0 0 0 0 -10 6 -10 6 -9 6 -9 6 -9 6 -9 6 -9 6 -9 6 -8 6 -8 6 -8 7 -8 6 -7 7 -7 7 -7 7 -7 7 -6 7 -7 7 -6 8 -6 8 -6 7 -6 8 -6 8 -6 8 -6 8 -6 8 0 0 -6 8 -6 8 -6 8 -6 8 -6 8 -7 8 -7 8 -7 8 -7 7 -7 7 -7 7 -7 7 -7 6 -7 6 -7 6 -7 5 -7 5 -7 5 -7 4 -7 4 -7 4 -7 3 -7 3 -7 3 -7 2 -7 1 0 0 0 0 0 0 0 0 0 0 ]
CSI_DATA,AP,10:B4:1D:CC:60:E0,-27,11,1,7,1,1,1,1,0,0,1,-95,0,6,2,12870246,0,68,0,0,12.5797,384,[0 0 0 0 0 0 0 0 0 0 0 0 1 -12 1 -12 1 -12 0 -11 0 -11 0 -11 0 -11 0 -11 0 -11 -1 -11 -1 -11 -1 -10 -1 -10 -2 -10 -2 -10 -2 -10 -2 -10 -3 -10 -3 -10 -3 -10 -3 -10 -3 -10 -3 -10 -3 -10 -4 -10 -4 -10 0 0 -3 -10 -4 -11 -4 -10 -4 -11 -3 -11 -3 -11 -3 -11 -3 -11 -2 -10 -2 -10 -2 -10 -2 -10 -1 -10 -1 -10 -1 -10 -1 -9 -1 -10 0 -9 0 -9 0 -8 0 -8 1 -8 1 -8 1 -8 1 -7 2 -7 0 0 0 0 0 0 0 0 0 0 ]
CSI_DATA,AP,10:B4:1D:CC:60:E0,-27,11,1,7,1,1,1,1,0,0,1,-95,0,6,2,12960234,0,68,0,0,12.6697,384,[0 0 0 0 0 0 0 0 0 0 0 0 -7 -9 -7 -9 -7 -9 -7 -9 -7 -9 -7 -9 -7 -9 -7 -8 -7 -8 -7 -8 -7 -8 -7 -8 -7 -7 -8 -7 -8 -7 -8 -7 -8 -7 -8 -6 -8 -6 -8 -6 -8 -6 -8 -6 -8 -6 -8 -6 -9 -6 -9 -6 0 0 -9 -6 -9 -6 -9 -6 -9 -6 -9 -7 -9 -7 -8 -7 -8 -7 -8 -7 -8 -7 -8 -7 -7 -7 -7 -7 -6 -7 -6 -7 -6 -7 -6 -7 -5 -7 -5 -7 -5 -7 -4 -7 -4 -7 -4 -7 -3 -7 -3 -7 -2 -7 0 0 0 0 0 0 0 0 0 0 ]
CSI_DATA,AP,10:B4:1D:CC:60:E0,-27,11,1,7,1,1,1,1,0,0,1,-95,0,6,2,13050413,0,68,0,0,12.7598,384,[0 0 0 0 0 0 0 0 0 0 0 0 -5 -11 -5 -11 -5 -10 -5 -10 -5 -10 -5 -10 -5 -10 -5 -10 -5 -9 -6 -9 -6 -9 -6 -9 -6 -9 -6 -9 -7 -8 -6 -8 -7 -8 -7 -8 -7 -8 -7 -8 -7 -8 -7 -8 -7 -7 -8 -8 -8 -8 -8 -7 0 0 -8 -8 -8 -8 -8 -8 -8 -8 -8 -8 -8 -8 -8 -8 -7 -8 -7 -8 -7 -8 -7 -8 -6 -8 -6 -8 -6 -8 -5 -8 -5 -8 -5 -8 -4 -8 -4 -8 -4 -8 -4 -8 -3 -8 -3 -7 -2 -7 -2 -7 -1 -7 0 0 0 0 0 0 0 0 0 0 ]
CSI_DATA,AP,10:B4:1D:CC:60:E0,-27,11,1,7,1,1,1,1,0,0,1,-95,0,6,2,13140735,0,68,0,0,12.8502,384,[0 0 0 0 0 0 0 0 0 0 0 0 0 11 0 11 0 10 1 10 1 10 1 10 1 10 1 10 1 10 1 9 2 9 2 9 2 9 2 9 2 9 2 9 3 9 3 8 3 9 3 9 3 8 4 9 4 8 4 9 4 9 4 9 0 0 4 9 4 9 4 9 4 9 4 9 4 9 3 9 3 9 3 9 3 9 3 9 2 9 2 9 2 8 1 8 1 8 1 8 1 8 0 8 0 7 0 7 -1 7 -1 7 -1 7 -1 6 -2 6 0 0 0 0 0 0 0 0 0 0 ]
CSI_DATA,AP,10:B4:1D:CC:60:E0,-27,11,1,7,1,1,1,1,0,0,1,-95,0,6,2,13230384,0,68,0,0,12.9398,384,[0 0 0 0 0 0 0 0 0 0 0 0 1 -12 1 -12 0 -11 0 -11 0 -11 0 -11 0 -11 -1 -11 -1 -11 -1 -11 -1 -11 -1 -10 -1 -11 -1 -10 -2 -10 -2 -10 -2 -10 -2 -10 -3 -10 -3 -10 -3 -10 -3 -10 -3 -10 -3 -10 -3 -10 -3 -10 0 0 -3 -11 -4 -11 -3 -11 -3 -11 -3 -11 -3 -11 -3 -11 -3 -11 -2 -10 -2 -10 -1 -10 -1 -10 -1 -10 -1 -10 -1 -10 -1 -9 0 -9 0 -9 0 -8 0 -8 1 -8 1 -8 1 -8 2 -7 2 -7 2 -7 0 0 0 0 0 0 0 0 0 0 ]
CSI_DATA,AP,10:B4:1D:CC:60:E0,-27,11,1,7,1,1,1,1,0,0,1,-95,0,6,2,13320525,0,68,0,0,13.0299,384,[0 0 0 0 0 0 0 0 0 0 0 0 -11 -3 -12 -3 -11 -2 -11 -2 -11 -2 -11 -2 -11 -2 -11 -2 -11 -1 -10 -1 -10 0 -10 0 -10 0 -10 0 -11 0 -10 0 -10 1 -10 1 -11 1 -10 1 -10 1 -10 1 -10 2 -10 2 -10 2 -11 2 0 0 -11 2 -10 2 -11 2 -10 2 -11 2 -11 2 -11 1 -11 1 -11 1 -10 1 -10 1 -10 0 -10 0 -10 0 -10 -1 -10 -1 -9 -1 -9 -1 -9 -1 -8 -2 -8 -2 -8 -2 -7 -2 -7 -3 -7 -3 -7 -3 0 0 0 0 0 0 0 0 0 0 ]
CSI_DATA,AP,10:B4:1D:CC:60:E0,-27,11,1,7,1,1,1,1,0,0,1,-95,0,6,2,13410284,0,68,0,0,13.1197,384,[0 0 0 0 0 0 0 0 0 0 0 0 2 -11 2 -11 2 -11 2 -11 2 -11 1 -11 2 -11 1 -11 1 -11 1 -11 1 -11 0 -11 0 -10 0 -10 -1 -10 -1 -10 -1 -10 -1 -10 -2 -10 -2 -10 -2 -10 -2 -10 -2 -10 -2 -11 -2 -11 -2 -11 0 0 -2 -11 -3 -11 -3 -11 -2 -11 -2 -11 -2 -11 -2 -11 -2 -11 -1 -11 -1 -11 -1 -11 -1 -10 0 -10 0 -10 0 -10 0 -9 0 -9 1 -9 1 -9 1 -8 1 -8 1 -8 2 -8 2 -7 2 -7 3 -7 0 0 0 0 0 0 0 0 0 0 ]
CSI_DATA,AP,10:B4:1D:CC:60:E0,-27,11,1,7,1,1,1,1,0,0,1,-95,0,6,2,13500210,0,68,0,0,13.2096,384,[0 0 0 0 0 0 0 0 0 0 0 0 -6 9 -5 9 -5 9 -5 9 -5 9 -5 9 -5 9 -5 9 -4 9 -4 9 -4 9 -4 9 -3 9 -3 9 -3 9 -3 9 -3 9 -2 9 -2 9 -2 10 -2 10 -2 10 -2 10 -1 10 -1 10 -2 10 0 0 -2 10 -2 10 -2 10 -2 10 -2 10 -2 10 -2 10 -3 10 -3 10 -3 9 -3 9 -3 9 -4 9 -4 9 -4 8 -4 8 -4 8 -4 7 -5 7 -5 7 -5 6 -5 6 -5 6 -5 5 -5 5 -6 4 0 0 0 0 0 0 0 0 0 0 ]
CSI_DATA,AP,10:B4:1D:CC:60:E0,-27,11,1,7,1,1,1,1,0,0,1,-95,0,6,2,13590199,0,68,0,0,13.2996,384,[0 0 0 0 0 0 0 0 0 0 0 0 -11 -3 -11 -3 -11 -2 -11 -2 -11 -2 -11 -2 -11 -2 -11 -1 -10 -1 -10 -1 -10 -1 -10 -1 -10 0 -10 0 -10 0 -10 0 -10 0 -10 1 -10 1 -10 1 -10 1 -10 2 -10 2 -10 2 -10 2 -10 2 0 0 -11 2 -11 2 -11 2 -11 2 -11 2 -11 2 -11 1 -11 1 -11 1 -11 1 -10 0 -10 0 -10 0 -10 0 -10 -1 -10 -1 -9 -1 -9 -1 -9 -1 -9 -2 -8 -2 -8 -2 -8 -2 -8 -3 -7 -3 -7 -3 0 0 0 0 0 0 0 0 0 0 ]
CSI_DATA,AP,10:B4:1D:CC:60:E0,-26,11,1,7,1,1,1,1,0,0,1,-95,0,6,2,13680296,0,68,0,0,13.3897,384,[0 0 0 0 0 0 0 0 0 0 0 0 -1 11 -1 11 -1 10 0 10 -1 10 0 10 0 10 0 10 0 10 1 10 1 10 1 9 1 9 2 9 2 9 2 9 2 9 2 9 3 9 3 9 3 9 3 9 3 9 3 9 4 9 4 9 0 0 4 9 4 9 4 9 4 9 4 10 3 10 3 10 3 10 3 9 2 9 2 9 2 10 2 9 2 9 1 9 1 9 1 8 0 8 0 8 0 8 0 8 -1 8 -1 7 -1 7 -2 7 -2 6 0 0 0 0 0 0 0 0 0 0 ]
CSI_DATA,AP,10:B4:1D:CC:60:E0,-28,11,1,7,1,1,1,1,0,0,1,-95,0,6,2,13770277,0,68,0,0,13.4797,384,[0 0 0 0 0 0 0 0 0 0 0 0 -11 3 -11 3 -10 3 -10 3 -10 3 -10 3 -10 3 -10 3 -9 4 -9 4 -9 4 -9 4 -9 4 -9 4 -8 5 -8 5 -8 5 -8 5 -8 5 -8 6 -7 6 -7 6 -7 6 -8 6 -7 6 -7 6 0 0 -8 6 -8 6 -7 6 -8 7 -8 6 -8 6 -8 6 -8 6 -8 6 -8 5 -8 5 -8 5 -8 5 -8 4 -8 4 -8 4 -8 3 -8 3 -8 3 -8 3 -8 2 -8 2 -7 1 -7 1 -7 1 -7 0 0 0 0 0 0 0 0 0 0 0 ]
CSI_DATA,AP,10:B4:1D:CC:60:E0,-28,11,1,7,1,1,1,1,0,0,1,-95,0,6,2,13860330,0,68,0,0,13.5698,384,[0 0 0 0 0 0 0 0 0 0 0 0 -7 8 -7 8 -7 8 -7 8 -7 8 -7 8 -7 7 -6 8 -6 8 -5 8 -5 8 -5 8 -5 8 -5 8 -5 8 -5 8 -5 8 -4 8 -4 8 -4 8 -4 8 -4 8 -3 8 -3 9 -3 9 -3 9 0 0 -4 9 -3 9 -4 9 -4 9 -4 9 -4 9 -4 9 -4 9 -5 8 -4 8 -5 8 -5 8 -5 8 -5 7 -5 7 -5 7 -5 6 -5 6 -5 6 -5 5 -6 5 -6 5 -5 4 -6 4 -6 4 -6 3 0 0 0 0 0 0 0 0 0 0 ]
CSI_DATA,AP,10:B4:1D:CC:60:E0,-28,11,1,7,1,1,1,1,0,0,1,-95,0,6,2,13950332,0,68,0,0,13.6598,384,[0 0 0 0 0 0 0 0 0 0 0 0 1 10 2 10 2 10 2 10 2 10 2 10 2 9 2 9 2 9 2 9 3 9 3 8 3 8 3 8 3 8 3 8 4 8 4 8 4 8 4 8 4 8 4 8 5 7 5 8 5 8 5 8 0 0 5 8 5 8 5 8 5 8 5 8 5 8 5 8 4 9 4 8 4 8 3 9 3 8 3 8 3 8 3 8 2 8 2 8 2 8 1 7 1 7 1 7 0 7 0 7 0 7 -1 6 -1 6 0 0 0 0 0 0 0 0 0 0 ]
CSI_DATA,AP,10:B4:1D:CC:60:E0,-22,11,1,7,1,1,1,1,0,0,1,-95,0,6,2,14040351,0,68,0,0,13.7498,384,[0 0 0 0 0 0 0 0 0 0 0 0 10 3 10 3 10 3 10 3 10 3 10 3 10 3 10 2 10 2 10 2 10 2 9 1 10 1 9 1 10 1 9 0 9 0 9 0 10 0 9 0 9 -1 9 -1 9 -1 10 -1 9 -1 10 -1 0 0 10 -1 10 -1 10 -1 10 -1 10 -1 10 0 10 0 10 0 10 0 9 0 9 0 9 0 9 1 9 1 8 1 8 1 8 1 8 2 7 2 7 2 7 2 6 2 6 2 6 3 6 3 5 3 0 0 0 0 0 0 0 0 0 0 ]
CSI_DATA,AP,10:B4:1D:CC:60:E0,-35,11,1,7,1,1,1,1,0,0,1,-95,0,6,2,14130310,0,68,0,0,13.8397,384,[0 0 0 0 0 0 0 0 0 0 0 0 6 -9 6 -9 5 -9 5 -9 5 -10 5 -10 5 -10 5 -10 4 -10 4 -10 3 -10 3 -10 3 -10 3 -10 3 -11 2 -11 2 -11 2 -11 1 -11 2 -11 1 -12 1 -12 1 -12 0 -12 1 -12 0 -13 0 0 1 -13 1 -13 1 -13 1 -13 1 -13 1 -13 1 -13 2 -13 2 -13 2 -13 2 -13 2 -13 2 -12 3 -12 3 -12 3 -11 3 -11 3 -11 4 -10 4 -10 4 -10 4 -9 4 -9 4 -9 5 -8 5 -8 0 0 0 0 0 0 0 0 0 0 ]
CSI_DATA,AP,10:B4:1D:CC:60:E0,-28,11,1,7,1,1,1,1,0,0,1,-95,0,6,2,14220381,0,68,0,0,13.9298,384,[0 0 0 0 0 0 0 0 0 0 0 0 -5 10 -5 10 -5 10 -5 9 -4 9 -4 9 -4 9 -4 9 -4 9 -4 9 -3 9 -3 9 -3 9 -3 9 -2 9 -2 9 -2 9 -1 9 -1 9 -1 9 -1 9 -1 10 -1 10 0 9 0 9 0 10 0 0 0 10 0 10 0 10 0 10 0 10 -1 10 -1 10 -1 10 -1 9 -2 9 -2 9 -2 9 -2 9 -2 8 -2 8 -3 8 -3 8 -3 8 -3 7 -3 7 -3 7 -4 6 -4 6 -4 6 -4 6 -5 5 0 0 0 0 0 0 0 0 0 0 ]
CSI_DATA,AP,10:B4:1D:CC:60:E0,-29,11,1,7,1,1,1,1,0,0,1,-95,0,6,2,14310208,0,68,0,0,14.0196,384,[0 0 0 0 0 0 0 0 0 0 0 0 -10 -7 -9 -6 -10 -6 -9 -6 -9 -6 -9 -6 -9 -5 -9 -5 -9 -5 -9 -5 -9 -5 -9 -4 -9 -4 -9 -4 -9 -4 -9 -3 -9 -3 -10 -3 -9 -3 -10 -3 -10 -3 -10 -2 -10 -2 -10 -2 -10 -2 -10 -2 0 0 -10 -2 -10 -2 -10 -2 -11 -2 -10 -3 -10 -3 -10 -3 -10 -3 -10 -3 -10 -3 -10 -3 -9 -4 -9 -4 -9 -4 -9 -4 -8 -4 -8 -4 -8 -4 -7 -4 -7 -5 -7 -5 -6 -5 -6 -5 -6 -5 -6 -5 -5 -6 0 0 0 0 0 0 0 0 0 0 ]
CSI_DATA,AP,10:B4:1D:CC:60:E0,-28,11,1,7,1,1,1,1,0,0,1,-95,0,6,2,14400262,0,68,0,0,14.1097,384,[0 0 0 0 0 0 0 0 0 0 0 0 10 -5 10 -5 9 -5 9 -5 9 -5 9 -5 9 -5 9 -6 8 -5 8 -6 8 -6 8 -6 8 -6 7 -6 7 -6 7 -7 7 -7 7 -7 7 -7 7 -7 6 -8 6 -8 6 -8 6 -8 6 -8 6 -9 0 0 7 -9 6 -8 6 -9 7 -9 7 -9 7 -9 7 -8 7 -8 7 -8 7 -7 7 -7 7 -7 7 -7 7 -6 8 -6 7 -6 7 -5 7 -5 7 -5 7 -4 7 -4 7 -4 7 -4 7 -3 7 -3 7 -2 0 0 0 0 0 0 0 0 0 0 ]
CSI_DATA,AP,10:B4:1D:CC:60:E0,-35,11,1,7,1,1,1,1,0,0,1,-95,0,6,2,14490500,0,68,0,0,14.1999,384,[0 0 0 0 0 0 0 0 0 0 0 0 6 -8 7 -7 6 -8 6 -7 6 -7 6 -8 5 -8 5 -7 5 -7 5 -7 4 -7 4 -7 4 -8 4 -8 4 -8 3 -8 3 -8 3 -8 3 -8 3 -8 3 -8 3 -8 3 -8 2 -9 2 -9 2 -8 0 0 2 -9 2 -9 2 -9 3 -9 2 -9 3 -9 3 -9 3 -8 3 -8 3 -8 3 -8 3 -8 4 -8 4 -7 4 -7 4 -7 4 -7 4 -6 4 -6 4 -6 4 -6 4 -5 4 -5 4 -5 4 -4 4 -4 0 0 0 0 0 0 0 0 0 0 ]
CSI_DATA,AP,10:B4:1D:CC:60:E0,-35,11,1,7,1,1,1,1,0,0,1,-95,0,6,2,14580308,0,68,0,0,14.2897,384,[0 0 0 0 0 0 0 0 0 0 0 0 -3 -10 -4 -10 -3 -10 -3 -10 -3 -9 -3 -9 -3 -9 -4 -9 -4 -8 -4 -8 -4 -8 -4 -8 -4 -8 -4 -8 -5 -8 -4 -7 -5 -7 -5 -7 -5 -7 -5 -7 -5 -7 -5 -7 -5 -7 -5 -7 -6 -7 -6 -7 0 0 -5 -7 -6 -7 -6 -7 -5 -7 -5 -7 -5 -7 -5 -7 -5 -7 -5 -7 -5 -7 -4 -7 -4 -7 -4 -7 -4 -7 -4 -7 -3 -7 -3 -7 -3 -6 -3 -6 -3 -6 -2 -6 -2 -6 -2 -6 -1 -6 -1 -6 -1 -6 0 0 0 0 0 0 0 0 0 0 ]
CSI_DATA,AP,10:B4:1D:CC:60:E0,-35,11,1,7,1,1,1,1,0,0,1,-95,0,6,2,14670316,0,68,0,0,14.3797,384,[0 0 0 0 0 0 0 0 0 0 0 0 -7 -8 -7 -8 -7 -8 -7 -8 -7 -7 -7 -7 -7 -7 -7 -7 -7 -7 -7 -6 -7 -6 -7 -6 -7 -6 -7 -6 -7 -6 -7 -5 -7 -5 -7 -5 -7 -5 -7 -5 -7 -5 -7 -4 -7 -4 -8 -4 -8 -4 -8 -4 0 0 -8 -4 -7 -4 -8 -4 -8 -4 -8 -5 -7 -5 -7 -5 -7 -5 -7 -5 -7 -5 -7 -5 -6 -5 -6 -5 -6 -6 -5 -5 -5 -5 -5 -5 -5 -5 -5 -5 -4 -5 -4 -6 -4 -5 -3 -5 -3 -5 -3 -5 -2 -5 0 0 0 0 0 0 0 0 0 0 ]
CSI_DATA,AP,10:B4:1D:CC:60:E0,-36,11,1,7,1,1,1,1,0,0,1,-95,0,6,2,14760396,0,68,0,0,14.4698,384,[0 0 0 0 0 0 0 0 0 0 0 0 -8 6 -8 6 -7 7 -7 7 -7 7 -7 6 -7 6 -6 6 -6 6 -6 6 -6 7 -5 6 -5 6 -5 6 -5 6 -5 7 -4 7 -4 7 -4 7 -4 7 -4 7 -4 7 -4 7 -4 7 -3 7 -4 7 0 0 -4 7 -3 7 -4 7 -4 7 -4 7 -4 7 -4 7 -4 7 -4 7 -4 7 -4 6 -4 6 -5 6 -5 6 -5 5 -5 5 -5 5 -5 5 -5 4 -5 4 -5 4 -5 4 -5 4 -5 3 -5 3 -5 2 0 0 0 0 0 0 0 0 0 0 ]
CSI_DATA,AP,10:B4:1D:CC:60:E0,-36,11,1,7,1,1,1,1,0,0,1,-95,0,6,2,14850356,0,68,0,0,14.5598,384,[0 0 0 0 0 0 0 0 0 0 0 0 3 -10 3 -10 2 -9 2 -9 2 -9 2 -9 2 -9 2 -9 2 -9 1 -9 1 -9 1 -9 1 -9 0 -9 0 -9 0 -8 0 -8 0 -8 0 -8 0 -9 0 -8 0 -8 0 -8 -1 -8 -1 -8 -1 -9 0 0 -1 -9 -1 -9 -1 -9 -1 -9 0 -9 0 -9 0 -9 0 -9 0 -9 1 -8 0 -8 0 -8 1 -8 1 -8 1 -8 1 -7 1 -7 1 -7 2 -7 2 -6 2 -6 2 -6 3 -6 3 -6 3 -5 3 -5 0 0 0 0 0 0 0 0 0 0 ]
CSI_DATA,AP,10:B4:1D:CC:60:E0,-36,11,1,7,1,1,1,1,0,0,1,-95,0,6,2,14940258,0,68,0,0,14.6497,384,[0 0 0 0 0 0 0 0 0 0 0 0 -5 8 -5 8 -5 8 -4 8 -5 8 -4 8 -4 8 -4 8 -4 8 -4 8 -3 7 -3 7 -3 7 -3 7 -2 7 -3 7 -2 7 -2 7 -2 7 -1 8 -1 7 -1 8 -2 7 -1 8 -1 8 -1 8 0 0 -1 8 -1 8 -1 8 -1 8 -2 8 -1 8 -2 8 -2 8 -2 8 -2 8 -2 7 -3 8 -3 7 -3 7 -3 6 -3 6 -3 7 -3 6 -3 6 -4 6 -4 5 -4 5 -4 5 -5 5 -4 4 -5 4 0 0 0 0 0 0 0 0 0 0 ]
CSI_DATA,AP,10:B4:1D:CC:60:E0,-35,11,1,7,1,1,1,1,0,0,1,-95,0,6,2,15031328,0,68,0,0,14.7407,384,[0 0 0 0 0 0 0 0 0 0 0 0 -2 9 -2 9 -1 9 -1 9 -1 8 -1 8 -1 8 -1 8 -1 8 0 8 0 8 0 8 0 8 0 7 0 7 0 7 1 7 1 7 1 7 1 7 1 7 1 7 1 7 2 7 2 7 2 7 0 0 1 7 2 7 2 8 2 8 2 8 1 8 1 8 1 8 1 8 0 8 1 7 0 8 0 7 0 7 0 7 0 7 -1 7 -1 6 -1 6 -1 6 -2 6 -2 6 -2 6 -2 6 -2 5 -3 5 0 0 0 0 0 0 0 0 0 0 ]
CSI_DATA,AP,10:B4:1D:CC:60:E0,-35,11,1,7,1,1,1,1,0,0,1,-95,0,6,2,15120469,0,68,0,0,14.8299,384,[0 0 0 0 0 0 0 0 0 0 0 0 7 -7 7 -7 7 -7 6 -6 6 -6 6 -7 6 -7 6 -7 6 -6 6 -7 5 -6 5 -7 5 -7 4 -7 4 -7 4 -7 4 -7 4 -7 4 -7 4 -7 4 -7 4 -7 4 -7 3 -8 3 -8 3 -8 0 0 4 -8 3 -8 4 -8 4 -8 4 -8 4 -8 4 -7 4 -7 4 -7 5 -7 5 -6 5 -7 5 -6 5 -6 5 -6 5 -5 5 -5 5 -5 5 -5 5 -4 5 -4 5 -4 5 -4 5 -3 5 -3 5 -2 0 0 0 0 0 0 0 0 0 0 ]
CSI_DATA,AP,10:B4:1D:CC:60:E0,-35,11,1,7,1,1,1,1,0,0,1,-95,0,6,2,15210372,0,68,0,0,14.9198,384,[0 0 0 0 0 0 0 0 0 0 0 0 -10 2 -10 3 -9 3 -10 3 -9 3 -9 3 -9 3 -9 3 -9 3 -8 3 -9 3 -8 3 -8 3 -8 3 -8 4 -7 4 -7 4 -7 4 -7 4 -7 4 -7 4 -7 5 -7 4 -7 5 -7 5 -7 5 0 0 -7 5 -7 5 -7 5 -7 5 -7 5 -8 5 -7 4 -8 4 -8 4 -8 3 -7 4 -7 3 -7 3 -8 3 -7 3 -7 2 -7 2 -7 2 -7 1 -7 1 -7 1 -7 1 -7 1 -7 0 -7 0 -6 -1 0 0 0 0 0 0 0 0 0 0 ]
CSI_DATA,AP,10:B4:1D:CC:60:E0,-35,11,1,7,1,1,1,1,0,0,1,-95,0,6,2,15300364,0,68,0,0,15.0098,384,[0 0 0 0 0 0 0 0 0 0 0 0 -4 -10 -4 -10 -4 -10 -4 -9 -4 -9 -4 -9 -4 -9 -4 -9 -4 -9 -4 -8 -4 -8 -4 -8 -4 -8 -5 -8 -5 -8 -5 -7 -5 -7 -5 -7 -6 -7 -5 -7 -6 -7 -6 -7 -6 -7 -6 -7 -6 -7 -6 -7 0 0 -6 -7 -6 -7 -6 -7 -6 -7 -6 -7 -6 -7 -6 -8 -5 -7 -5 -7 -5 -7 -5 -7 -5 -7 -4 -7 -4 -7 -4 -7 -4 -7 -3 -7 -3 -7 -3 -7 -3 -7 -2 -7 -2 -6 -2 -7 -2 -7 -1 -6 -1 -6 0 0 0 0 0 0 0 0 0 0 ]
CSI_DATA,AP,10:B4:1D:CC:60:E0,-34,11,1,7,1,1,1,1,0,0,1,-95,0,6,2,15390266,0,68,0,0,15.0997,384,[0 0 0 0 0 0 0 0 0 0 0 0 -1 10 -1 10 0 9 0 9 0 9 0 9 0 9 0 9 0 8 1 8 1 8 1 8 1 8 1 8 1 8 1 7 2 8 2 7 2 8 2 8 2 7 2 7 3 7 3 7 3 7 3 7 0 0 3 8 3 7 3 8 3 7 2 8 2 8 2 8 2 8 2 8 2 7 2 7 1 7 1 7 1 7 1 6 0 7 0 6 0 6 0 6 0 6 -1 6 -1 6 -1 6 -1 6 -2 5 -2 5 0 0 0 0 0 0 0 0 0 0 ]
CSI_DATA,AP,10:B4:1D:CC:60:E0,-32,11,1,7,1,1,1,1,0,0,1,-96,0,6,2,15480272,0,68,0,0,15.1897,384,[0 0 0 0 0 0 0 0 0 0 0 0 -10 3 -10 3 -10 3 -10 3 -10 3 -10 3 -9 4 -9 3 -9 4 -9 4 -8 4 -8 4 -8 4 -8 4 -8 4 -8 4 -7 4 -7 5 -7 5 -7 5 -7 5 -7 5 -7 5 -7 5 -7 5 -7 5 0 0 -7 5 -7 5 -7 5 -7 5 -7 5 -7 5 -7 5 -8 4 -8 4 -7 4 -7 4 -7 4 -7 4 -7 3 -7 3 -7 2 -7 2 -7 2 -7 2 -7 1 -7 1 -7 1 -6 1 -6 1 -6 0 -6 0 0 0 0 0 0 0 0 0 0 0 ]
CSI_DATA,AP,10:B4:1D:CC:60:E0,-29,11,1,7,1,1,1,1,0,0,1,-96,0,6,2,15570488,0,68,0,0,15.2799,384,[0 0 0 0 0 0 0 0 0 0 0 0 -2 -11 -1 -11 -2 -11 -2 -11 -2 -10 -2 -10 -2 -10 -2 -10 -2 -10 -3 -10 -3 -10 -3 -10 -3 -10 -4 -9 -4 -9 -4 -9 -4 -9 -4 -9 -5 -9 -4 -9 -5 -9 -5 -9 -5 -9 -5 -9 -5 -9 -5 -9 0 0 -5 -9 -5 -9 -5 -9 -5 -9 -5 -10 -5 -10 -5 -10 -4 -10 -4 -10 -4 -9 -4 -9 -4 -9 -3 -9 -3 -9 -3 -9 -2 -9 -2 -9 -2 -8 -1 -8 -1 -8 -1 -8 0 -8 0 -8 0 -8 0 -7 1 -7 0 0 0 0 0 0 0 0 0 0 ]
CSI_DATA,AP,10:B4:1D:CC:60:E0,-28,11,1,7,1,1,1,1,0,0,1,-96,0,6,2,15660213,0,68,0,0,15.3696,384,[0 0 0 0 0 0 0 0 0 0 0 0 6 -10 6 -9 6 -9 6 -9 6 -9 5 -9 5 -9 5 -9 5 -9 4 -9 4 -9 4 -9 4 -10 3 -10 3 -10 3 -10 3 -10 2 -10 2 -10 2 -10 2 -10 2 -10 2 -10 1 -11 1 -11 1 -10 0 0 1 -11 1 -11 1 -11 1 -11 1 -11 2 -11 2 -11 2 -11 2 -11 2 -11 2 -10 3 -10 3 -10 3 -10 3 -9 3 -9 3 -9 4 -9 4 -8 4 -8 4 -8 4 -7 4 -7 4 -7 5 -6 5 -6 0 0 0 0 0 0 0 0 0 0 ]
CSI_DATA,AP,10:B4:1D:CC:60:E0,-25,11,1,7,1,1,1,1,0,0,1,-95,0,6,2,15750231,0,68,0,0,15.4597,384,[0 0 0 0 0 0 0 0 0 0 0 0 -4 -12 -4 -12 -4 -11 -4 -11 -4 -11 -4 -11 -4 -10 -4 -10 -4 -10 -5 -10 -5 -10 -5 -10 -5 -10 -5 -9 -5 -9 -5 -9 -5 -9 -6 -9 -6 -9 -6 -9 -6 -9 -6 -9 -6 -9 -7 -9 -7 -9 -7 -9 0 0 -7 -9 -7 -9 -7 -9 -7 -9 -6 -9 -6 -10 -6 -10 -6 -10 -6 -10 -5 -9 -5 -9 -5 -10 -4 -10 -4 -10 -4 -9 -4 -9 -3 -9 -3 -9 -3 -9 -2 -8 -2 -8 -2 -8 -1 -8 -1 -8 -1 -8 0 -8 0 0 0 0 0 0 0 0 0 0 ]
CSI_DATA,AP,10:B4:1D:CC:60:E0,-27,11,1,7,1,1,1,1,0,0,1,-95,0,6,2,15843476,0,68,0,0,15.5529,384,[0 0 0 0 0 0 0 0 0 0 0 0 -3 -12 -3 -11 -3 -11 -3 -11 -4 -11 -4 -11 -4 -10 -4 -10 -4 -10 -4 -10 -4 -10 -4 -9 -5 -9 -5 -9 -5 -9 -5 -9 -5 -9 -5 -9 -6 -9 -6 -9 -6 -9 -6 -9 -6 -8 -7 -8 -7 -9 -7 -8 0 0 -7 -9 -7 -9 -7 -9 -7 -9 -6 -9 -6 -9 -6 -9 -6 -9 -5 -9 -5 -9 -5 -9 -5 -9 -5 -9 -4 -9 -4 -9 -4 -9 -3 -9 -3 -8 -3 -8 -2 -8 -2 -8 -2 -8 -2 -8 -1 -8 -1 -8 0 -7 0 0 0 0 0 0 0 0 0 0 ]
CSI_DATA,AP,10:B4:1D:CC:60:E0,-27,11,1,7,1,1,1,1,0,0,1,-95,0,6,2,15930348,0,68,0,0,15.6398,384,[0 0 0 0 0 0 0 0 0 0 0 0 9 -6 9 -7 9 -6 8 -6 8 -6 8 -7 8 -6 8 -7 7 -6 7 -7 7 -7 6 -7 6 -7 6 -8 6 -8 6 -7 6 -8 5 -8 5 -8 5 -8 5 -8 5 -8 5 -9 5 -9 5 -9 5 -9 0 0 5 -9 5 -9 5 -9 5 -9 5 -9 6 -9 6 -8 6 -8 6 -8 6 -8 6 -8 6 -8 6 -8 6 -7 6 -6 6 -6 6 -6 6 -6 6 -5 6 -4 6 -5 6 -4 6 -4 6 -4 6 -3 6 -3 0 0 0 0 0 0 0 0 0 0 ]
CSI_DATA,AP,10:B4:1D:CC:60:E0,-27,11,1,7,1,1,1,1,0,0,1,-95,0,6,2,16020259,0,68,0,0,15.7297,384,[0 0 0 0 0 0 0 0 0 0 0 0 11 3 10 2 10 2 10 2 10 2 10 2 10 2 10 2 10 1 10 1 10 1 9 1 10 0 10 0 9 0 10 0 9 -1 10 -1 9 -1 9 -1 10 -1 10 -1 10 -2 10 -2 10 -2 10 -2 0 0 10 -2 10 -2 10 -2 10 -2 10 -2 10 -1 10 -1 10 -1 10 -1 10 -1 10 -1 10 0 9 0 9 0 9 0 9 1 8 1 8 1 8 1 8 2 7 2 7 2 7 2 7 3 6 3 6 3 0 0 0 0 0 0 0 0 0 0 ]
CSI_DATA,AP,10:B4:1D:CC:60:E0,-27,11,1,7,1,1,1,1,0,0,1,-95,0,6,2,16110500,0,68,0,0,15.8199,384,[0 0 0 0 0 0 0 0 0 0 0 0 5 -10 4 -11 4 -10 4 -11 4 -10 4 -10 4 -10 3 -10 3 -10 3 -10 3 -10 3 -10 2 -10 2 -10 2 -10 2 -10 2 -10 1 -10 1 -11 1 -11 1 -10 0 -11 0 -11 0 -11 0 -11 0 -11 0 0 0 -11 0 -11 0 -11 0 -11 1 -11 1 -11 1 -11 1 -11 2 -11 2 -10 2 -10 2 -10 2 -10 2 -10 3 -9 3 -9 3 -9 3 -8 3 -8 3 -8 3 -7 4 -7 3 -7 4 -7 4 -6 4 -6 0 0 0 0 0 0 0 0 0 0 ]
CSI_DATA,AP,10:B4:1D:CC:60:E0,-26,11,1,7,1,1,1,1,0,0,1,-95,0,6,2,16200386,0,68,0,0,15.9098,384,[0 0 0 0 0 0 0 0 0 0 0 0 11 -1 11 -1 11 -1 11 -1 10 -1 10 -1 10 -1 10 -1 10 -2 10 -2 10 -2 9 -2 9 -3 9 -3 9 -3 9 -3 9 -3 9 -4 9 -4 9 -4 9 -4 9 -4 9 -4 9 -5 9 -5 9 -5 0 0 9 -5 9 -5 9 -5 9 -5 9 -5 9 -4 9 -4 9 -4 9 -4 9 -3 9 -3 9 -3 9 -3 9 -2 9 -2 8 -2 8 -2 8 -1 8 -1 7 -1 7 -1 7 0 7 0 7 0 6 0 6 1 0 0 0 0 0 0 0 0 0 0 ]
CSI_DATA,AP,10:B4:1D:CC:60:E0,-27,11,1,7,1,1,1,1,0,0,1,-95,0,6,2,16290379,0,68,0,0,15.9998,384,[0 0 0 0 0 0 0 0 0 0 0 0 4 -11 5 -11 4 -11 4 -10 4 -10 4 -10 4 -10 3 -10 3 -10 3 -10 2 -10 2 -10 2 -10 2 -10 1 -10 1 -10 1 -10 1 -10 0 -10 0 -11 0 -11 0 -10 0 -11 0 -11 0 -11 0 -11 0 0 0 -11 0 -11 0 -11 0 -11 0 -11 0 -11 0 -11 0 -11 1 -11 1 -11 1 -10 1 -10 1 -10 1 -10 2 -9 2 -9 2 -9 2 -9 2 -8 2 -8 3 -8 3 -7 3 -7 3 -7 3 -6 4 -6 0 0 0 0 0 0 0 0 0 0 ]
CSI_DATA,AP,10:B4:1D:CC:60:E0,-27,11,1,7,1,1,1,1,0,0,1,-95,0,6,2,16380233,0,68,0,0,16.0896,384,[0 0 0 0 0 0 0 0 0 0 0 0 11 2 11 2 11 2 10 2 10 2 10 2 10 2 10 1 10 1 10 1 10 0 10 0 10 0 9 0 10 0 10 -1 10 -1 10 -1 10 -1 10 -1 10 -1 10 -2 10 -2 10 -2 10 -2 10 -2 0 0 10 -2 10 -2 10 -2 10 -2 10 -2 10 -2 10 -1 10 -1 10 -1 10 -1 10 0 10 0 9 0 9 0 9 1 9 1 8 1 8 1 8 1 8 2 7 2 7 2 7 2 6 2 6 3 6 3 0 0 0 0 0 0 0 0 0 0 ]
CSI_DATA,AP,10:B4:1D:CC:60:E0,-27,11,1,7,1,1,1,1,0,0,1,-95,0,6,2,16470290,0,68,0,0,16.1797,384,[0 0 0 0 0 0 0 0 0 0 0 0 -11 3 -11 4 -11 4 -10 4 -10 4 -10 4 -10 4 -10 4 -9 4 -9 4 -9 5 -9 5 -9 5 -8 5 -8 5 -8 6 -8 6 -8 6 -8 6 -8 6 -7 6 -8 6 -7 7 -7 7 -7 7 -7 7 0 0 -8 7 -7 7 -8 7 -8 7 -8 7 -8 7 -8 7 -8 7 -8 6 -8 6 -8 6 -8 5 -8 5 -8 5 -8 5 -8 4 -8 4 -8 4 -8 3 -7 3 -8 3 -7 2 -7 2 -7 2 -7 1 -7 1 0 0 0 0 0 0 0 0 0 0 ]
CSI_DATA,AP,10:B4:1D:CC:60:E0,-26,11,1,7,1,1,1,1,0,0,1,-95,0,6,2,16560220,0,68,0,0,16.2696,384,[0 0 0 0 0 0 0 0 0 0 0 0 -9 7 -9 7 -8 7 -8 7 -8 7 -8 7 -8 7 -7 7 -7 7 -7 7 -7 7 -7 7 -7 7 -6 7 -6 8 -6 8 -6 8 -5 8 -5 8 -5 8 -5 8 -5 8 -5 8 -5 9 -5 9 -5 9 0 0 -5 9 -5 9 -5 9 -5 9 -5 9 -5 9 -5 9 -5 8 -6 8 -6 8 -6 7 -6 7 -6 7 -6 7 -6 6 -6 6 -6 6 -6 5 -6 5 -6 5 -6 4 -6 4 -6 4 -6 3 -7 3 -6 2 0 0 0 0 0 0 0 0 0 0 ]
CSI_DATA,AP,10:B4:1D:CC:60:E0,-26,11,1,7,1,1,1,1,0,0,1,-95,0,6,2,16650314,0,68,0,0,16.3597,384,[0 0 0 0 0 0 0 0 0 0 0 0 -3 -12 -3 -11 -3 -12 -3 -11 -3 -11 -3 -11 -3 -11 -3 -10 -4 -10 -4 -10 -4 -10 -4 -10 -4 -10 -5 -10 -5 -9 -5 -9 -5 -9 -5 -9 -6 -9 -6 -9 -6 -9 -6 -9 -6 -9 -6 -9 -7 -9 -7 -8 0 0 -7 -9 -7 -9 -7 -9 -7 -9 -6 -9 -7 -9 -7 -9 -6 -9 -6 -9 -6 -10 -5 -9 -5 -9 -5 -9 -4 -9 -4 -9 -4 -9 -4 -9 -3 -8 -3 -8 -3 -8 -3 -8 -2 -8 -2 -8 -1 -8 -1 -8 -1 -7 0 0 0 0 0 0 0 0 0 0 ]
CSI_DATA,AP,10:B4:1D:CC:60:E0,-26,11,1,7,1,1,1,1,0,0,1,-95,0,6,2,16740491,0,68,0,0,16.4499,384,[0 0 0 0 0 0 0 0 0 0 0 0 -2 -12 -2 -11 -2 -12 -2 -11 -2 -11 -2 -11 -2 -11 -2 -11 -3 -11 -3 -11 -3 -10 -3 -10 -3 -10 -4 -10 -4 -10 -4 -9 -4 -9 -4 -9 -5 -9 -5 -9 -5 -9 -5 -9 -5 -9 -6 -9 -6 -9 -5 -9 0 0 -5 -9 -6 -9 -6 -9 -6 -9 -6 -10 -5 -10 -5 -10 -5 -10 -5 -10 -4 -10 -4 -9 -4 -10 -4 -9 -3 -9 -3 -9 -3 -9 -3 -9 -2 -8 -2 -8 -2 -8 -2 -8 -1 -8 -1 -8 -1 -8 0 -7 0 -7 0 0 0 0 0 0 0 0 0 0 ]
CSI_DATA,AP,10:B4:1D:CC:60:E0,-26,11,1,7,1,1,1,1,0,0,1,-95,0,6,2,16830346,0,68,0,0,16.5398,384,[0 0 0 0 0 0 0 0 0 0 0 0 10 1 10 1 10 1 10 1 10 1 10 1 10 1 10 1 10 0 10 0 10 0 9 0 9 0 9 -1 9 -1 9 -1 9 -1 9 -2 9 -2 9 -2 9 -2 9 -2 9 -2 9 -3 9 -3 9 -3 0 0 10 -2 9 -2 9 -2 10 -2 10 -2 10 -2 10 -2 10 -1 10 -1 9 -1 9 -1 9 -1 9 0 9 0 8 0 8 0 8 1 8 1 8 1 7 1 7 2 7 2 7 2 6 2 6 2 6 3 0 0 0 0 0 0 0 0 0 0 ]
CSI_DATA,AP,10:B4:1D:CC:60:E0,-26,11,1,7,1,1,1,1,0,0,1,-95,0,6,2,16920267,0,68,0,0,16.6297,384,[0 0 0 0 0 0 0 0 0 0 0 0 7 8 7 8 7 8 7 8 7 7 6 7 7 7 6 7 7 7 7 6 7 6 7 6 7 6 7 5 7 5 8 5 8 5 8 4 8 4 8 4 8 4 8 4 9 4 9 4 9 4 9 4 0 0 9 4 9 4 9 4 9 4 9 4 9 4 9 4 9 4 8 4 8 5 8 4 8 5 7 5 7 5 7 5 7 5 6 5 6 5 6 5 5 5 5 5 5 5 4 5 4 5 4 5 3 5 0 0 0 0 0 0 0 0 0 0 ]
CSI_DATA,AP,10:B4:1D:CC:60:E0,-27,11,1,7,1,1,1,1,0,0,1,-95,0,6,2,17010319,0,68,0,0,16.7197,384,[0 0 0 0 0 0 0 0 0 0 0 0 5 -11 4 -11 4 -11 4 -11 4 -11 4 -11 3 -11 3 -10 3 -10 3 -11 2 -11 2 -10 2 -11 1 -10 1 -10 1 -10 1 -11 1 -10 0 -11 0 -11 0 -11 0 -11 0 -11 -1 -11 -1 -11 0 -11 0 0 0 -11 -1 -11 -1 -11 0 -11 0 -12 0 -12 0 -11 1 -11 1 -11 1 -11 1 -11 1 -10 1 -10 2 -10 1 -10 2 -9 2 -9 2 -9 2 -9 2 -8 3 -8 3 -8 3 -8 3 -7 3 -7 4 -6 0 0 0 0 0 0 0 0 0 0 ]
CSI_DATA,AP,10:B4:1D:CC:60:E0,-27,11,1,7,1,1,1,1,0,0,1,-95,0,6,2,17100500,0,68,0,0,16.8099,384,[0 0 0 0 0 0 0 0 0 0 0 0 7 -10 6 -10 6 -10 6 -10 6 -10 6 -9 5 -10 5 -10 5 -9 5 -10 5 -10 4 -10 4 -10 4 -10 4 -10 3 -10 3 -10 3 -10 3 -10 3 -10 2 -10 2 -10 2 -10 2 -11 2 -11 2 -11 0 0 2 -11 2 -11 2 -11 3 -11 3 -11 3 -11 3 -11 3 -11 3 -10 4 -10 3 -10 4 -10 4 -10 4 -9 4 -9 4 -8 4 -8 4 -8 4 -8 5 -7 5 -7 5 -7 5 -6 5 -6 5 -6 5 -5 0 0 0 0 0 0 0 0 0 0 ]
CSI_DATA,AP,10:B4:1D:CC:60:E0,-28,11,1,7,1,1,1,1,0,0,1,-95,0,6,2,17190393,0,68,0,0,16.8998,384,[0 0 0 0 0 0 0 0 0 0 0 0 8 7 8 7 8 7 8 7 8 6 8 6 8 6 8 6 8 5 8 5 8 5 8 5 8 4 8 4 9 4 9 4 9 4 9 3 9 3 9 3 9 3 9 3 9 2 10 2 10 2 10 2 0 0 10 3 10 2 10 3 10 2 10 3 10 3 10 3 9 3 9 3 9 4 9 4 8 4 8 4 8 4 8 4 7 4 7 4 7 4 6 4 6 4 6 4 5 5 5 5 5 5 5 5 4 5 0 0 0 0 0 0 0 0 0 0 ]
CSI_DATA,AP,10:B4:1D:CC:60:E0,-27,11,1,7,1,1,1,1,0,0,1,-95,0,6,2,17280188,0,68,0,0,16.9896,384,[0 0 0 0 0 0 0 0 0 0 0 0 4 -11 4 -11 4 -11 3 -11 3 -11 3 -11 3 -11 3 -10 3 -10 2 -10 2 -10 2 -10 1 -10 1 -10 1 -10 1 -10 1 -10 0 -10 0 -10 0 -10 0 -10 0 -10 0 -10 -1 -11 -1 -11 -1 -11 0 0 0 -11 -1 -11 -1 -11 0 -11 0 -11 0 -11 0 -11 0 -11 1 -11 1 -11 1 -10 1 -10 1 -10 2 -10 2 -9 2 -9 2 -9 2 -8 2 -8 3 -8 3 -7 3 -7 3 -7 3 -7 3 -6 4 -6 0 0 0 0 0 0 0 0 0 0 ]
CSI_DATA,AP,10:B4:1D:CC:60:E0,-27,11,1,7,1,1,1,1,0,0,1,-95,0,6,2,17370333,0,68,0,0,17.0798,384,[0 0 0 0 0 0 0 0 0 0 0 0 -3 11 -3 11 -2 11 -2 11 -2 10 -2 10 -2 10 -2 10 -2 10 -1 10 -1 10 -1 10 0 10 0 10 0 10 0 9 1 9 1 9 1 10 1 10 1 9 2 9 2 9 2 9 2 10 2 9 0 0 2 10 2 10 2 10 2 10 2 10 1 10 1 10 1 10 1 10 0 10 1 9 0 9 0 9 0 9 -1 9 -1 8 -1 8 -1 8 -1 7 -2 7 -2 7 -2 7 -2 7 -3 7 -3 6 -3 6 0 0 0 0 0 0 0 0 0 0 ]
CSI_DATA,AP,10:B4:1D:CC:60:E0,-26,11,1,7,1,1,1,1,0,0,1,-95,0,6,2,17460208,0,68,0,0,17.1696,384,[0 0 0 0 0 0 0 0 0 0 0 0 8 -9 7 -9 7 -9 7 -8 7 -9 7 -8 6 -9 6 -9 6 -9 6 -9 6 -9 5 -9 5 -9 5 -9 5 -9 4 -9 4 -9 4 -9 3 -10 3 -10 3 -10 3 -10 3 -10 3 -10 3 -10 3 -10 0 0 3 -10 3 -11 3 -11 3 -11 3 -10 4 -11 4 -11 4 -10 4 -10 4 -10 4 -9 4 -9 5 -9 5 -9 4 -8 5 -8 5 -8 5 -7 5 -7 5 -7 5 -6 5 -6 5 -6 5 -5 5 -5 5 -4 0 0 0 0 0 0 0 0 0 0 ]
CSI_DATA,AP,10:B4:1D:CC:60:E0,-27,11,1,7,1,1,1,1,0,0,1,-95,0,6,2,17550237,0,68,0,0,17.2597,384,[0 0 0 0 0 0 0 0 0 0 0 0 10 -4 10 -4 10 -4 10 -4 9 -5 9 -5 9 -5 9 -5 9 -5 8 -5 8 -5 8 -5 8 -6 8 -6 8 -6 8 -6 7 -6 7 -6 7 -6 7 -7 7 -7 7 -7 7 -7 7 -7 7 -7 7 -7 0 0 7 -8 7 -8 7 -7 7 -8 7 -7 7 -7 8 -7 7 -7 7 -7 8 -6 8 -6 7 -6 8 -6 7 -5 7 -5 7 -5 7 -4 7 -4 7 -4 7 -4 7 -3 7 -3 7 -3 6 -2 7 -2 6 -1 0 0 0 0 0 0 0 0 0 0 ]
CSI_DATA,AP,10:B4:1D:CC:60:E0,-26,11,1,7,1,1,1,1,0,0,1,-95,0,6,2,17640295,0,68,0,0,17.3497,384,[0 0 0 0 0 0 0 0 0 0 0 0 6 -9 6 -9 6 -9 6 -9 6 -9 5 -9 5 -9 5 -9 5 -9 5 -9 4 -9 4 -9 4 -9 3 -9 3 -9 3 -9 3 -9 3 -9 2 -10 2 -10 2 -10 2 -10 2 -10 2 -10 1 -10 2 -10 0 0 2 -10 2 -10 2 -10 2 -11 2 -10 2 -10 2 -10 2 -10 3 -10 3 -10 3 -9 3 -9 3 -9 3 -9 3 -8 4 -8 3 -8 4 -8 4 -7 4 -7 4 -7 4 -6 4 -6 4 -6 4 -6 4 -5 0 0 0 0 0 0 0 0 0 0 ]
CSI_DATA,AP,10:B4:1D:CC:60:E0,-25,11,1,7,1,1,1,1,0,0,1,-95,0,6,2,17730250,0,68,0,0,17.4397,384,[0 0 0 0 0 0 0 0 0 0 0 0 -1 11 -1 11 -1 11 -1 11 0 11 -1 10 0 10 0 10 0 10 0 10 0 10 1 10 1 10 1 10 1 9 2 9 2 9 2 9 2 9 2 9 2 9 3 9 3 9 3 9 3 9 3 9 0 0 3 9 3 10 3 9 3 10 3 10 2 10 2 10 2 10 2 9 1 10 1 9 1 9 1 9 0 9 0 8 0 8 0 8 0 8 -1 7 -1 7 -1 7 -2 7 -2 7 -2 7 -2 6 -3 6 0 0 0 0 0 0 0 0 0 0 ]
CSI_DATA,AP,10:B4:1D:CC:60:E0,-24,11,1,7,1,1,1,1,0,0,1,-95,0,6,2,17820338,0,68,0,0,17.5298,384,[0 0 0 0 0 0 0 0 0 0 0 0 1 11 1 11 1 11 1 10 1 10 1 10 1 10 1 10 2 10 2 10 2 9 2 9 3 9 3 9 3 9 3 9 3 8 3 8 4 9 4 8 4 8 4 9 4 8 5 8 5 8 5 8 0 0 4 8 5 9 5 9 5 9 5 9 4 9 4 9 4 9 3 9 3 9 3 9 3 9 2 9 2 8 2 8 2 8 1 8 1 8 1 7 0 7 0 7 0 7 0 7 0 7 -1 6 -1 6 0 0 0 0 0 0 0 0 0 0 ]
CSI_DATA,AP,10:B4:1D:CC:60:E0,-24,11,1,7,1,1,1,1,0,0,1,-95,0,6,2,17910685,0,68,0,0,17.6201,384,[0 0 0 0 0 0 0 0 0 0 0 0 10 4 10 4 10 4 10 4 10 4 10 3 10 3 10 3 10 3 10 3 10 2 9 2 9 2 10 2 9 2 10 1 9 1 10 1 9 1 10 0 10 0 10 0 10 0 10 0 10 0 10 0 0 0 10 0 10 0 10 0 10 0 10 0 10 0 10 1 10 1 10 1 10 1 9 2 9 2 9 2 8 2 8 2 8 2 8 3 7 2 7 3 7 3 6 3 6 3 6 4 5 3 5 4 4 4 0 0 0 0 0 0 0 0 0 0 ]
CSI_DATA,AP,10:B4:1D:CC:60:E0,-24,11,1,7,1,1,1,1,0,0,1,-95,0,6,2,18000207,0,68,0,0,17.7096,384,[0 0 0 0 0 0 0 0 0 0 0 0 3 10 3 10 4 10 4 10 3 10 4 10 3 9 3 9 3 9 4 9 4 8 4 8 5 8 5 8 5 8 5 8 5 8 5 7 5 8 5 8 5 7 6 8 6 7 6 7 6 7 6 7 0 0 6 8 6 8 6 8 6 7 6 8 6 8 5 8 5 8 5 8 5 8 5 8 4 8 4 8 4 8 3 8 3 7 3 7 2 7 2 7 1 7 1 7 1 7 1 7 0 7 0 6 0 6 0 0 0 0 0 0 0 0 0 0 ]
CSI_DATA,AP,10:B4:1D:CC:60:E0,-24,11,1,7,1,1,1,1,0,0,1,-95,0,6,2,18090407,0,68,0,0,17.7998,384,[0 0 0 0 0 0 0 0 0 0 0 0 -7 -10 -7 -10 -7 -10 -7 -10 -7 -10 -7 -9 -7 -9 -7 -9 -7 -9 -7 -8 -7 -8 -7 -8 -7 -8 -8 -8 -8 -8 -8 -7 -8 -7 -8 -7 -8 -7 -8 -7 -9 -7 -9 -7 -9 -7 -9 -7 -9 -7 -9 -6 0 0 -9 -7 -9 -7 -9 -7 -9 -7 -9 -7 -9 -7 -9 -7 -8 -7 -8 -7 -8 -7 -8 -7 -7 -8 -7 -8 -7 -8 -6 -7 -6 -7 -6 -7 -5 -7 -5 -7 -5 -7 -5 -7 -4 -7 -4 -7 -3 -7 -3 -7 -3 -7 0 0 0 0 0 0 0 0 0 0 ]

